1.741563478202469331e-04
2.062037876541812620e-04
3.242310967787028560e-04
3.478834888570036545e-04
4.915401839383439940e-04
4.951601923192671968e-04
5.993353309218473184e-04
7.025609292518228107e-04
7.456178420257502997e-04
7.810570178430189863e-04
8.765322898596525185e-04
9.557172963453679747e-04
1.052781362474560162e-03
1.105756961522158608e-03
1.194137108238888618e-03
1.275175631917001067e-03
1.304204043993604329e-03
1.599062725381972423e-03
1.639319770125594999e-03
1.808809974984352566e-03
1.818354130497907726e-03
1.818856694279425389e-03
1.949410735992583663e-03
2.052506023133516752e-03
2.064515156034207530e-03
2.275129020607074073e-03
2.318017804609124894e-03
2.410946996470617141e-03
2.559527267456835568e-03
2.636909332071775240e-03
2.712778693373352548e-03
2.783903542746603635e-03
3.033339206449510612e-03
3.121472399793998823e-03
3.229225628492915327e-03
3.254680051174935196e-03
3.584458486158514055e-03
3.694818394271811701e-03
3.722372831884942709e-03
3.735536084512364793e-03
3.905178015335986422e-03
3.906358561807348438e-03
4.004182169027919493e-03
4.157016690266204795e-03
4.493457854331500689e-03
4.495762904350266050e-03
4.527903293423936847e-03
4.532754423597843384e-03
4.649343297674086994e-03
5.001493794521945715e-03
5.004438098380664668e-03
5.015396540365508506e-03
5.163180363944571381e-03
5.168032405385533656e-03
5.297700695520024192e-03
5.298624264681526738e-03
5.363281396123096255e-03
5.446255906662196382e-03
5.470141583106894780e-03
5.547224752127387186e-03
5.660061484099552197e-03
5.828915624553051254e-03
5.885224638492385363e-03
5.943937119292557435e-03
5.994316974130449449e-03
6.057056344052158189e-03
6.247470607422826207e-03
6.312719151183897488e-03
6.428789969938666568e-03
6.515793647766942275e-03
6.561194339409525018e-03
6.698983841549249058e-03
6.703191617181448146e-03
6.770763891935938257e-03
6.814781280187144109e-03
6.817141006229284969e-03
6.864189724343081750e-03
6.864920560522188610e-03
6.871282115841817299e-03
6.900060385111482161e-03
6.900394820121122721e-03
6.959709648445472352e-03
6.966676740723973249e-03
7.023612706398001115e-03
7.031452792516382916e-03
7.083898945404305120e-03
7.155475783237452009e-03
7.182481182449196484e-03
7.564414164862699221e-03
7.647227836766371835e-03
1.395875413937364834e-02
1.396062633754069707e-02
1.400693465117129957e-02
1.400716337920241555e-02
1.422208662568425278e-02
1.422345717133684240e-02
1.426511574481296486e-02
1.426626849763911083e-02
1.462278487495342894e-02
1.462284820801383785e-02
1.467939688518896287e-02
1.468036647333680403e-02
1.476254818153697329e-02
1.476438392902177342e-02
1.485406126439306300e-02
1.485554936349590786e-02
1.494348891259094508e-02
1.494396732779547203e-02
