1.453858243205604240e-04
2.215431460119103428e-04
3.527177605903698246e-04
3.532968708046118635e-04
4.982935840921567158e-04
5.859971150196266292e-04
5.918410706513095240e-04
6.583043333983521839e-04
6.722913714446175680e-04
7.469305222202674965e-04
8.949444407310311539e-04
9.281291418511560150e-04
1.019462249463639692e-03
1.119994598008890478e-03
1.163124412147317332e-03
1.309176828319519098e-03
1.343904760199390565e-03
1.559173832529071792e-03
1.650334710667925378e-03
1.803645824576626368e-03
2.014705754373523599e-03
2.067628499931859973e-03
2.102193315008664149e-03
2.143988578543224062e-03
2.158191586881818592e-03
2.284826268986078421e-03
2.343474505458785842e-03
2.440573199736115369e-03
2.535224230700377623e-03
2.793951173308733063e-03
2.802358523169625696e-03
2.916546208552669387e-03
3.146186873626350116e-03
3.164297395102112428e-03
3.352019319955113104e-03
3.423980256852466458e-03
3.615515834335841002e-03
3.724642798122042645e-03
3.797881331432247879e-03
3.821991179572782702e-03
3.930753636536487086e-03
3.932699191701564782e-03
4.028846067538649142e-03
4.099437825683998650e-03
4.507626234521958097e-03
4.515945191478395147e-03
4.618771654837736801e-03
4.626225819357799793e-03
4.839034470635626695e-03
5.001382164307555805e-03
5.001540269141813502e-03
5.022941831591195595e-03
5.209798052740765607e-03
5.210096492701684137e-03
5.304086399416643380e-03
5.304101890956599598e-03
5.322978788026662064e-03
5.460522248061198958e-03
5.528734687922699266e-03
5.580130149894772795e-03
5.831493143421634037e-03
5.872223591400974399e-03
5.900466035641567866e-03
6.049462300038961800e-03
6.084141934764851836e-03
6.209622497142379925e-03
6.425384109315960927e-03
6.468128913123124928e-03
6.588567434878464003e-03
6.657749918521334645e-03
6.720143006961670426e-03
6.721946404465974079e-03
6.848525954913330972e-03
6.861358873232865051e-03
6.870823292878998692e-03
6.897803632246697798e-03
6.897815478718428463e-03
6.915824849550947923e-03
6.932398063502829069e-03
6.932434058551551100e-03
6.973792369532642692e-03
7.034596208226892057e-03
7.057551936640695141e-03
7.074516995426760428e-03
7.081259460375898332e-03
7.136794352950953310e-03
7.302554741748510866e-03
7.308949558315691770e-03
7.659627447600663580e-03
7.790014727442529444e-03
1.401888318481275125e-02
1.401938210352604401e-02
1.405080578105997839e-02
1.405498576304696316e-02
1.430248316172124355e-02
1.430250229832942359e-02
1.433535165317285226e-02
1.433539174892332728e-02
1.461138948041511634e-02
1.461139449238392507e-02
1.467246897739387865e-02
1.467258015197474112e-02
1.478377705887919807e-02
1.478495031521410812e-02
1.487354187588788706e-02
1.487384396091703115e-02
1.495293966323123572e-02
1.495317887083350006e-02
