9.211419403664306005e-02 -3.266555082401348287e+00
9.218769265429201110e-02 -3.256430794738134793e+00
9.226119127194096214e-02 -3.246308249130606782e+00
9.233468988958991319e-02 -3.236187539036857075e+00
9.240818850723886424e-02 -3.226068757898374884e+00
9.248168712488781529e-02 -3.215951999138459527e+00
9.255518574253676634e-02 -3.205837356161879370e+00
9.262868436018571738e-02 -3.195724922354045816e+00
9.270218297783466843e-02 -3.185614791079643737e+00
9.277568159548361948e-02 -3.175507055682222912e+00
9.284918021313257053e-02 -3.165401809483443074e+00
9.292267883078152158e-02 -3.155299145781537362e+00
9.299617744843047262e-02 -3.145199157851376270e+00
9.306967606607942367e-02 -3.135101938942774780e+00
9.314317468372837472e-02 -3.125007582279963003e+00
9.321667330137731189e-02 -3.114916181061103018e+00
9.329017191902626294e-02 -3.104827828456611982e+00
9.336367053667521398e-02 -3.094742617609112401e+00
9.343716915432416503e-02 -3.084660641632007483e+00
9.351066777197311608e-02 -3.074581993608825670e+00
9.358416638962206713e-02 -3.064506766592558051e+00
9.365766500727101818e-02 -3.054435053604393602e+00
9.373116362491996922e-02 -3.044366947633097453e+00
9.380466224256892027e-02 -3.034302541634321670e+00
9.387816086021787132e-02 -3.024241928529319168e+00
9.395165947786682237e-02 -3.014185201204254483e+00
9.402515809551577342e-02 -3.004132452509798767e+00
9.409865671316472446e-02 -2.994083775259396063e+00
9.417215533081367551e-02 -2.984039262229259748e+00
9.424565394846262656e-02 -2.973999006156956781e+00
9.431915256611157761e-02 -2.963963099740643869e+00
9.439265118376052865e-02 -2.953931635638571862e+00
9.446614980140947970e-02 -2.943904706467787236e+00
9.453964841905843075e-02 -2.933882404803338062e+00
9.461314703670738180e-02 -2.923864823177765970e+00
9.468664565435633285e-02 -2.913852054079860920e+00
9.476014427200528389e-02 -2.903844189953932897e+00
9.483364288965423494e-02 -2.893841323199085380e+00
9.490714150730318599e-02 -2.883843546168064265e+00
9.498064012495213704e-02 -2.873850951166755152e+00
9.505413874260108809e-02 -2.863863630453153064e+00
9.512763736025003913e-02 -2.853881676236321496e+00
9.520113597789897630e-02 -2.843905180675939448e+00
9.527463459554792735e-02 -2.833934235881169883e+00
9.534813321319687840e-02 -2.823968933909700496e+00
9.542163183084582945e-02 -2.814009366767281861e+00
9.549513044849478050e-02 -2.804055626406508850e+00
9.556862906614373154e-02 -2.794107804726131405e+00
9.564212768379268259e-02 -2.784165993570120179e+00
9.571562630144163364e-02 -2.774230284726954210e+00
9.578912491909058469e-02 -2.764300769928512480e+00
9.586262353673953573e-02 -2.754377540849510808e+00
9.593612215438848678e-02 -2.744460689106361428e+00
9.600962077203743783e-02 -2.734550306256586794e+00
9.608311938968638888e-02 -2.724646483797718233e+00
9.615661800733533993e-02 -2.714749313166539224e+00
9.623011662498429097e-02 -2.704858885738332219e+00
9.630361524263324202e-02 -2.694975292825816382e+00
9.637711386028219307e-02 -2.685098625678326911e+00
9.645061247793114412e-02 -2.675228975481184435e+00
9.652411109558009517e-02 -2.665366433354460440e+00
9.659760971322904621e-02 -2.655511090352392856e+00
9.667110833087799726e-02 -2.645663037462462341e+00
9.674460694852694831e-02 -2.635822365604276740e+00
9.681810556617589936e-02 -2.625989165629084354e+00
9.689160418382485040e-02 -2.616163528318717013e+00
9.696510280147380145e-02 -2.606345544384602420e+00
9.703860141912275250e-02 -2.596535304466879523e+00
9.711210003677170355e-02 -2.586732899133956209e+00
9.718559865442064072e-02 -2.576938418880905246e+00
9.725909727206960564e-02 -2.567151954129156977e+00
9.733259588971854281e-02 -2.557373595225291396e+00
9.740609450736749386e-02 -2.547603432440320503e+00
9.747959312501644491e-02 -2.537841555968538998e+00
9.755309174266539596e-02 -2.528088055926740907e+00
9.762659036031434701e-02 -2.518343022353443317e+00
9.770008897796329805e-02 -2.508606545207678451e+00
9.777358759561224910e-02 -2.498878714368174769e+00
9.784708621326120015e-02 -2.489159619632431486e+00
9.792058483091015120e-02 -2.479449350715858813e+00
9.799408344855910225e-02 -2.469747997250365756e+00
9.806758206620805329e-02 -2.460055648783903592e+00
9.814108068385700434e-02 -2.450372394779282814e+00
9.821457930150595539e-02 -2.440698324612828429e+00
9.828807791915490644e-02 -2.431033527573834618e+00
9.836157653680385748e-02 -2.421378092863367470e+00
9.843507515445280853e-02 -2.411732109592808371e+00
9.850857377210175958e-02 -2.402095666783358396e+00
9.858207238975071063e-02 -2.392468853364430714e+00
9.865557100739966168e-02 -2.382851758172849443e+00
9.872906962504861272e-02 -2.373244469951346858e+00
9.880256824269756377e-02 -2.363647077347597047e+00
9.887606686034651482e-02 -2.354059668912871217e+00
9.894956547799546587e-02 -2.344482333100762261e+00
9.902306409564441692e-02 -2.334915158265728152e+00
9.909656271329336796e-02 -2.325358232662084745e+00
9.917006133094230513e-02 -2.315811644442097972e+00
9.924355994859127006e-02 -2.306275481654827431e+00
9.931705856624020723e-02 -2.296749832244577405e+00
9.939055718388915828e-02 -2.287234784048919778e+00
9.946405580153810932e-02 -2.277730424797583808e+00
9.953755441918706037e-02 -2.268236842110342266e+00
9.961105303683601142e-02 -2.258754123495108956e+00
9.968455165448496247e-02 -2.249282356346128608e+00
9.975805027213391352e-02 -2.239821627941950055e+00
9.983154888978286456e-02 -2.230372025443275064e+00
9.990504750743181561e-02 -2.220933635890606439e+00
9.997854612508076666e-02 -2.211506546201821521e+00
1.000520447427297177e-01 -2.202090843169711931e+00
1.001255433603786688e-01 -2.192686613459361666e+00
1.001990419780276198e-01 -2.183293943604784459e+00
1.002725405956765709e-01 -2.173912920006539906e+00
1.003460392133255219e-01 -2.164543628927996011e+00
1.004195378309744729e-01 -2.155186156491712524e+00
1.004930364486234240e-01 -2.145840588676330540e+00
1.005665350662723750e-01 -2.136507011311996607e+00
1.006400336839213261e-01 -2.127185510075968011e+00
1.007135323015702771e-01 -2.117876170488784737e+00
1.007870309192192282e-01 -2.108579077908331101e+00
1.008605295368681792e-01 -2.099294317525343345e+00
1.009340281545171303e-01 -2.090021974357279433e+00
1.010075267721660813e-01 -2.080762133241957912e+00
1.010810253898150324e-01 -2.071514878831566264e+00
1.011545240074639695e-01 -2.062280295584907108e+00
1.012280226251129345e-01 -2.053058467759958816e+00
1.013015212427618716e-01 -2.043849479405427161e+00
1.013750198604108366e-01 -2.034653414351682343e+00
1.014485184780597737e-01 -2.025470356201317657e+00
1.015220170957087248e-01 -2.016300388318487791e+00
1.015955157133576758e-01 -2.007143593816929084e+00
1.016690143310066269e-01 -1.998000055548752485e+00
1.017425129486555779e-01 -1.988869856090335730e+00
1.018160115663045290e-01 -1.979753077727744781e+00
1.018895101839534800e-01 -1.970649802441784004e+00
1.019630088016024311e-01 -1.961560111890428004e+00
1.020365074192513821e-01 -1.952484087390686796e+00
1.021100060369003332e-01 -1.943421809898694619e+00
1.021835046545492842e-01 -1.934373359988050822e+00
1.022570032721982353e-01 -1.925338817826515836e+00
1.023305018898471863e-01 -1.916318263150481371e+00
1.024040005074961374e-01 -1.907311775237362284e+00
1.024774991251450884e-01 -1.898319432876098389e+00
1.025509977427940395e-01 -1.889341314334350486e+00
1.026244963604429905e-01 -1.880377497323340918e+00
1.026979949780919416e-01 -1.871428058960193042e+00
1.027714935957408926e-01 -1.862493075725891956e+00
1.028449922133898436e-01 -1.853572623420594923e+00
1.029184908310387947e-01 -1.844666777115369527e+00
1.029919894486877457e-01 -1.835775611098201310e+00
1.030654880663366968e-01 -1.826899198817709902e+00
1.031389866839856478e-01 -1.818037612820431193e+00
1.032124853016345989e-01 -1.809190924682631874e+00
1.032859839192835361e-01 -1.800359204938038360e+00
1.033594825369325010e-01 -1.791542522997003672e+00
1.034329811545814382e-01 -1.782740947061251191e+00
1.035064797722303892e-01 -1.773954544029365366e+00
1.035799783898793403e-01 -1.765183379394770213e+00
1.036534770075282913e-01 -1.756427517136287975e+00
1.037269756251772423e-01 -1.747687019597680802e+00
1.038004742428261934e-01 -1.738961947357232418e+00
1.038739728604751444e-01 -1.730252359087787184e+00
1.039474714781240955e-01 -1.721558311402947794e+00
1.040209700957730465e-01 -1.712879858691065849e+00
1.040944687134219976e-01 -1.704217052935662835e+00
1.041679673310709486e-01 -1.695569943519615208e+00
1.042414659487198997e-01 -1.686938577013521012e+00
1.043149645663688507e-01 -1.678322996946059575e+00
1.043884631840178018e-01 -1.669723243554575021e+00
1.044619618016667528e-01 -1.661139353515377337e+00
1.045354604193157039e-01 -1.652571359650208294e+00
1.046089590369646549e-01 -1.644019290609277206e+00
1.046824576546136060e-01 -1.635483170526992325e+00
1.047559562722625570e-01 -1.626963018648551085e+00
1.048294548899115081e-01 -1.618458848926078275e+00
1.049029535075604591e-01 -1.609970669580434333e+00
1.049764521252094102e-01 -1.601498482626316999e+00
1.050499507428583612e-01 -1.593042283358471423e+00
1.051234493605073123e-01 -1.584602059794608664e+00
1.051969479781562633e-01 -1.576177792071911554e+00
1.052704465958052005e-01 -1.567769451794577051e+00
1.053439452134541654e-01 -1.559377001326305745e+00
1.054174438311031026e-01 -1.551000393024605017e+00
1.054909424487520536e-01 -1.542639568413196827e+00
1.055644410664010047e-01 -1.534294457284577362e+00
1.056379396840499557e-01 -1.525964976730971756e+00
1.057114383016989068e-01 -1.517651030094949505e+00
1.057849369193478578e-01 -1.509352505834574032e+00
1.058584355369968089e-01 -1.501069276297123167e+00
1.059319341546457599e-01 -1.492801196392754548e+00
1.060054327722947110e-01 -1.484548102160772487e+00
1.060789313899436620e-01 -1.476309809221426406e+00
1.061524300075926130e-01 -1.468086111102611113e+00
1.062259286252415641e-01 -1.459876777432228323e+00
1.062994272428905151e-01 -1.451681551987753949e+00
1.063729258605394662e-01 -1.443500150589247966e+00
1.064464244781884172e-01 -1.435332258826235829e+00
1.065199230958373683e-01 -1.427177529605351936e+00
1.065934217134863193e-01 -1.419035580504306893e+00
1.066669203311352704e-01 -1.410905990919523845e+00
1.067404189487842214e-01 -1.402788298990472526e+00
1.068139175664331725e-01 -1.394681998285840052e+00
1.068874161840821235e-01 -1.386586534232787216e+00
1.069609148017310746e-01 -1.378501300271175012e+00
1.070344134193800256e-01 -1.370425633713406199e+00
1.071079120370289767e-01 -1.362358811287947447e+00
1.071814106546779277e-01 -1.354300044344206810e+00
1.072549092723268649e-01 -1.346248473695649039e+00
1.073284078899758298e-01 -1.338203164074318607e+00
1.074019065076247670e-01 -1.330163098171073699e+00
1.074754051252737319e-01 -1.322127170232146653e+00
1.075489037429226691e-01 -1.314094179181768851e+00
1.076224023605716201e-01 -1.306062821238413107e+00
1.076959009782205712e-01 -1.298031681991407282e+00
1.077693995958695222e-01 -1.289999227900270995e+00
1.078428982135184733e-01 -1.281963797180168285e+00
1.079163968311674243e-01 -1.273923590032058684e+00
1.079898954488163754e-01 -1.265876658175010050e+00
1.080633940664653264e-01 -1.257820893636413473e+00
1.081368926841142775e-01 -1.249754016752021357e+00
1.082103913017632285e-01 -1.241673563325768725e+00
1.082838899194121796e-01 -1.233576870897930888e+00
1.083573885370611306e-01 -1.225461064065076044e+00
1.084308871547100817e-01 -1.217323038794450696e+00
1.085043857723590327e-01 -1.209159445672856492e+00
1.085778843900079838e-01 -1.200966672024129878e+00
1.086513830076569348e-01 -1.192740822830536729e+00
1.087248816253058858e-01 -1.184477700387770227e+00
1.087983802429548369e-01 -1.176172782619151036e+00
1.088718788606037879e-01 -1.167821199975410451e+00
1.089453774782527390e-01 -1.159417710838091864e+00
1.090188760959016900e-01 -1.150956675346272107e+00
1.090923747135506411e-01 -1.142432027558609064e+00
1.091658733311995921e-01 -1.133837245862682863e+00
1.092393719488485293e-01 -1.125165321539085994e+00
1.093128705664974942e-01 -1.116408725383060130e+00
1.093863691841464314e-01 -1.107559372286090138e+00
1.094598678017953963e-01 -1.098608583673616579e+00
1.095333664194443335e-01 -1.089547047693951498e+00
1.096068650370932984e-01 -1.080364777048615110e+00
1.096803636547422356e-01 -1.071051064353554239e+00
1.097538622723911866e-01 -1.061594434914830742e+00
1.098273608900401377e-01 -1.051982596801749992e+00
1.099008595076890887e-01 -1.042202388097695831e+00
1.099743581253380398e-01 -1.032239721204369687e+00
1.100478567429869908e-01 -1.022079524075977019e+00
1.101213553606359419e-01 -1.011705678255548690e+00
1.101948539782848929e-01 -1.001100953584121100e+00
1.102683525959338440e-01 -9.902469394541988379e-01
1.103418512135827950e-01 -9.791239724747882178e-01
1.104153498312317461e-01 -9.677110604166010432e-01
1.104888484488806971e-01 -9.559858023062126620e-01
1.105623470665296482e-01 -9.439243045358054474e-01
1.106358456841785992e-01 -9.315010928583404848e-01
1.107093443018275503e-01 -9.186890201387143406e-01
1.107828429194765013e-01 -9.054591697313654208e-01
1.108563415371254524e-01 -8.917807543604467924e-01
1.109298401547744034e-01 -8.776210103795634154e-01
1.110033387724233545e-01 -8.629450872927648675e-01
1.110768373900723055e-01 -8.477159324237533156e-01
1.111503360077212565e-01 -8.318941706237801270e-01
1.112238346253701937e-01 -8.154379789193662020e-01
1.112973332430191586e-01 -7.983029560026082549e-01
1.113708318606680958e-01 -7.804419864801168671e-01
1.114443304783170607e-01 -7.618050998037695365e-01
1.115178290959659979e-01 -7.423393238172550923e-01
1.115913277136149628e-01 -7.219885328636550526e-01
1.116648263312639000e-01 -7.006932904130387385e-01
1.117383249489128511e-01 -6.783906861825848011e-01
1.118118235665618021e-01 -6.550141677368692683e-01
1.118853221842107531e-01 -6.304933665716916380e-01
1.119588208018597042e-01 -6.047539187064145949e-01
1.120323194195086552e-01 -5.777172798231440254e-01
1.121058180371576063e-01 -5.493005350173980617e-01
1.121793166548065573e-01 -5.194162032441482779e-01
1.122528152724555084e-01 -4.879720365679141025e-01
1.123263138901044594e-01 -4.548708143490500788e-01
1.123998125077534105e-01 -4.200101325276364150e-01
1.124733111254023615e-01 -3.832821881926591345e-01
1.125468097430513126e-01 -3.445735596539343248e-01
1.126203083607002636e-01 -3.037649822651395937e-01
1.126938069783492147e-01 -2.607311202815232321e-01
1.127673055959981657e-01 -2.153403350651821313e-01
1.128408042136471168e-01 -1.674544499899326411e-01
1.129143028312960678e-01 -1.169285124341570281e-01
1.129878014489450189e-01 -6.361055328654074970e-02
1.130613000665939699e-01 -7.341344429605101141e-03
1.131347986842429210e-01 5.204584529181488506e-02
1.132082973018918720e-01 1.147254950709282184e-01
1.132817959195408231e-01 1.808800775178980302e-01
1.133552945371897602e-01 2.507003037839581339e-01
1.134287931548387252e-01 3.243853677519261680e-01
1.135022917724876623e-01 4.021431885710349263e-01
1.135757903901366273e-01 4.841906507695021844e-01
1.136492890077855644e-01 5.707538411279173829e-01
1.137227876254345293e-01 6.620682814560012730e-01
1.137962862430834665e-01 7.583791563673329961e-01
1.138697848607324176e-01 8.599415350997041685e-01
1.139432834783813686e-01 9.670205863859564488e-01
1.140167820960303197e-01 1.079891785334616827e+00
1.140902807136792707e-01 1.198841111236593093e+00
1.141637793313282218e-01 1.324165235169719068e+00
1.142372779489771728e-01 1.456171696236392421e+00
1.143107765666261239e-01 1.595179065225956094e+00
1.143842751842750749e-01 1.741517094458330916e+00
1.144577738019240259e-01 1.895526852529467732e+00
1.145312724195729770e-01 2.057560842648811672e+00
1.146047710372219280e-01 2.227983103226097938e+00
1.146782696548708791e-01 2.407169289340767904e+00
1.147517682725198301e-01 2.595506733703686564e+00
1.148252668901687812e-01 2.793394485702563657e+00
1.148987655078177322e-01 3.001243327104376135e+00
1.149722641254666833e-01 3.219475762982039413e+00
1.150457627431156343e-01 3.448525986424048284e+00
1.151192613607645854e-01 3.688839815584184834e+00
1.151927599784135364e-01 3.940874601635922403e+00
1.152662585960624875e-01 4.205099106204379211e+00
1.153397572137114246e-01 4.481993346866300243e+00
1.154132558313603896e-01 4.772048409328451868e+00
1.154867544490093267e-01 5.075766224927711789e+00
1.155602530666582917e-01 5.393659312130914429e+00
1.156337516843072288e-01 5.726250480751250649e+00
1.157072503019561938e-01 6.074072497655336633e+00
1.157807489196051309e-01 6.437667712785586360e+00
1.158542475372540820e-01 6.817587644393270807e+00
1.159277461549030330e-01 7.214392522445587375e+00
1.160012447725519841e-01 7.628650789254287190e+00
1.160747433902009351e-01 8.060938556460708782e+00
1.161482420078498862e-01 8.511839017605609570e+00
1.162217406254988372e-01 8.981941815622299430e+00
1.162952392431477883e-01 9.471842364699146088e+00
1.163687378607967393e-01 9.982141126076825799e+00
1.164422364784456904e-01 1.051344283747905806e+01
1.165157350960946414e-01 1.106635569600405056e+01
1.165892337137435925e-01 1.164149049445128803e+01
1.166627323313925435e-01 1.223945971120418008e+01
1.167362309490414946e-01 1.286087655394996787e+01
1.168097295666904456e-01 1.350635395767665159e+01
1.168832281843393966e-01 1.417650353755772663e+01
1.169567268019883477e-01 1.487193449751088714e+01
1.170302254196372987e-01 1.559325249539522140e+01
1.171037240372862498e-01 1.634105846599456413e+01
1.171772226549352008e-01 1.711594740312610341e+01
1.172507212725841519e-01 1.791850710240277778e+01
1.173242198902330891e-01 1.874931686637113870e+01
1.173977185078820540e-01 1.960894617394735917e+01
1.174712171255309912e-01 2.049795331626311423e+01
1.175447157431799561e-01 2.141688400124564140e+01
1.176182143608288933e-01 2.236626992943198999e+01
1.176917129784778582e-01 2.334662734374047943e+01
1.177652115961267953e-01 2.435845555608944579e+01
1.178387102137757464e-01 2.540223545396919391e+01
1.179122088314246974e-01 2.647842799023935001e+01
1.179857074490736485e-01 2.758747265962065498e+01
1.180592060667225995e-01 2.872978596552036379e+01
1.181327046843715506e-01 2.990575988099661231e+01
1.182062033020205016e-01 3.111576030783571412e+01
1.182797019196694527e-01 3.236012553786352441e+01
1.183532005373184037e-01 3.363916472075372610e+01
1.184266991549673548e-01 3.495315634273153194e+01
1.185001977726163058e-01 3.630234672068752388e+01
1.185736963902652569e-01 3.768694851632417198e+01
1.186471950079142079e-01 3.910713927504917820e+01
1.187206936255631590e-01 4.056305999441174492e+01
1.187941922432121100e-01 4.205481372693769515e+01
1.188676908608610611e-01 4.358246422226591221e+01
1.189411894785100121e-01 4.514603461352133706e+01
1.190146880961589632e-01 4.674550615287032684e+01
1.190881867138079142e-01 4.838081700119546014e+01
1.191616853314568653e-01 5.005186107680820129e+01
1.192351839491058163e-01 5.175848696806771443e+01
1.193086825667547674e-01 5.350049691471222246e+01
1.193821811844037184e-01 5.527764586262809132e+01
1.194556798020526556e-01 5.708964059667349034e+01
1.195291784197016205e-01 5.893613895605324871e+01
1.196026770373505577e-01 6.081674913658685711e+01
1.196761756549995226e-01 6.273102908407119571e+01
1.197496742726484598e-01 6.467848598271174865e+01
1.198231728902974247e-01 6.665857584244211864e+01
1.198966715079463619e-01 6.867070318867439482e+01
1.199701701255953129e-01 7.071422085782963052e+01
1.200436687432442640e-01 7.278842990168624283e+01
1.201171673608932150e-01 7.489257960334262521e+01
1.201906659785421660e-01 7.702586760726774173e+01
1.202641645961911171e-01 7.918744016561279864e+01
1.203376632138400681e-01 8.137639250261599955e+01
1.204111618314890192e-01 8.359176929859910388e+01
1.204846604491379702e-01 8.583256529469196039e+01
1.205581590667869213e-01 8.809772601904946043e+01
1.206316576844358723e-01 9.038614863495224938e+01
1.207051563020848234e-01 9.269668291078903621e+01
1.207786549197337744e-01 9.502813231152244100e+01
1.208521535373827255e-01 9.737925521083764124e+01
1.209256521550316765e-01 9.974876622276647709e+01
1.209991507726806276e-01 1.021353376511698627e+02
1.210726493903295786e-01 1.045376010550453998e+02
1.211461480079785297e-01 1.069541489272222776e+02
1.212196466256274807e-01 1.093835364835932609e+02
1.212931452432764318e-01 1.118242835596263092e+02
1.213666438609253828e-01 1.142748766105070075e+02
1.214401424785743200e-01 1.167337708108617989e+02
1.215136410962232849e-01 1.191993922496412637e+02
1.215871397138722221e-01 1.216701402153538254e+02
1.216606383315211870e-01 1.241443895665157839e+02
1.217341369491701242e-01 1.266204931817905219e+02
1.218076355668190891e-01 1.290967844840209864e+02
1.218811341844680263e-01 1.315715800319904361e+02
1.219546328021169773e-01 1.340431821735178914e+02
1.220281314197659284e-01 1.365098817531656721e+02
1.221016300374148794e-01 1.389699608676395997e+02
1.221751286550638305e-01 1.414216956617096912e+02
1.222486272727127815e-01 1.438633591572918249e+02
1.223221258903617326e-01 1.462932241081560392e+02
1.223956245080106836e-01 1.487095658725826581e+02
1.224691231256596347e-01 1.511106652961700547e+02
1.225426217433085857e-01 1.534948115969037872e+02
1.226161203609575368e-01 1.558603052445425590e+02
1.226896189786064878e-01 1.582054608263432272e+02
1.227631175962554388e-01 1.605286098911421959e+02
1.228366162139043899e-01 1.628281037638453768e+02
1.229101148315533409e-01 1.651023163224348878e+02
1.229836134492022920e-01 1.673496467296903916e+02
1.230571120668512430e-01 1.695685221119404105e+02
1.231306106845001941e-01 1.717574001773106716e+02
1.232041093021491451e-01 1.739147717661128354e+02
1.232776079197980962e-01 1.760391633262198638e+02
1.233511065374470472e-01 1.781291393065125135e+02
1.234246051550959844e-01 1.801833044617386577e+02
1.234981037727449493e-01 1.822003060624152795e+02
1.235716023903938865e-01 1.841788360037039638e+02
1.236451010080428514e-01 1.861176328075486879e+02
1.237185996256917886e-01 1.880154835126812429e+02
1.237920982433407535e-01 1.898712254475206294e+02
1.238655968609896907e-01 1.916837478813428959e+02
1.239390954786386556e-01 1.934519935495520144e+02
1.240125940962875928e-01 1.951749600492686625e+02
1.240860927139365577e-01 1.968517011019349638e+02
1.241595913315854949e-01 1.984813276800438757e+02
1.242330899492344459e-01 2.000630089956075039e+02
1.243065885668833970e-01 2.015959733484067442e+02
1.243800871845323480e-01 2.030795088325749589e+02
1.244535858021812991e-01 2.045129639005256479e+02
1.245270844198302501e-01 2.058957477837243744e+02
1.246005830374792012e-01 2.072273307702853060e+02
1.246740816551281522e-01 2.085072443398506721e+02
1.247475802727771033e-01 2.097350811566838900e+02
1.248210788904260543e-01 2.109104949223776657e+02
1.248945775080750054e-01 2.120332000900370986e+02
1.249680761257239564e-01 2.131029714422454902e+02
1.250415747433729075e-01 2.141196435355598737e+02
1.251150733610218446e-01 2.150831100147061932e+02
1.251885719786708095e-01 2.159933228000531926e+02
1.252620705963197467e-01 2.168502911523299304e+02
1.253355692139687116e-01 2.176540806189353532e+02
1.254090678316176488e-01 2.184048118665246250e+02
1.254825664492666137e-01 2.191026594049073424e+02
1.255560650669155509e-01 2.197478502075798303e+02
1.256295636845645158e-01 2.203406622345207779e+02
1.257030623022134530e-01 2.208814228631183596e+02
1.257765609198624179e-01 2.213705072333506223e+02
1.258500595375113551e-01 2.218083365135339591e+02
1.259235581551603200e-01 2.221953760931485249e+02
1.259970567728092572e-01 2.225321337093944578e+02
1.260705553904582221e-01 2.228191575142678289e+02
1.261440540081071593e-01 2.230570340890359944e+02
1.262175526257561242e-01 2.232463864130721163e+02
1.262910512434050614e-01 2.233878717940439742e+02
1.263645498610539986e-01 2.234821797664737346e+02
1.264380484787029635e-01 2.235300299656710763e+02
1.265115470963519284e-01 2.235321699840026497e+02
1.265850457140008656e-01 2.234893732163992013e+02
1.266585443316498027e-01 2.234024367019077317e+02
1.267320429492987677e-01 2.232721789679818869e+02
1.268055415669477326e-01 2.230994378840642582e+02
1.268790401845966698e-01 2.228850685308502761e+02
1.269525388022456069e-01 2.226299410914392354e+02
1.270260374198945719e-01 2.223349387703719344e+02
1.270995360375435368e-01 2.220009557463284864e+02
1.271730346551924740e-01 2.216288951640156029e+02
1.272465332728414111e-01 2.212196671705110305e+02
1.273200318904903761e-01 2.207741870010576690e+02
1.273935305081393132e-01 2.202933731190071853e+02
1.274670291257882782e-01 2.197781454143067492e+02
1.275405277434372153e-01 2.192294234646149107e+02
1.276140263610861803e-01 2.186481248627972320e+02
1.276875249787351174e-01 2.180351636142297309e+02
1.277610235963840823e-01 2.173914486069905649e+02
1.278345222140330195e-01 2.167178821576829648e+02
1.279080208316819844e-01 2.160153586352766979e+02
1.279815194493309216e-01 2.152847631650164999e+02
1.280550180669798865e-01 2.145269704140833369e+02
1.281285166846288237e-01 2.137428434603593530e+02
1.282020153022777886e-01 2.129332327452869720e+02
1.282755139199267258e-01 2.120989751114873059e+02
1.283490125375756907e-01 2.112408929254481222e+02
1.284225111552246279e-01 2.103597932852822510e+02
1.284960097728735651e-01 2.094564673132151711e+02
1.285695083905225300e-01 2.085316895321677748e+02
1.286430070081714949e-01 2.075862173254855350e+02
1.287165056258204321e-01 2.066207904785793517e+02
1.287900042434693693e-01 2.056361308009662707e+02
1.288635028611183342e-01 2.046329418269347968e+02
1.289370014787672991e-01 2.036119085928083905e+02
1.290105000964162363e-01 2.025736974885424786e+02
1.290839987140651735e-01 2.015189561811757812e+02
1.291574973317141384e-01 2.004483136074534002e+02
1.292309959493631033e-01 1.993623800327495701e+02
1.293044945670120405e-01 1.982617471732467607e+02
1.293779931846609776e-01 1.971469883781817316e+02
1.294514918023099426e-01 1.960186588688321194e+02
1.295249904199588797e-01 1.948772960307992719e+02
1.295984890376078447e-01 1.937234197560389646e+02
1.296719876552567818e-01 1.925575328310274017e+02
1.297454862729057468e-01 1.913801213673619657e+02
1.298189848905546839e-01 1.901916552710765131e+02
1.298924835082036489e-01 1.889925887468942562e+02
1.299659821258525860e-01 1.877833608336585201e+02
1.300394807435015510e-01 1.865643959671584184e+02
1.301129793611504881e-01 1.853361045666104019e+02
1.301864779787994530e-01 1.840988836410722627e+02
1.302599765964483902e-01 1.828531174121369531e+02
1.303334752140973274e-01 1.815991779492968305e+02
1.304069738317462923e-01 1.803374258144688440e+02
1.304804724493952572e-01 1.790682107122473781e+02
1.305539710670441944e-01 1.777918721425581339e+02
1.306274696846931316e-01 1.765087400525060275e+02
1.307009683023420965e-01 1.752191354843297404e+02
1.307744669199910614e-01 1.739233712165143402e+02
1.308479655376399986e-01 1.726217523952464887e+02
1.309214641552889358e-01 1.713145771535610038e+02
1.309949627729379007e-01 1.700021372156773509e+02
1.310684613905868656e-01 1.686847184841890055e+02
1.311419600082358028e-01 1.673626016079340673e+02
1.312154586258847400e-01 1.660360625285546234e+02
1.312889572435337049e-01 1.647053730039237678e+02
1.313624558611826421e-01 1.633708011067995756e+02
1.314359544788316070e-01 1.620326116972340742e+02
1.315094530964805442e-01 1.606910668674678959e+02
1.315829517141295091e-01 1.593464263581904845e+02
1.316564503317784462e-01 1.579989479452556225e+02
1.317299489494274112e-01 1.566488877960869388e+02
1.318034475670763483e-01 1.552965007952152519e+02
1.318769461847253133e-01 1.539420408385224164e+02
1.319504448023742504e-01 1.525857610959748456e+02
1.320239434200232154e-01 1.512279142427470049e+02
1.320974420376721525e-01 1.498687526588337846e+02
1.321709406553211175e-01 1.485085285973663076e+02
1.322444392729700546e-01 1.471474943220166267e+02
1.323179378906190196e-01 1.457859022139917613e+02
1.323914365082679567e-01 1.444240048492713129e+02
1.324649351259168939e-01 1.430620550468388785e+02
1.325384337435658588e-01 1.417003058887975726e+02
1.326119323612148238e-01 1.403390107133523941e+02
1.326854309788637609e-01 1.389784230817386117e+02
1.327589295965126981e-01 1.376187967202736218e+02
1.328324282141616630e-01 1.362603854387880062e+02
1.329059268318106279e-01 1.349034430267613800e+02
1.329794254494595651e-01 1.335482231285487273e+02
1.330529240671085023e-01 1.321949790991466784e+02
1.331264226847574672e-01 1.308439638419882556e+02
1.331999213024064321e-01 1.294954296302962859e+02
1.332734199200553693e-01 1.281496279135411669e+02
1.333469185377043065e-01 1.268068091105906205e+02
1.334204171553532714e-01 1.254672223911319833e+02
1.334939157730022086e-01 1.241311154469619851e+02
1.335674143906511735e-01 1.227987342547237830e+02
1.336409130083001107e-01 1.214703228316814290e+02
1.337144116259490756e-01 1.201461229860703810e+02
1.337879102435980128e-01 1.188263740635772479e+02
1.338614088612469777e-01 1.175113126914288273e+02
1.339349074788959149e-01 1.162011725215724169e+02
1.340084060965448798e-01 1.148961839743474798e+02
1.340819047141938170e-01 1.135965739840390398e+02
1.341554033318427819e-01 1.123025657476116237e+02
1.342289019494917190e-01 1.110143784778979779e+02
1.343024005671406840e-01 1.097322271624268240e+02
1.343758991847896211e-01 1.084563223290340233e+02
1.344493978024385861e-01 1.071868698193068639e+02
1.345228964200875232e-01 1.059240705708663768e+02
1.345963950377364604e-01 1.046681204093945325e+02
1.346698936553854253e-01 1.034192098512567810e+02
1.347433922730343903e-01 1.021775239174850753e+02
1.348168908906833274e-01 1.009432419598057322e+02
1.348903895083322646e-01 9.971653749932536925e+01
1.349638881259812295e-01 9.849757807840865098e+01
1.350373867436301945e-01 9.728652512620013226e+01
1.351108853612791316e-01 9.608353383816366033e+01
1.351843839789280688e-01 9.488875306994160042e+01
1.352578825965770337e-01 9.370232524575814637e+01
1.353313812142259986e-01 9.252438628151845990e+01
1.354048798318749358e-01 9.135506552267527525e+01
1.354783784495238730e-01 9.019448569687929762e+01
1.355518770671728379e-01 8.904276288134923334e+01
1.356253756848217751e-01 8.790000648484459589e+01
1.356988743024707400e-01 8.676631924404193796e+01
1.357723729201196772e-01 8.564179723408963696e+01
1.358458715377686421e-01 8.452652989302093545e+01
1.359193701554175793e-01 8.342060005969145209e+01
1.359928687730665442e-01 8.232408402482171539e+01
1.360663673907154814e-01 8.123705159471710147e+01
1.361398660083644463e-01 8.015956616715823202e+01
1.362133646260133835e-01 7.909168481895470393e+01
1.362868632436623484e-01 7.803345840458314342e+01
1.363603618613112856e-01 7.698493166533937426e+01
1.364338604789602227e-01 7.594614334836859371e+01
1.365073590966091877e-01 7.491712633494849172e+01
1.365808577142581526e-01 7.389790777736345717e+01
1.366543563319070897e-01 7.288850924369008055e+01
1.367278549495560269e-01 7.188894686981721804e+01
1.368013535672049918e-01 7.089923151800235246e+01
1.368748521848539568e-01 6.991936894127120183e+01
1.369483508025028939e-01 6.894935995295305986e+01
1.370218494201518311e-01 6.798920060066431859e+01
1.370953480378007960e-01 6.703888234404161039e+01
1.371688466554497610e-01 6.609839223554602938e+01
1.372423452730986981e-01 6.516771310365722059e+01
1.373158438907476353e-01 6.424682373780561306e+01
1.373893425083966002e-01 6.333569907439390789e+01
1.374628411260455374e-01 6.243431038328659355e+01
1.375363397436945023e-01 6.154262545415380714e+01
1.376098383613434395e-01 6.066060878209960094e+01
1.376833369789924044e-01 5.978822175199949385e+01
1.377568355966413416e-01 5.892542282103163132e+01
1.378303342142903065e-01 5.807216769887797625e+01
1.379038328319392437e-01 5.722840952513422508e+01
1.379773314495882086e-01 5.639409904346356939e+01
1.380508300672371458e-01 5.556918477209327989e+01
1.381243286848861107e-01 5.475361317024778884e+01
1.381978273025350479e-01 5.394732880018216292e+01
1.382713259201840128e-01 5.315027448447259673e+01
1.383448245378329500e-01 5.236239145828965036e+01
1.384183231554819149e-01 5.158361951637623122e+01
1.384918217731308521e-01 5.081389715451976485e+01
1.385653203907797892e-01 5.005316170530562658e+01
1.386388190084287542e-01 4.930134946799753948e+01
1.387123176260777191e-01 4.855839583240609869e+01
1.387858162437266563e-01 4.782423539663846412e+01
1.388593148613755934e-01 4.709880207865683133e+01
1.389328134790245584e-01 4.638202922159622688e+01
1.390063120966735233e-01 4.567384969282544205e+01
1.390798107143224605e-01 4.497419597675055059e+01
1.391533093319713976e-01 4.428300026140058776e+01
1.392268079496203625e-01 4.360019451884440400e+01
1.393003065672693275e-01 4.292571057952388003e+01
1.393738051849182646e-01 4.225948020059499299e+01
1.394473038025672018e-01 4.160143512840458868e+01
1.395208024202161667e-01 4.095150715523499230e+01
1.395943010378651039e-01 4.030962817047880975e+01
1.396677996555140688e-01 3.967573020640532633e+01
1.397412982731630060e-01 3.904974547871674417e+01
1.398147968908119709e-01 3.843160642208020761e+01
1.398882955084609081e-01 3.782124572085646719e+01
1.399617941261098730e-01 3.721859633523458655e+01
1.400352927437588102e-01 3.662359152301161913e+01
1.401087913614077751e-01 3.603616485723985363e+01
1.401822899790567123e-01 3.545625023999649272e+01
1.402557885967056772e-01 3.488378191250638594e+01
1.403292872143546144e-01 3.431869446187989325e+01
1.404027858320035793e-01 3.376092282470148120e+01
1.404762844496525165e-01 3.321040228773333070e+01
1.405497830673014814e-01 3.266706848596966495e+01
1.406232816849504186e-01 3.213085739830268039e+01
1.406967803025993557e-01 3.160170534103254170e+01
1.407702789202483207e-01 3.107954895947141694e+01
1.408437775378972856e-01 3.056432521787441914e+01
1.409172761555462228e-01 3.005597138792531808e+01
1.409907747731951599e-01 2.955442503600499293e+01
1.410642733908441249e-01 2.905962400945664115e+01
1.411377720084930898e-01 2.857150642205885305e+01
1.412112706261420270e-01 2.809001063890345762e+01
1.412847692437909641e-01 2.761507526087196851e+01
1.413582678614399291e-01 2.714663910889191101e+01
1.414317664790888940e-01 2.668464120814502394e+01
1.415052650967378312e-01 2.622902077238766338e+01
1.415787637143867683e-01 2.577971718853563843e+01
1.416522623320357332e-01 2.533667000165441507e+01
1.417257609496846704e-01 2.489981890048410307e+01
1.417992595673336353e-01 2.446910370361524656e+01
1.418727581849825725e-01 2.404446434642908415e+01
1.419462568026315374e-01 2.362584086889084034e+01
1.420197554202804746e-01 2.321317340429193621e+01
1.420932540379294395e-01 2.280640216900527761e+01
1.421667526555783767e-01 2.240546745332964917e+01
1.422402512732273416e-01 2.201030961346705084e+01
1.423137498908762788e-01 2.162086906468616121e+01
1.423872485085252437e-01 2.123708627569928353e+01
1.424607471261741809e-01 2.085890176428317488e+01
1.425342457438231181e-01 2.048625609415511661e+01
1.426077443614720830e-01 2.011908987311599617e+01
1.426812429791210479e-01 1.975734375245511387e+01
1.427547415967699851e-01 1.940095842761094502e+01
1.428282402144189223e-01 1.904987464006772058e+01
1.429017388320678872e-01 1.870403318046884067e+01
1.429752374497168521e-01 1.836337489291406300e+01
1.430487360673657893e-01 1.802784068040492471e+01
1.431222346850147265e-01 1.769737151139774767e+01
1.431957333026636914e-01 1.737190842741730989e+01
1.432692319203126563e-01 1.705139255168090529e+01
1.433427305379615935e-01 1.673576509867507411e+01
1.434162291556105306e-01 1.642496738463036365e+01
1.434897277732594956e-01 1.611894083882836526e+01
1.435632263909084327e-01 1.581762701568118068e+01
1.436367250085573977e-01 1.552096760751129523e+01
1.437102236262063348e-01 1.522890445796994463e+01
1.437837222438552998e-01 1.494137957601905953e+01
1.438572208615042369e-01 1.465833515041180846e+01
1.439307194791532019e-01 1.437971356459545369e+01
1.440042180968021390e-01 1.410545741197309155e+01
1.440777167144511040e-01 1.383550951144611396e+01
1.441512153321000411e-01 1.356981292317583510e+01
1.442247139497490060e-01 1.330831096448952700e+01
1.442982125673979432e-01 1.305094722586790823e+01
1.443717111850469081e-01 1.279766558694674572e+01
1.444452098026958453e-01 1.254841023247001530e+01
1.445187084203448102e-01 1.230312566813227448e+01
1.445922070379937474e-01 1.206175673625309308e+01
1.446657056556426846e-01 1.182424863122551884e+01
1.447392042732916495e-01 1.159054691468546139e+01
1.448127028909406144e-01 1.136059753035305953e+01
1.448862015085895516e-01 1.113434681849420649e+01
1.449597001262384888e-01 1.091174152996282309e+01
1.450331987438874537e-01 1.069272883977932764e+01
1.451066973615364186e-01 1.047725636020828865e+01
1.451801959791853558e-01 1.026527215330144926e+01
1.452536945968342930e-01 1.005672474287244356e+01
1.453271932144832579e-01 9.851563125879764016e+00
1.454006918321322228e-01 9.649736783188984646e+00
1.454741904497811600e-01 9.451195689696337610e+00
1.455476890674300972e-01 9.255890323794462304e+00
1.456211876850790621e-01 9.063771676167194258e+00
1.456946863027279992e-01 8.874791257900058739e+00
1.457681849203769642e-01 8.688901107901198628e+00
1.458416835380259013e-01 8.506053799625213685e+00
1.459151821556748663e-01 8.326202447099305459e+00
1.459886807733238034e-01 8.149300710252694202e+00
1.460621793909727684e-01 7.975302799550309629e+00
1.461356780086217055e-01 7.804163479940728010e+00
1.462091766262706705e-01 7.635838074123050490e+00
1.462826752439196076e-01 7.470282465146036444e+00
1.463561738615685726e-01 7.307453098350784160e+00
1.464296724792175097e-01 7.147306982672862574e+00
1.465031710968664747e-01 6.989801691320302268e+00
1.465766697145154118e-01 6.834895361845527262e+00
1.466501683321643767e-01 6.682546695632353817e+00
1.467236669498133139e-01 6.532714956817354590e+00
1.467971655674622511e-01 6.385359970671791174e+00
1.468706641851112160e-01 6.240442121462162817e+00
1.469441628027601809e-01 6.097922349820894539e+00
1.470176614204091181e-01 5.957762149646246286e+00
1.470911600380580553e-01 5.819923564562035523e+00
1.471646586557070202e-01 5.684369183960413352e+00
1.472381572733559851e-01 5.551062138657556488e+00
1.473116558910049223e-01 5.419966096186335847e+00
1.473851545086538595e-01 5.291045255755218335e+00
1.474586531263028244e-01 5.164264342900040106e+00
1.475321517439517893e-01 5.039588603855243321e+00
1.476056503616007265e-01 4.916983799672145494e+00
1.476791489792496637e-01 4.796416200108462036e+00
1.477526475968986286e-01 4.677852577318887484e+00
1.478261462145475658e-01 4.561260199367568546e+00
1.478996448321965307e-01 4.446606823591125135e+00
1.479731434498454679e-01 4.333860689833867852e+00
1.480466420674944328e-01 4.222990513578455563e+00
1.481201406851433700e-01 4.113965478996435721e+00
1.481936393027923349e-01 4.006755231938100792e+00
1.482671379204412720e-01 3.901329872882985939e+00
1.483406365380902370e-01 3.797659949871096785e+00
1.484141351557391741e-01 3.695716451432458527e+00
1.484876337733881391e-01 3.595470799533597273e+00
1.485611323910370762e-01 3.496894842556141469e+00
1.486346310086860134e-01 3.399960848324637297e+00
1.487081296263349783e-01 3.304641497196151079e+00
1.487816282439839433e-01 3.210909875225810950e+00
1.488551268616328804e-01 3.118739467420589051e+00
1.489286254792818176e-01 3.028104151091461915e+00
1.490021240969307825e-01 2.938978189313976586e+00
1.490756227145797475e-01 2.851336224507551975e+00
1.491491213322286846e-01 2.765153272139230012e+00
1.492226199498776218e-01 2.680404714559816881e+00
1.492961185675265867e-01 2.597066294978315426e+00
1.493696171851755516e-01 2.515114111578800049e+00
1.494431158028244888e-01 2.434524611784098624e+00
1.495166144204734260e-01 2.355274586669336756e+00
1.495901130381223909e-01 2.277341165526564737e+00
1.496636116557713281e-01 2.200701810583785445e+00
1.497371102734202930e-01 2.125334311876052595e+00
1.498106088910692302e-01 2.051216782270612882e+00
1.498841075087181951e-01 1.978327652645383239e+00
1.499576061263671323e-01 1.906645667216894324e+00
1.500311047440160972e-01 1.836149879018162068e+00
1.501046033616650344e-01 1.766819645522039295e+00
1.501781019793139993e-01 1.698634624407565852e+00
1.502516005969629365e-01 1.631574769465995445e+00
1.503250992146119014e-01 1.565620326641582238e+00
1.503985978322608386e-01 1.500751830203327586e+00
1.504720964499098035e-01 1.436950099041876427e+00
1.505455950675587407e-01 1.374196233088635921e+00
1.506190936852077056e-01 1.312471609849419352e+00
1.506925923028566427e-01 1.251757881048529697e+00
1.507660909205055799e-01 1.192036969378021283e+00
1.508395895381545448e-01 1.133291065343914994e+00
1.509130881558035098e-01 1.075502624207903324e+00
1.509865867734524469e-01 1.018654363013274278e+00
1.510600853911013841e-01 9.627292576939119328e-01
1.511335840087503490e-01 9.077105402580780691e-01
1.512070826263993140e-01 8.535816960411732879e-01
1.512805812440482511e-01 8.003264610228448817e-01
1.513540798616971883e-01 7.479288192017552461e-01
1.514275784793461532e-01 6.963730000228665062e-01
1.515010770969951182e-01 6.456434758523421635e-01
1.515745757146440553e-01 5.957249594944560300e-01
1.516480743322929925e-01 5.466024017447921324e-01
1.517215729499419574e-01 4.982609889768880862e-01
1.517950715675908946e-01 4.506861407554332288e-01
1.518685701852398595e-01 4.038635074740408726e-01
1.519420688028887967e-01 3.577789680112228865e-01
1.520155674205377616e-01 3.124186274019091769e-01
1.520890660381866988e-01 2.677688145220056271e-01
1.521625646558356637e-01 2.238160797796595602e-01
1.522360632734846009e-01 1.805471928130479853e-01
1.523095618911335658e-01 1.379491401910897252e-01
1.523830605087825030e-01 9.600912311370279895e-02
1.524565591264314679e-01 5.471455510953049384e-02
1.525300577440804051e-01 1.405305973077020099e-02
1.526035563617293700e-01 -2.598753175908186108e-02
1.526770549793783072e-01 -6.541918270412949710e-02
1.527505535970272721e-01 -1.042536533835178858e-01
1.528240522146762093e-01 -1.425025033492808291e-01
1.528975508323251464e-01 -1.801770937733273570e-01
1.529710494499741114e-01 -2.172885898064720323e-01
1.530445480676230763e-01 -2.538479629478889166e-01
1.531180466852720135e-01 -2.898659934257068471e-01
1.531915453029209506e-01 -3.253532725903909295e-01
1.532650439205699155e-01 -3.603202053159755280e-01
1.533385425382188805e-01 -3.947770124154956761e-01
1.534120411558678176e-01 -4.287337330631189047e-01
1.534855397735167548e-01 -4.622002272277558887e-01
1.535590383911657197e-01 -4.951861781129700546e-01
1.536325370088146847e-01 -5.277010946053142249e-01
1.537060356264636218e-01 -5.597543137283178538e-01
1.537795342441125590e-01 -5.913550031008920627e-01
1.538530328617615239e-01 -6.225121633999926019e-01
1.539265314794104611e-01 -6.532346308243219823e-01
1.540000300970594260e-01 -6.835310795593745326e-01
1.540735287147083632e-01 -7.134100242405807535e-01
1.541470273323573281e-01 -7.428798224149435470e-01
1.542205259500062653e-01 -7.719486769975674179e-01
1.542940245676552302e-01 -8.006246387222422101e-01
1.543675231853041674e-01 -8.289156085851416833e-01
1.544410218029531323e-01 -8.568293402788142998e-01
1.545145204206020695e-01 -8.843734426149598704e-01
1.545880190382510344e-01 -9.115553819357096188e-01
1.546615176558999716e-01 -9.383824845090966704e-01
1.547350162735489087e-01 -9.648619389101114052e-01
1.548085148911978737e-01 -9.910007983837694212e-01
1.548820135088468386e-01 -1.016805983189090767e+00
1.549555121264957758e-01 -1.042284282922997463e+00
1.550290107441447129e-01 -1.067442358822150439e+00
1.551025093617936779e-01 -1.092286746041487788e+00
1.551760079794426428e-01 -1.116823855908641860e+00
1.552495065970915800e-01 -1.141059978151446330e+00
1.553230052147405171e-01 -1.165001283100590257e+00
1.553965038323894821e-01 -1.188653823861393732e+00
1.554700024500384470e-01 -1.212023538458973704e+00
1.555435010676873842e-01 -1.235116251951438926e+00
1.556169996853363213e-01 -1.257937678513966873e+00
1.556904983029852862e-01 -1.280493423489444282e+00
1.557639969206342512e-01 -1.302788985407406841e+00
1.558374955382831883e-01 -1.324829757970524824e+00
1.559109941559321255e-01 -1.346621032005874241e+00
1.559844927735810904e-01 -1.368167997383912038e+00
1.560579913912300554e-01 -1.389475744901478294e+00
1.561314900088789925e-01 -1.410549268131275014e+00
1.562049886265279297e-01 -1.431393465234906515e+00
1.562784872441768669e-01 -1.452013140741918562e+00
1.563519858618258318e-01 -1.472413007293150500e+00
1.564254844794747967e-01 -1.492597687348423463e+00
1.564989830971237339e-01 -1.512571714859534566e+00
1.565724817147726711e-01 -1.532339536908166266e+00
1.566459803324216360e-01 -1.551905515308066086e+00
1.567194789500706009e-01 -1.571273928173386736e+00
1.567929775677195381e-01 -1.590448971452481430e+00
1.568664761853684753e-01 -1.609434760427445710e+00
1.569399748030174402e-01 -1.628235331180121648e+00
1.570134734206664051e-01 -1.646854642025019189e+00
1.570869720383153423e-01 -1.665296574909733707e+00
1.571604706559642795e-01 -1.683564936783188415e+00
1.572339692736132444e-01 -1.701663460931829519e+00
1.573074678912622093e-01 -1.719595808286584315e+00
1.573809665089111465e-01 -1.737365568697017082e+00
1.574544651265600836e-01 -1.754976262178677970e+00
1.575279637442090486e-01 -1.772431340129704935e+00
1.576014623618580135e-01 -1.789734186520153258e+00
1.576749609795069507e-01 -1.806888119053924768e+00
1.577484595971558878e-01 -1.823896390303950454e+00
1.578219582148048528e-01 -1.840762188821704726e+00
1.578954568324538177e-01 -1.857488640221461651e+00
1.579689554501027549e-01 -1.874078808241067762e+00
1.580424540677516920e-01 -1.890535695778284619e+00
1.581159526854006570e-01 -1.906862245905305286e+00
1.581894513030496219e-01 -1.923061342861037915e+00
1.582629499206985590e-01 -1.939135813022893728e+00
1.583364485383474962e-01 -1.955088425857626433e+00
1.584099471559964334e-01 -1.970921894853528755e+00
1.584834457736453983e-01 -1.986638878433300448e+00
1.585569443912943632e-01 -2.002241980849779779e+00
1.586304430089433004e-01 -2.017733753063529534e+00
1.587039416265922376e-01 -2.033116693605183656e+00
1.587774402442412025e-01 -2.048393249421247120e+00
1.588509388618901674e-01 -2.063565816705613898e+00
1.589244374795391046e-01 -2.078636741715630620e+00
1.589979360971880418e-01 -2.093608321576379439e+00
1.590714347148370067e-01 -2.108482805070181598e+00
1.591449333324859716e-01 -2.123262393414615090e+00
1.592184319501349088e-01 -2.137949241028961112e+00
1.592919305677838460e-01 -2.152545456288612158e+00
1.593654291854328109e-01 -2.167053102269671072e+00
1.594389278030817758e-01 -2.181474197482843991e+00
1.595124264207307130e-01 -2.195810716597973666e+00
1.595859250383796502e-01 -2.210064591159435210e+00
1.596594236560286151e-01 -2.224237710292143788e+00
1.597329222736775800e-01 -2.238331921400583013e+00
1.598064208913265172e-01 -2.252349030858374235e+00
1.598799195089754543e-01 -2.266290804691294625e+00
1.599534181266244193e-01 -2.280158969252738643e+00
1.600269167442733842e-01 -2.293955211892305002e+00
1.601004153619223214e-01 -2.307681181617603272e+00
1.601739139795712585e-01 -2.321338489749578571e+00
1.602474125972202235e-01 -2.334928710572638622e+00
1.603209112148691606e-01 -2.348453381977384069e+00
1.603944098325181256e-01 -2.361914006098750463e+00
1.604679084501670627e-01 -2.375312049948290039e+00
1.605414070678159999e-01 -2.388648946040301979e+00
1.606149056854649648e-01 -2.401926093014097319e+00
1.606884043031139297e-01 -2.415144856249574090e+00
1.607619029207628669e-01 -2.428306568478609151e+00
1.608354015384118041e-01 -2.441412530391184887e+00
1.609089001560607690e-01 -2.454464011236101584e+00
1.609823987737097339e-01 -2.467462249417199160e+00
1.610558973913586711e-01 -2.480408453084319120e+00
1.611293960090076083e-01 -2.493303800719340657e+00
1.612028946266565732e-01 -2.506149441717189674e+00
1.612763932443055381e-01 -2.518946496961850912e+00
1.613498918619544753e-01 -2.531696059396589149e+00
1.614233904796034125e-01 -2.544399194590592828e+00
1.614968890972523774e-01 -2.557056941298791131e+00
1.615703877149013423e-01 -2.569670312016748781e+00
1.616438863325502795e-01 -2.582240293531233633e+00
1.617173849501992167e-01 -2.594767847462764010e+00
1.617908835678481816e-01 -2.607253910806035080e+00
1.618643821854971465e-01 -2.619699396461236063e+00
1.619378808031460837e-01 -2.632105193761773876e+00
1.620113794207950209e-01 -2.644472168994994377e+00
1.620848780384439858e-01 -2.656801165916700569e+00
1.621583766560929507e-01 -2.669093006260380818e+00
1.622318752737418879e-01 -2.681348490238999460e+00
1.623053738913908250e-01 -2.693568397041104845e+00
1.623788725090397622e-01 -2.705753485319835505e+00
1.624523711266887271e-01 -2.717904493674859978e+00
1.625258697443376921e-01 -2.730022141128664259e+00
1.625993683619866292e-01 -2.742107127594648475e+00
1.626728669796355664e-01 -2.754160134338530241e+00
1.627463655972845313e-01 -2.766181824432608849e+00
1.628198642149334963e-01 -2.778172843202215248e+00
1.628933628325824334e-01 -2.790133818665685439e+00
1.629668614502313706e-01 -2.802065361964974244e+00
1.630403600678803355e-01 -2.813968067791167371e+00
1.631138586855293005e-01 -2.825842514799742133e+00
1.631873573031782376e-01 -2.837689266019465251e+00
1.632608559208271748e-01 -2.849508869252989740e+00
1.633343545384761397e-01 -2.861301857469165100e+00
1.634078531561251046e-01 -2.873068749187824622e+00
1.634813517737740418e-01 -2.884810048856390807e+00
1.635548503914229790e-01 -2.896526247217970251e+00
1.636283490090719439e-01 -2.908217821671964742e+00
1.637018476267209088e-01 -2.919885236624791602e+00
1.637753462443698460e-01 -2.931528943835672862e+00
1.638488448620187832e-01 -2.943149382750732457e+00
1.639223434796677481e-01 -2.954746980831036041e+00
1.639958420973167130e-01 -2.966322153871635336e+00
1.640693407149656502e-01 -2.977875306313038095e+00
1.641428393326145874e-01 -2.989406831543401921e+00
1.642163379502635523e-01 -3.000917112194546377e+00
1.642898365679125172e-01 -3.012406520428019263e+00
1.643633351855614544e-01 -3.023875418214670319e+00
1.644368338032103916e-01 -3.035324157605300499e+00
1.645103324208593287e-01 -3.046753080993900298e+00
1.645838310385082937e-01 -3.058162521374169884e+00
1.646573296561572586e-01 -3.069552802586487772e+00
1.647308282738061957e-01 -3.080924239559017508e+00
1.648043268914551329e-01 -3.092277138540888259e+00
1.648778255091040978e-01 -3.103611797327610944e+00
1.649513241267530628e-01 -3.114928505480381915e+00
1.650248227444019999e-01 -3.126227544537981018e+00
1.650983213620509371e-01 -3.137509188221255130e+00
1.651718199796999020e-01 -3.148773702631864069e+00
1.652453185973488670e-01 -3.160021346443453893e+00
1.653188172149978041e-01 -3.171252371087915023e+00
1.653923158326467413e-01 -3.182467020933151147e+00
1.654658144502957062e-01 -3.193665533457837213e+00
1.655393130679446712e-01 -3.204848139417492803e+00
