-4.711845074562848179e-03 1.432864103545571055e+01
-4.564847839264946951e-03 1.423769003942738109e+01
-4.417850603967045722e-03 1.414716986013031530e+01
-4.270853368669145361e-03 1.405707722123823444e+01
-4.123856133371244133e-03 1.396740888990273532e+01
-3.976858898073342904e-03 1.387816167610321116e+01
-3.829861662775441676e-03 1.378933243200840586e+01
-3.682864427477540448e-03 1.370091805134951102e+01
-3.535867192179639219e-03 1.361291546880439896e+01
-3.388869956881738425e-03 1.352532165939287268e+01
-3.241872721583837196e-03 1.343813363788254733e+01
-3.094875486285936401e-03 1.335134845820534366e+01
-2.947878250988035173e-03 1.326496321288412972e+01
-2.800881015690133945e-03 1.317897503246936530e+01
-2.653883780392232716e-03 1.309338108498574016e+01
-2.506886545094331922e-03 1.300817857538819311e+01
-2.359889309796430693e-03 1.292336474502749688e+01
-2.212892074498529465e-03 1.283893687112491477e+01
-2.065894839200628670e-03 1.275489226625598249e+01
-1.918897603902727442e-03 1.267122827784295680e+01
-1.771900368604826213e-03 1.258794228765601986e+01
-1.624903133306925419e-03 1.250503171132283775e+01
-1.477905898009024190e-03 1.242249399784638442e+01
-1.330908662711122962e-03 1.234032662913091372e+01
-1.183911427413222167e-03 1.225852711951579721e+01
-1.036914192115320939e-03 1.217709301531712285e+01
-8.899169568174197104e-04 1.209602189437689823e+01
-7.429197215195184820e-04 1.201531136561975188e+01
-5.959224862216172536e-04 1.193495906861676126e+01
-4.489252509237168925e-04 1.185496267315658159e+01
-3.019280156258156642e-04 1.177531987882349185e+01
-1.549307803279144358e-04 1.169602841458227438e+01
-7.933545030013207378e-06 1.161708603836981268e+01
1.390636902678880210e-04 1.153849053669331681e+01
2.860609255657892494e-04 1.146023972423488324e+01
4.330581608636904778e-04 1.138233144346246561e+01
5.800553961615908388e-04 1.130476356424698459e+01
7.270526314594920672e-04 1.122753398348545772e+01
8.740498667573932956e-04 1.115064062473019035e+01
1.021047102055294524e-03 1.107408143782363652e+01
1.168044337353195752e-03 1.099785439853906333e+01
1.315041572651096981e-03 1.092195750822685163e+01
1.462038807948997342e-03 1.084638879346612228e+01
1.609036043246898570e-03 1.077114630572191878e+01
1.756033278544799799e-03 1.069622812100755382e+01
1.903030513842701027e-03 1.062163233955213215e+01
2.050027749140602255e-03 1.054735708547323370e+01
2.197024984438503484e-03 1.047340050645444443e+01
2.344022219736403845e-03 1.039976077342787875e+01
2.491019455034305073e-03 1.032643608026137549e+01
2.638016690332206302e-03 1.025342464345052917e+01
2.785013925630107530e-03 1.018072470181516387e+01
2.932011160928008758e-03 1.010833451620044343e+01
3.079008396225909987e-03 1.003625236918238173e+01
3.226005631523811215e-03 9.964476564777672962e+00
3.373002866821711576e-03 9.893005428157806591e+00
3.520000102119613672e-03 9.821837305367399296e+00
3.666997337417514033e-03 9.750970563046575279e+00
3.813994572715414394e-03 9.680403588157446393e+00
3.960991808013316490e-03 9.610134787714468274e+00
4.107989043311216851e-03 9.540162588518771969e+00
4.254986278609118946e-03 9.470485436896261433e+00
4.401983513907019308e-03 9.401101798439436052e+00
4.548980749204921403e-03 9.332010157752936408e+00
4.695977984502821764e-03 9.263209018202665845e+00
4.842975219800722125e-03 9.194696901668475419e+00
4.989972455098624221e-03 9.126472348300271875e+00
5.136969690396524582e-03 9.058533916277696107e+00
5.283966925694426678e-03 8.990880181572906693e+00
5.430964160992327039e-03 8.923509737716894819e+00
5.577961396290229135e-03 8.856421195568955795e+00
5.724958631588129496e-03 8.789613183089237225e+00
5.871955866886029857e-03 8.723084345114589411e+00
6.018953102183931952e-03 8.656833343137346759e+00
6.165950337481832313e-03 8.590858855087180501e+00
6.312947572779734409e-03 8.525159575115916155e+00
6.459944808077634770e-03 8.459734213385219803e+00
6.606942043375535131e-03 8.394581495857170950e+00
6.753939278673437227e-03 8.329700164087711300e+00
6.900936513971337588e-03 8.265088975022671036e+00
7.047933749269239684e-03 8.200746700796749167e+00
7.194930984567140045e-03 8.136672128534929271e+00
7.341928219865042141e-03 8.072864060156703658e+00
7.488925455162942502e-03 8.009321312182763108e+00
7.635922690460842863e-03 7.946042715544221480e+00
7.782919925758744958e-03 7.883027115394432904e+00
7.929917161056645319e-03 7.820273370923116474e+00
8.076914396354547415e-03 7.757780355172982034e+00
8.223911631652447776e-03 7.695546954858706989e+00
8.370908866950349872e-03 7.633572070188229475e+00
8.517906102248250233e-03 7.571854614686301943e+00
8.664903337546150594e-03 7.510393515020348687e+00
8.811900572844052690e-03 7.449187710828534925e+00
8.958897808141953051e-03 7.388236154549928436e+00
9.105895043439855147e-03 7.327537811256928713e+00
9.252892278737755508e-03 7.267091658489712280e+00
9.399889514035655869e-03 7.206896686092775006e+00
9.546886749333557964e-03 7.146951896053528763e+00
9.693883984631458325e-03 7.087256302342892056e+00
9.840881219929360421e-03 7.027808930757814210e+00
9.987878455227260782e-03 6.968608818765861912e+00
1.013487569052516288e-02 6.909655015351551022e+00
1.028187292582306324e-02 6.850946580864709645e+00
1.042887016112096360e-02 6.792482586870575823e+00
1.057586739641886570e-02 6.734262116001803022e+00
1.072286463171676606e-02 6.676284261812216236e+00
1.086986186701466815e-02 6.618548128632318672e+00
1.101685910231256851e-02 6.561052831426605003e+00
1.116385633761047061e-02 6.503797495652493765e+00
1.131085357290836924e-02 6.446781257120985487e+00
1.145785080820627133e-02 6.390003261858999473e+00
1.160484804350417343e-02 6.333462665973346617e+00
1.175184527880207552e-02 6.277158635516236096e+00
1.189884251409997415e-02 6.221090346352427858e+00
1.204583974939787624e-02 6.165256984027957188e+00
1.219283698469577834e-02 6.109657743640365624e+00
1.233983421999367697e-02 6.054291829710418682e+00
1.248683145529157906e-02 5.999158456055365463e+00
1.263382869058948116e-02 5.944256845663609568e+00
1.278082592588738325e-02 5.889586230570910352e+00
1.292782316118528188e-02 5.835145851737908451e+00
1.307482039648318398e-02 5.780934958929113243e+00
1.322181763178108607e-02 5.726952810593258114e+00
1.336881486707898470e-02 5.673198673745012854e+00
1.351581210237688679e-02 5.619671823848059411e+00
1.366280933767478889e-02 5.566371544699419971e+00
1.380980657297269099e-02 5.513297128315235440e+00
1.395680380827058961e-02 5.460447874817650593e+00
1.410380104356849171e-02 5.407823092323054581e+00
1.425079827886639380e-02 5.355422096831638612e+00
1.439779551416429243e-02 5.303244212117998124e+00
1.454479274946219453e-02 5.251288769623109864e+00
1.469178998476009662e-02 5.199555108347518662e+00
1.483878722005799872e-02 5.148042574745467448e+00
1.498578445535589734e-02 5.096750522620522972e+00
1.513278169065379944e-02 5.045678313022097683e+00
1.527977892595170153e-02 4.994825314143169770e+00
1.542677616124960016e-02 4.944190901219222667e+00
1.557377339654750226e-02 4.893774456428053199e+00
1.572077063184540435e-02 4.843575368790919100e+00
1.586776786714330645e-02 4.793593034074613790e+00
1.601476510244120507e-02 4.743826854694562556e+00
1.616176233773910717e-02 4.694276239619095570e+00
1.630875957303700927e-02 4.644940604274592211e+00
1.645575680833490789e-02 4.595819370451780905e+00
1.660275404363280999e-02 4.546911966212899614e+00
1.674975127893071208e-02 4.498217825800010061e+00
1.689674851422861418e-02 4.449736389544063364e+00
1.704374574952651281e-02 4.401467103775146050e+00
1.719074298482441490e-02 4.353409420733543200e+00
1.733774022012231700e-02 4.305562798481735065e+00
1.748473745542021562e-02 4.257926700817333376e+00
1.763173469071811772e-02 4.210500597187114558e+00
1.777873192601601982e-02 4.163283962601499688e+00
1.792572916131391844e-02 4.116276277550480422e+00
1.807272639661182054e-02 4.069477027919901957e+00
1.821972363190972263e-02 4.022885704909014315e+00
1.836672086720762473e-02 3.976501804948665786e+00
1.851371810250552336e-02 3.930324829620368554e+00
1.866071533780342545e-02 3.884354285576212540e+00
1.880771257310132755e-02 3.838589684459624785e+00
1.895470980839922617e-02 3.793030542826945073e+00
1.910170704369712827e-02 3.747676382069711210e+00
1.924870427899503036e-02 3.702526728337837802e+00
1.939570151429293246e-02 3.657581112463579309e+00
1.954269874959083109e-02 3.612839069886125465e+00
1.968969598488873318e-02 3.568300140577194135e+00
1.983669322018663528e-02 3.523963868967201485e+00
1.998369045548453390e-02 3.479829803872127592e+00
2.013068769078243600e-02 3.435897498421343954e+00
2.027768492608033810e-02 3.392166509985981016e+00
2.042468216137824019e-02 3.348636400108089717e+00
2.057167939667613882e-02 3.305306734430470961e+00
2.071867663197404091e-02 3.262177082627264024e+00
2.086567386727194301e-02 3.219247018335192667e+00
2.101267110256984164e-02 3.176516119085441403e+00
2.115966833786774373e-02 3.133983966236404406e+00
2.130666557316564583e-02 3.091650144906804343e+00
2.145366280846354792e-02 3.049514243909783318e+00
2.160066004376144655e-02 3.007575855687452560e+00
2.174765727905934865e-02 2.965834576246077603e+00
2.189465451435725074e-02 2.924290005092127664e+00
2.204165174965514937e-02 2.882941745168627001e+00
2.218864898495305146e-02 2.841789402792434416e+00
2.233564622025095356e-02 2.800832587591933098e+00
2.248264345554885565e-02 2.760070912445479863e+00
2.262964069084675428e-02 2.719503993420367305e+00
2.277663792614465638e-02 2.679131449712381485e+00
2.292363516144255847e-02 2.638952903586073706e+00
2.307063239674045710e-02 2.598967980315410209e+00
2.321762963203835919e-02 2.559176308125211463e+00
2.336462686733626129e-02 2.519577518133085725e+00
2.351162410263415992e-02 2.480171244291840882e+00
2.365862133793206201e-02 2.440957123332596179e+00
2.380561857322996411e-02 2.401934794708390442e+00
2.395261580852786620e-02 2.363103900538360058e+00
2.409961304382576483e-02 2.324464085552417458e+00
2.424661027912366693e-02 2.286014997036463381e+00
2.439360751442156902e-02 2.247756284778293256e+00
2.454060474971946765e-02 2.209687601013740288e+00
2.468760198501736974e-02 2.171808600373636988e+00
2.483459922031527184e-02 2.134118939831130213e+00
2.498159645561317393e-02 2.096618278649524214e+00
2.512859369091107256e-02 2.059306278330629514e+00
2.527559092620897466e-02 2.022182602563776577e+00
2.542258816150687675e-02 1.985246917174984027e+00
2.556958539680477538e-02 1.948498890076958645e+00
2.571658263210267747e-02 1.911938191219420435e+00
2.586357986740057957e-02 1.875564492539917083e+00
2.601057710269848167e-02 1.839377467915195297e+00
2.615757433799638029e-02 1.803376793112953624e+00
2.630457157329428239e-02 1.767562145744042468e+00
2.645156880859218448e-02 1.731933205215372418e+00
2.659856604389008311e-02 1.696489652682844351e+00
2.674556327918798521e-02 1.661231171005227658e+00
2.689256051448588730e-02 1.626157444698188570e+00
2.703955774978378940e-02 1.591268159888735489e+00
2.718655498508169149e-02 1.556563004270329564e+00
2.733355222037958665e-02 1.522041667058283920e+00
2.748054945567748875e-02 1.487703838945624746e+00
2.762754669097539084e-02 1.453549212059364493e+00
2.777454392627329294e-02 1.419577479917309759e+00
2.792154116157119503e-02 1.385788337385152502e+00
2.806853839686909713e-02 1.352181480634077282e+00
2.821553563216699922e-02 1.318756607098696243e+00
2.836253286746489438e-02 1.285513415435606710e+00
2.850953010276279648e-02 1.252451605482023389e+00
2.865652733806069857e-02 1.219570878215171739e+00
2.880352457335860067e-02 1.186870935711729302e+00
2.895052180865650276e-02 1.154351481108140121e+00
2.909751904395440486e-02 1.122012218560748842e+00
2.924451627925230696e-02 1.089852853206843442e+00
2.939151351455020211e-02 1.057873091125690834e+00
2.953851074984810421e-02 1.026072639300304346e+00
2.968550798514600630e-02 9.944512055793230942e-01
2.983250522044390840e-02 9.630084986393994129e-01
2.997950245574181050e-02 9.317442279479459799e-01
3.012649969103971259e-02 9.006581037263128309e-01
3.027349692633761469e-02 8.697498369131624329e-01
3.042049416163550984e-02 8.390191391284220757e-01
3.056749139693341194e-02 8.084657226375204786e-01
3.071448863223131404e-02 7.780893003158704246e-01
3.086148586752921613e-02 7.478895856139438081e-01
3.100848310282711823e-02 7.178662925225163249e-01
3.115548033812502032e-02 6.880191355383491469e-01
3.130247757342292242e-02 6.583478296301930044e-01
3.144947480872081758e-02 6.288520902051502048e-01
3.159647204401871967e-02 5.995316330754310030e-01
3.174346927931662177e-02 5.703861744253355681e-01
3.189046651461452386e-02 5.414154307787502063e-01
3.203746374991242596e-02 5.126191189668132253e-01
3.218446098521032805e-02 4.839969560959973549e-01
3.233145822050823015e-02 4.555486595165580965e-01
3.247845545580612531e-02 4.272739467912636258e-01
3.262545269110402740e-02 3.991725356644488798e-01
3.277244992640192950e-02 3.712441440314409036e-01
3.291944716169983159e-02 3.434884899082897292e-01
3.306644439699773369e-02 3.159052914017284053e-01
3.321344163229563579e-02 2.884942666797023492e-01
3.336043886759353788e-02 2.612551339419821872e-01
3.350743610289143304e-02 2.341876113910785762e-01
3.365443333818933513e-02 2.072914172036766089e-01
3.380143057348723723e-02 1.805662695022807185e-01
3.394842780878513933e-02 1.540118863270922844e-01
3.409542504408304142e-02 1.276279856081723452e-01
3.424242227938094352e-02 1.014142851382686672e-01
3.438941951467884561e-02 7.537050254537236427e-02
3.453641674997674077e-02 4.949635526606588343e-02
3.468341398527464287e-02 2.379156051892117318e-02
3.483041122057254496e-02 -1.744164721767749171e-03
3.497740845587044706e-02 -2.711110375181791099e-02
3.512440569116834915e-02 -5.230954016295008557e-02
3.527140292646625125e-02 -7.733975786812807840e-02
3.541840016176415334e-02 -1.022020411264867867e-01
3.556539739706204850e-02 -1.268966745682664765e-01
3.571239463235995060e-02 -1.514239432192656665e-01
3.585939186765785269e-02 -1.757841325250182329e-01
3.600638910295575479e-02 -1.999775283747493582e-01
3.615338633825365688e-02 -2.240044171250152871e-01
3.630038357355155898e-02 -2.478650856229811517e-01
3.644738080884946108e-02 -2.715598212297503089e-01
3.659437804414735623e-02 -2.950889118428698943e-01
3.674137527944525833e-02 -3.184526459190530900e-01
3.688837251474316042e-02 -3.416513124964049020e-01
3.703536975004106252e-02 -3.646852012164227830e-01
3.718236698533896462e-02 -3.875546023456561961e-01
3.732936422063686671e-02 -4.102598067972134110e-01
3.747636145593476881e-02 -4.328011061519707603e-01
3.762335869123266396e-02 -4.551787926794061967e-01
3.777035592653056606e-02 -4.773931593583458088e-01
3.791735316182846816e-02 -4.994444998973479599e-01
3.806435039712637025e-02 -5.213331087547254938e-01
3.821134763242427235e-02 -5.430592811585195356e-01
3.835834486772217444e-02 -5.646233131262405891e-01
3.850534210302007654e-02 -5.860255014839474974e-01
3.865233933831797170e-02 -6.072661438854969340e-01
3.879933657361587379e-02 -6.283455388315095647e-01
3.894633380891377589e-02 -6.492639856877029381e-01
3.909333104421167798e-02 -6.700217847035863095e-01
3.924032827950958008e-02 -6.906192370301975636e-01
3.938732551480748217e-02 -7.110566447382011823e-01
3.953432275010537733e-02 -7.313343108354772859e-01
3.968131998540327943e-02 -7.514525392843172114e-01
3.982831722070118152e-02 -7.714116350187434357e-01
3.997531445599908362e-02 -7.912119039612073301e-01
4.012231169129698571e-02 -8.108536530394032660e-01
4.026930892659488781e-02 -8.303371902025440399e-01
4.041630616189278991e-02 -8.496628244373973793e-01
4.056330339719068506e-02 -8.688308657845205119e-01
4.071030063248858716e-02 -8.878416253537153580e-01
4.085729786778648925e-02 -9.066954153394153337e-01
4.100429510308439135e-02 -9.253925490361374351e-01
4.115129233838229345e-02 -9.439333408532024627e-01
4.129828957368019554e-02 -9.623181063296990523e-01
4.144528680897809764e-02 -9.805471621488202061e-01
4.159228404427599279e-02 -9.986208261523006335e-01
4.173928127957389489e-02 -1.016539417354322516e+00
4.188627851487179699e-02 -1.034303255955501211e+00
4.203327575016969908e-02 -1.051912663356484590e+00
4.218027298546760118e-02 -1.069367962171074549e+00
4.232727022076550327e-02 -1.086669476239779719e+00
4.247426745606340537e-02 -1.103817530642422273e+00
4.262126469136130053e-02 -1.120812451711041824e+00
4.276826192665920262e-02 -1.137654567042424070e+00
4.291525916195710472e-02 -1.154344205510124954e+00
4.306225639725500681e-02 -1.170881697276813682e+00
4.320925363255290891e-02 -1.187267373805879878e+00
4.335625086785081100e-02 -1.203501567873335176e+00
4.350324810314871310e-02 -1.219584613578867494e+00
4.365024533844660826e-02 -1.235516846357371357e+00
4.379724257374451035e-02 -1.251298602989690423e+00
4.394423980904241245e-02 -1.266930221613593588e+00
4.409123704434031454e-02 -1.282412041734149355e+00
4.423823427963821664e-02 -1.297744404234130844e+00
4.438523151493611874e-02 -1.312927651384304450e+00
4.453222875023402083e-02 -1.327962126853157621e+00
4.467922598553191599e-02 -1.342848175716718107e+00
4.482622322082981808e-02 -1.357586144468089451e+00
4.497322045612772018e-02 -1.372176381026807501e+00
4.512021769142562228e-02 -1.386619234747811458e+00
4.526721492672352437e-02 -1.400915056430496186e+00
4.541421216202142647e-02 -1.415064198327348866e+00
4.556120939731932856e-02 -1.429067014152521686e+00
4.570820663261722372e-02 -1.442923859090115446e+00
4.585520386791512581e-02 -1.456635089802167826e+00
4.600220110321302791e-02 -1.470201064436691407e+00
4.614919833851093001e-02 -1.483622142635555363e+00
4.629619557380883210e-02 -1.496898685541597995e+00
4.644319280910673420e-02 -1.510031055806184686e+00
4.659019004440463629e-02 -1.523019617596449216e+00
4.673718727970253145e-02 -1.535864736602104763e+00
4.688418451500043355e-02 -1.548566780041999102e+00
4.703118175029833564e-02 -1.561126116670976671e+00
4.717817898559623774e-02 -1.573543116786162877e+00
4.732517622089413983e-02 -1.585818152233015699e+00
4.747217345619204193e-02 -1.597951596411291586e+00
4.761917069148994403e-02 -1.609943824281093505e+00
4.776616792678783918e-02 -1.621795212368141836e+00
4.791316516208574128e-02 -1.633506138769554195e+00
4.806016239738364337e-02 -1.645076983158669126e+00
4.820715963268154547e-02 -1.656508126790389390e+00
4.835415686797944756e-02 -1.667799952506078931e+00
4.850115410327734966e-02 -1.678952844737953587e+00
4.864815133857525176e-02 -1.689967189513925216e+00
4.879514857387314691e-02 -1.700843374461617596e+00
4.894214580917104901e-02 -1.711581788812767346e+00
4.908914304446895110e-02 -1.722182823406962715e+00
4.923614027976685320e-02 -1.732646870695596419e+00
4.938313751506475530e-02 -1.742974324745313108e+00
4.953013475036265739e-02 -1.753165581241655335e+00
4.967713198566055949e-02 -1.763221037492060717e+00
4.982412922095845464e-02 -1.773141092429074028e+00
4.997112645625635674e-02 -1.782926146613240004e+00
5.011812369155425884e-02 -1.792576602235883776e+00
5.026512092685216093e-02 -1.802092863121415700e+00
5.041211816215006303e-02 -1.811475334730063835e+00
5.055911539744796512e-02 -1.820724424159899879e+00
5.070611263274586722e-02 -1.829840540148666150e+00
5.085310986804376238e-02 -1.838824093076206090e+00
5.100010710334166447e-02 -1.847675494965561604e+00
5.114710433863956657e-02 -1.856395159484874213e+00
5.129410157393746866e-02 -1.864983501948724864e+00
5.144109880923537076e-02 -1.873440939319030107e+00
5.158809604453327285e-02 -1.881767890206522686e+00
5.173509327983116801e-02 -1.889964774871305764e+00
5.188209051512907011e-02 -1.898032015223660274e+00
5.202908775042697220e-02 -1.905970034824495229e+00
5.217608498572487430e-02 -1.913779258885906387e+00
5.232308222102277639e-02 -1.921460114271297037e+00
5.247007945632067849e-02 -1.929013029495279419e+00
5.261707669161858059e-02 -1.936438434723894986e+00
5.276407392691647574e-02 -1.943736761774079724e+00
5.291107116221437784e-02 -1.950908444113283124e+00
5.305806839751227993e-02 -1.957953916859080934e+00
5.320506563281018203e-02 -1.964873616778145760e+00
5.335206286810808413e-02 -1.971667982285548071e+00
5.349906010340598622e-02 -1.978337453443746341e+00
5.364605733870388832e-02 -1.984882471961102901e+00
5.379305457400178347e-02 -1.991303481190948688e+00
5.394005180929968557e-02 -1.997600926129655008e+00
5.408704904459758767e-02 -2.003775253415239987e+00
5.423404627989548976e-02 -2.009826911325445664e+00
5.438104351519339186e-02 -2.015756349775762679e+00
5.452804075049129395e-02 -2.021564020317455856e+00
5.467503798578919605e-02 -2.027250376135059540e+00
5.482203522108709121e-02 -2.032815872044126948e+00
5.496903245638499330e-02 -2.038260964488681104e+00
5.511602969168289540e-02 -2.043586111538350458e+00
5.526302692698079749e-02 -2.048791772885729223e+00
5.541002416227869959e-02 -2.053878409843195918e+00
5.555702139757660168e-02 -2.058846485339858035e+00
5.570401863287450378e-02 -2.063696463918154755e+00
5.585101586817239894e-02 -2.068428811730695926e+00
5.599801310347030103e-02 -2.073043996536282130e+00
5.614501033876820313e-02 -2.077542487696474538e+00
5.629200757406610522e-02 -2.081924756171783741e+00
5.643900480936400732e-02 -2.086191274517351424e+00
5.658600204466190942e-02 -2.090342516879083234e+00
5.673299927995981151e-02 -2.094378958989418393e+00
5.687999651525770667e-02 -2.098301078162536193e+00
5.702699375055560876e-02 -2.102109353290313898e+00
5.717399098585351086e-02 -2.105804264837199291e+00
5.732098822115141296e-02 -2.109386294835625009e+00
5.746798545644931505e-02 -2.112855926881004542e+00
5.761498269174721715e-02 -2.116213646126646530e+00
5.776197992704511924e-02 -2.119459939278458549e+00
5.790897716234301440e-02 -2.122595294589561199e+00
5.805597439764091650e-02 -2.125620201855052294e+00
5.820297163293881859e-02 -2.128535152406067610e+00
5.834996886823672069e-02 -2.131340639104130297e+00
5.849696610353462278e-02 -2.134037156335346630e+00
5.864396333883252488e-02 -2.136625200004288239e+00
5.879096057413042697e-02 -2.139105267528067067e+00
5.893795780942832907e-02 -2.141477857829654496e+00
5.908495504472623117e-02 -2.143743471331852390e+00
5.923195228002413326e-02 -2.145902609950659290e+00
5.937894951532202148e-02 -2.147955777088630391e+00
5.952594675061992358e-02 -2.149903477628021697e+00
5.967294398591782567e-02 -2.151746217923983018e+00
5.981994122121572777e-02 -2.153484505797552906e+00
5.996693845651362986e-02 -2.155118850528451979e+00
6.011393569181153196e-02 -2.156649762847909990e+00
6.026093292710943405e-02 -2.158077754931176706e+00
6.040793016240733615e-02 -2.159403340390097625e+00
6.055492739770523825e-02 -2.160627034265477420e+00
6.070192463300314034e-02 -2.161749353019225772e+00
6.084892186830104244e-02 -2.162770814526775887e+00
6.099591910359894453e-02 -2.163691938068919463e+00
6.114291633889684663e-02 -2.164513244323500452e+00
6.128991357419474872e-02 -2.165235255357782940e+00
6.143691080949263694e-02 -2.165858494619488539e+00
6.158390804479053904e-02 -2.166383486928922686e+00
6.173090528008844113e-02 -2.166810758469991605e+00
6.187790251538634323e-02 -2.167140836781888069e+00
6.202489975068424533e-02 -2.167374250749879216e+00
6.217189698598214742e-02 -2.167511530597028724e+00
6.231889422128004952e-02 -2.167553207874655996e+00
6.246589145657795161e-02 -2.167499815453533429e+00
6.261288869187585371e-02 -2.167351887514542774e+00
6.275988592717375580e-02 -2.167109959539419428e+00
6.290688316247165790e-02 -2.166774568301455872e+00
6.305388039776956000e-02 -2.166346251855618910e+00
6.320087763306746209e-02 -2.165825549529247773e+00
6.334787486836536419e-02 -2.165213001912122515e+00
6.349487210366325241e-02 -2.164509150846820162e+00
6.364186933896115450e-02 -2.163714539418414518e+00
6.378886657425905660e-02 -2.162829711944829647e+00
6.393586380955695869e-02 -2.161855213966378919e+00
6.408286104485486079e-02 -2.160791592235714376e+00
6.422985828015276288e-02 -2.159639394707345339e+00
6.437685551545066498e-02 -2.158399170527180111e+00
6.452385275074856708e-02 -2.157071470022048132e+00
6.467084998604646917e-02 -2.155656844689012530e+00
6.481784722134437127e-02 -2.154155847184658690e+00
6.496484445664227336e-02 -2.152569031314249592e+00
6.511184169194017546e-02 -2.150896952020644015e+00
6.525883892723807755e-02 -2.149140165373369271e+00
6.540583616253597965e-02 -2.147299228557606909e+00
6.555283339783386787e-02 -2.145374699862828471e+00
6.569983063313176996e-02 -2.143367138671399275e+00
6.584682786842967206e-02 -2.141277105447458418e+00
6.599382510372757416e-02 -2.139105161725048276e+00
6.614082233902547625e-02 -2.136851870096897699e+00
6.628781957432337835e-02 -2.134517794202374752e+00
6.643481680962128044e-02 -2.132103498716123369e+00
6.658181404491918254e-02 -2.129609549335853558e+00
6.672881128021708463e-02 -2.127036512770595245e+00
6.687580851551498673e-02 -2.124384956728658125e+00
6.702280575081288883e-02 -2.121655449905373914e+00
6.716980298611079092e-02 -2.118848561971136135e+00
6.731680022140869302e-02 -2.115964863558850162e+00
6.746379745670659511e-02 -2.113004926251775828e+00
6.761079469200448333e-02 -2.109969322571019212e+00
6.775779192730238543e-02 -2.106858625963003107e+00
6.790478916260028752e-02 -2.103673410786770503e+00
6.805178639789818962e-02 -2.100414252301395557e+00
6.819878363319609171e-02 -2.097081726653112987e+00
6.834578086849399381e-02 -2.093676410862723714e+00
6.849277810379189591e-02 -2.090198882812354775e+00
6.863977533908979800e-02 -2.086649721232503474e+00
6.878677257438770010e-02 -2.083029505689180105e+00
6.893376980968560219e-02 -2.079338816570525772e+00
6.908076704498350429e-02 -2.075578235073729516e+00
6.922776428028140638e-02 -2.071748343191536890e+00
6.937476151557930848e-02 -2.067849723699100473e+00
6.952175875087721058e-02 -2.063882960140262846e+00
6.966875598617509879e-02 -2.059848636814491485e+00
6.981575322147300089e-02 -2.055747338762575538e+00
6.996275045677090298e-02 -2.051579651753713485e+00
7.010974769206880508e-02 -2.047346162271238335e+00
7.025674492736670718e-02 -2.043047457499133301e+00
7.040374216266460927e-02 -2.038684125307916872e+00
7.055073939796251137e-02 -2.034256754240919562e+00
7.069773663326041346e-02 -2.029765933500265795e+00
7.084473386855831556e-02 -2.025212252932457879e+00
7.099173110385621766e-02 -2.020596303014818851e+00
7.113872833915411975e-02 -2.015918674840976088e+00
7.128572557445202185e-02 -2.011179960106345810e+00
7.143272280974992394e-02 -2.006380751094436476e+00
7.157972004504781216e-02 -2.001521640661877655e+00
7.172671728034571426e-02 -1.996603222224291763e+00
7.187371451564361635e-02 -1.991626089741739492e+00
7.202071175094151845e-02 -1.986590837704262924e+00
7.216770898623942054e-02 -1.981498061116786502e+00
7.231470622153732264e-02 -1.976348355485185948e+00
7.246170345683522473e-02 -1.971142316800834848e+00
7.260870069213312683e-02 -1.965880541526383141e+00
7.275569792743102893e-02 -1.960563626580436036e+00
7.290269516272893102e-02 -1.955192169323064277e+00
7.304969239802683312e-02 -1.949766767540616286e+00
7.319668963332473521e-02 -1.944288019430709724e+00
7.334368686862263731e-02 -1.938756523587263914e+00
7.349068410392053941e-02 -1.933172878985221388e+00
7.363768133921842762e-02 -1.927537684965800580e+00
7.378467857451632972e-02 -1.921851541220707560e+00
7.393167580981423181e-02 -1.916115047777347868e+00
7.407867304511213391e-02 -1.910328804983192796e+00
7.422567028041003601e-02 -1.904493413490740750e+00
7.437266751570793810e-02 -1.898609474241762740e+00
7.451966475100584020e-02 -1.892677588452201576e+00
7.466666198630374229e-02 -1.886698357596385378e+00
7.481365922160164439e-02 -1.880672383391626568e+00
7.496065645689954648e-02 -1.874600267782767560e+00
7.510765369219744858e-02 -1.868482612926301911e+00
7.525465092749535068e-02 -1.862320021174884488e+00
7.540164816279325277e-02 -1.856113095061550311e+00
7.554864539809115487e-02 -1.849862437284036432e+00
7.569564263338904309e-02 -1.843568650688846233e+00
7.584263986868694518e-02 -1.837232338255770259e+00
7.598963710398484728e-02 -1.830854103081566819e+00
7.613663433928274937e-02 -1.824434548364354924e+00
7.628363157458065147e-02 -1.817974277387641280e+00
7.643062880987855356e-02 -1.811473893504235377e+00
7.657762604517645566e-02 -1.804934000120606896e+00
7.672462328047435776e-02 -1.798355200680198607e+00
7.687162051577225985e-02 -1.791738098647890354e+00
7.701861775107016195e-02 -1.785083297493809340e+00
7.716561498636806404e-02 -1.778391400677042711e+00
7.731261222166596614e-02 -1.771663011629495799e+00
7.745960945696386823e-02 -1.764898733739975967e+00
7.760660669226177033e-02 -1.758099170337334982e+00
7.775360392755965855e-02 -1.751264924674963197e+00
7.790060116285756064e-02 -1.744396599914024293e+00
7.804759839815546274e-02 -1.737494799107388133e+00
7.819459563345336484e-02 -1.730560125182996956e+00
7.834159286875126693e-02 -1.723593180927966984e+00
7.848859010404916903e-02 -1.716594568971613555e+00
7.863558733934707112e-02 -1.709564891769678852e+00
7.878258457464497322e-02 -1.702504751587371246e+00
7.892958180994287531e-02 -1.695414750483346111e+00
7.907657904524077741e-02 -1.688295490292730960e+00
7.922357628053867951e-02 -1.681147572611275010e+00
7.937057351583658160e-02 -1.673971598778129177e+00
7.951757075113448370e-02 -1.666768169859846438e+00
7.966456798643238579e-02 -1.659537886633630777e+00
7.981156522173027401e-02 -1.652281349570783320e+00
7.995856245702817611e-02 -1.644999158820006357e+00
8.010555969232607820e-02 -1.637691914191067966e+00
8.025255692762398030e-02 -1.630360215137898194e+00
8.039955416292188239e-02 -1.623004660742154215e+00
8.054655139821978449e-02 -1.615625849696531446e+00
8.069354863351768659e-02 -1.608224380288010735e+00
8.084054586881558868e-02 -1.600800850381341789e+00
8.098754310411349078e-02 -1.593355857402093179e+00
8.113454033941139287e-02 -1.585889998320386240e+00
8.128153757470929497e-02 -1.578403869633845602e+00
8.142853481000719706e-02 -1.570898067350988470e+00
8.157553204530509916e-02 -1.563373186974528650e+00
8.172252928060300126e-02 -1.555829823484591756e+00
8.186952651590088947e-02 -1.548268571322150677e+00
8.201652375119879157e-02 -1.540690024372011635e+00
8.216352098649669367e-02 -1.533094775946423738e+00
8.231051822179459576e-02 -1.525483418767976218e+00
8.245751545709249786e-02 -1.517856544953010811e+00
8.260451269239039995e-02 -1.510214745994918673e+00
8.275150992768830205e-02 -1.502558612747360911e+00
8.289850716298620414e-02 -1.494888735407473135e+00
8.304550439828410624e-02 -1.487205703498947429e+00
8.319250163358200834e-02 -1.479510105855654345e+00
8.333949886887991043e-02 -1.471802530604584547e+00
8.348649610417781253e-02 -1.464083565149241650e+00
8.363349333947571462e-02 -1.456353796152740188e+00
8.378049057477360284e-02 -1.448613809521241080e+00
8.392748781007150494e-02 -1.440864190387072696e+00
8.407448504536940703e-02 -1.433105523092047306e+00
8.422148228066730913e-02 -1.425338391170692276e+00
8.436847951596521122e-02 -1.417563377333596719e+00
8.451547675126311332e-02 -1.409781063450651573e+00
8.466247398656101542e-02 -1.401992030534271905e+00
8.480947122185891751e-02 -1.394196858722777321e+00
8.495646845715681961e-02 -1.386396127263743949e+00
8.510346569245472170e-02 -1.378590414497013583e+00
8.525046292775262380e-02 -1.370780297838555484e+00
8.539746016305052589e-02 -1.362966353763280125e+00
8.554445739834842799e-02 -1.355149157788675396e+00
8.569145463364633009e-02 -1.347329284458190557e+00
8.583845186894421830e-02 -1.339507307324437235e+00
8.598544910424212040e-02 -1.331683798932600027e+00
8.613244633954002250e-02 -1.323859330804065593e+00
8.627944357483792459e-02 -1.316034473419760431e+00
8.642644081013582669e-02 -1.308209796203110287e+00
8.657343804543372878e-02 -1.300385867504401105e+00
8.672043528073163088e-02 -1.292563254583527055e+00
8.686743251602953297e-02 -1.284742523593617847e+00
8.701442975132743507e-02 -1.276924239564923624e+00
8.716142698662533717e-02 -1.269108966387758386e+00
8.730842422192323926e-02 -1.261297266796464811e+00
8.745542145722114136e-02 -1.253489702352913682e+00
8.760241869251904345e-02 -1.245686833429951790e+00
8.774941592781694555e-02 -1.237889219194990176e+00
8.789641316311483377e-02 -1.230097417593674081e+00
8.804341039841273586e-02 -1.222311985333508488e+00
8.819040763371063796e-02 -1.214533477867060896e+00
8.833740486900854005e-02 -1.206762449376233448e+00
8.848440210430644215e-02 -1.198999452754820894e+00
8.863139933960434425e-02 -1.191245039592430999e+00
8.877839657490224634e-02 -1.183499760157598502e+00
8.892539381020014844e-02 -1.175764163380756955e+00
8.907239104549805053e-02 -1.168038796836544435e+00
8.921938828079595263e-02 -1.160324206726079055e+00
8.936638551609385472e-02 -1.152620937858097605e+00
8.951338275139175682e-02 -1.144929533628742391e+00
8.966037998668965892e-02 -1.137250536000157908e+00
8.980737722198756101e-02 -1.129584485475652045e+00
8.995437445728544923e-02 -1.121931921071995575e+00
9.010137169258335132e-02 -1.114293380285712232e+00
9.024836892788125342e-02 -1.106669399052227831e+00
9.039536616317915552e-02 -1.099060511692798059e+00
9.054236339847705761e-02 -1.091467250846815062e+00
9.068936063377495971e-02 -1.083890147379305446e+00
9.083635786907286180e-02 -1.076329730256672335e+00
9.098335510437076390e-02 -1.068786526374221779e+00
9.113035233966866600e-02 -1.061261060316136096e+00
9.127734957496656809e-02 -1.053753854018344427e+00
9.142434681026447019e-02 -1.046265426295052592e+00
9.157134404556237228e-02 -1.038796292168997937e+00
9.171834128086027438e-02 -1.031346961925496686e+00
9.186533851615817647e-02 -1.023917939776353592e+00
9.201233575145606469e-02 -1.016509721971820213e+00
9.215933298675396679e-02 -1.009122794138885837e+00
9.230633022205186888e-02 -1.001757627532400718e+00
9.245332745734977098e-02 -9.944146737661316848e-01
9.260032469264767307e-02 -9.870943574243433716e-01
9.274732192794557517e-02 -9.797970657269754469e-01
9.289431916324347727e-02 -9.725231341092204218e-01
9.304131639854137936e-02 -9.652728261612057992e-01
9.318831363383928146e-02 -9.580463058014956346e-01
9.333531086913718355e-02 -9.508435988023524743e-01
9.348230810443508565e-02 -9.436645397678162794e-01
9.362930533973298775e-02 -9.365086993176614527e-01
9.377630257503088984e-02 -9.293752844502005672e-01
9.392329981032879194e-02 -9.222630027231222272e-01
9.407029704562668015e-02 -9.151698778422971969e-01
9.421729428092458225e-02 -9.080930003072129608e-01
9.436429151622248435e-02 -9.010281916833111637e-01
9.451128875152038644e-02 -8.939695546008206151e-01
9.465828598681828854e-02 -8.869088723761286985e-01
9.480528322211619063e-02 -8.798348118640539894e-01
9.495228045741409273e-02 -8.727318703450492876e-01
9.509927769271199482e-02 -8.655789914892846326e-01
9.524627492800989692e-02 -8.583477562265091620e-01
9.539327216330779902e-02 -8.510000312126191346e-01
9.554026939860570111e-02 -8.434849300631697133e-01
9.568726663390360321e-02 -8.357349102493074611e-01
9.583426386920150530e-02 -8.276607912956333024e-01
9.598126110449939352e-02 -8.191454376677178573e-01
9.612825833979729562e-02 -8.100358028279899258e-01
9.627525557509519771e-02 -8.001329801073229220e-01
9.642225281039309981e-02 -7.891798526659155044e-01
9.656925004569100190e-02 -7.768458809340845761e-01
9.671624728098890400e-02 -7.627085145056025084e-01
9.686324451628680610e-02 -7.462306704358816489e-01
9.701024175158470819e-02 -7.267336863677407166e-01
9.715723898688261029e-02 -7.033651411282324517e-01
9.730423622218051238e-02 -6.750609448611868402e-01
9.745123345747841448e-02 -6.405011438814636193e-01
9.759823069277631657e-02 -5.980589716110831233e-01
9.774522792807421867e-02 -5.457428159392065936e-01
9.789222516337212077e-02 -4.811309747675629467e-01
9.803922239867000898e-02 -4.012993440835117553e-01
9.818621963396791108e-02 -3.027425334882636321e-01
9.833321686926581318e-02 -1.812893366180805543e-01
9.848021410456371527e-02 -3.201399799538862112e-02
9.862721133986161737e-02 1.508546922157307790e-01
9.877420857515951946e-02 3.740237907784269566e-01
9.892120581045742156e-02 6.452227000283468072e-01
9.906820304575532365e-02 9.732816802955088775e-01
9.921520028105322575e-02 1.368197595416042134e+00
9.936219751635112785e-02 1.841181490374736995e+00
9.950919475164902994e-02 2.404682100411930534e+00
9.965619198694693204e-02 3.072379069167066490e+00
9.980318922224483413e-02 3.859139568947925980e+00
9.995018645754273623e-02 4.780932226448767253e+00
1.000971836928406244e-01 5.854692813192624357e+00
1.002441809281385265e-01 7.098137101132527604e+00
1.003911781634364286e-01 8.529517633024561007e+00
1.005381753987343307e-01 1.016732291558931323e+01
1.006851726340322328e-01 1.202991968651696730e+01
1.008321698693301349e-01 1.413514138079750815e+01
1.009791671046280370e-01 1.649982864452955411e+01
1.011261643399259391e-01 1.913933060324625757e+01
1.012731615752238412e-01 2.206697844926561913e+01
1.014201588105217433e-01 2.529354561125575884e+01
1.015671560458196454e-01 2.882671114015781910e+01
1.017141532811175475e-01 3.267054481843239699e+01
1.018611505164154496e-01 3.682503371402715686e+01
1.020081477517133517e-01 4.128567031845981461e+01
1.021551449870112399e-01 4.604312192596895414e+01
1.023021422223091420e-01 5.108299946825128757e+01
1.024491394576070441e-01 5.638574160985668016e+01
1.025961366929049462e-01 6.192662658328114134e+01
1.027431339282028483e-01 6.767592010895988608e+01
1.028901311635007504e-01 7.359916296779859124e+01
1.030371283987986525e-01 7.965759658431834112e+01
1.031841256340965546e-01 8.580871958510491027e+01
1.033311228693944567e-01 9.200696299005758760e+01
1.034781201046923588e-01 9.820446674811761056e+01
1.036251173399902609e-01 1.043519360074647153e+02
1.037721145752881630e-01 1.103995520457360300e+02
1.039191118105860651e-01 1.162979103667337881e+02
1.040661090458839672e-01 1.219989572269962537e+02
1.042131062811818554e-01 1.274568958532587573e+02
1.043601035164797575e-01 1.326290348452139938e+02
1.045071007517776596e-01 1.374765536532997601e+02
1.046540979870755617e-01 1.419651634417044477e+02
1.048010952223734638e-01 1.460656459023228422e+02
1.049480924576713659e-01 1.497542574460770766e+02
1.050950896929692679e-01 1.530129914092620140e+02
1.052420869282671700e-01 1.558296962116959037e+02
1.053890841635650721e-01 1.581980525357695058e+02
1.055360813988629742e-01 1.601174173290748968e+02
1.056830786341608763e-01 1.615925465713350491e+02
1.058300758694587784e-01 1.626332121363894601e+02
1.059770731047566805e-01 1.632537306195712574e+02
1.061240703400545826e-01 1.634724236395420292e+02
1.062710675753524708e-01 1.633110298616899172e+02
1.064180648106503729e-01 1.627940888737092564e+02
1.065650620459482750e-01 1.619483161580932631e+02
1.067120592812461771e-01 1.608019868663548095e+02
1.068590565165440792e-01 1.593843440417358295e+02
1.070060537518419813e-01 1.577250445075592893e+02
1.071530509871398834e-01 1.558536529850962893e+02
1.073000482224377855e-01 1.537991922688175634e+02
1.074470454577356876e-01 1.515897545953473013e+02
1.075940426930335897e-01 1.492521768037286449e+02
1.077410399283314918e-01 1.468117795850734524e+02
1.078880371636293939e-01 1.442921691221583842e+02
1.080350343989272960e-01 1.417150977634965727e+02
1.081820316342251842e-01 1.391003790794572410e+02
1.083290288695230863e-01 1.364658517083173308e+02
1.084760261048209884e-01 1.338273857997593836e+02
1.086230233401188905e-01 1.311989255717485889e+02
1.087700205754167926e-01 1.285925614745602559e+02
1.089170178107146947e-01 1.260186256582433799e+02
1.090640150460125968e-01 1.234858048201609790e+02
1.092110122813104989e-01 1.210012650211697292e+02
1.093580095166084010e-01 1.185707836589812700e+02
1.095050067519063031e-01 1.161988844361566890e+02
1.096520039872042052e-01 1.138889718242915166e+02
1.097990012225021073e-01 1.116434621774928360e+02
1.099459984578000094e-01 1.094639092655526724e+02
1.100929956930979114e-01 1.073511225644547409e+02
1.102399929283957997e-01 1.053052771485454855e+02
1.103869901636937018e-01 1.033260144690988795e+02
1.105339873989916039e-01 1.014125336762983522e+02
1.106809846342895060e-01 9.956367344717833134e+01
1.108279818695874080e-01 9.777798452456620737e+01
1.109749791048853101e-01 9.605379335692924769e+01
1.111219763401832122e-01 9.438925736272577183e+01
1.112689735754811143e-01 9.278241243234649005e+01
1.114159708107790164e-01 9.123121333307544489e+01
1.115629680460769185e-01 8.973356770449670705e+01
1.117099652813748206e-01 8.828736432978271864e+01
1.118569625166727227e-01 8.689049634801344268e+01
1.120039597519706248e-01 8.554088003909407689e+01
1.121509569872685269e-01 8.423646977021739701e+01
1.122979542225664151e-01 8.297526964466771915e+01
1.124449514578643172e-01 8.175534234292754832e+01
1.125919486931622193e-01 8.057481559473116306e+01
1.127389459284601214e-01 7.943188667057829377e+01
1.128859431637580235e-01 7.832482523345476011e+01
1.130329403990559256e-01 7.725197484692643002e+01
1.131799376343538277e-01 7.621175339483511380e+01
1.133269348696517298e-01 7.520265263078724161e+01
1.134739321049496319e-01 7.422323704251137144e+01
1.136209293402475340e-01 7.327214218689192649e+01
1.137679265755454361e-01 7.234807262584578780e+01
1.139149238108433382e-01 7.144979957096717271e+01
1.140619210461412403e-01 7.057615832570382963e+01
1.142089182814391424e-01 6.972604559745865060e+01
1.143559155167370306e-01 6.889841673810971656e+01
1.145029127520349327e-01 6.809228295972663147e+01
1.146499099873328348e-01 6.730670856243494882e+01
1.147969072226307369e-01 6.654080820320282896e+01
1.149439044579286390e-01 6.579374422755084595e+01
1.150909016932265411e-01 6.506472408061108581e+01
1.152378989285244432e-01 6.435299780940579240e+01
1.153848961638223453e-01 6.365785566451462074e+01
1.155318933991202474e-01 6.297862580631664287e+01
1.156788906344181495e-01 6.231467211860387323e+01
1.158258878697160515e-01 6.166539213048011447e+01
1.159728851050139536e-01 6.103021504597298019e+01
1.161198823403118557e-01 6.040859987965076527e+01
1.162668795756097578e-01 5.980003369566724558e+01
1.164138768109076461e-01 5.920402994701862553e+01
1.165608740462055481e-01 5.862012691133588760e+01
1.167078712815034502e-01 5.804788621923125902e+01
1.168548685168013523e-01 5.748689147101573127e+01
1.170018657520992544e-01 5.693674693751206917e+01
1.171488629873971565e-01 5.639707634065845809e+01
1.172958602226950586e-01 5.586752170962832054e+01
1.174428574579929607e-01 5.534774230827171948e+01
1.175898546932908628e-01 5.483741362978712175e+01
1.177368519285887649e-01 5.433622645467038126e+01
1.178838491638866670e-01 5.384388596813348471e+01
1.180308463991845691e-01 5.336011093335370958e+01
1.181778436344824712e-01 5.288463291707688541e+01
1.183248408697803733e-01 5.241719556427501914e+01
1.184718381050782615e-01 5.195755391873144191e+01
1.186188353403761636e-01 5.150547378659608455e+01
1.187658325756740657e-01 5.106073114012523462e+01
1.189128298109719678e-01 5.062311155897934611e+01
1.190598270462698699e-01 5.019240970661575574e+01
1.192068242815677720e-01 4.976842883945951712e+01
1.193538215168656741e-01 4.935098034668769174e+01
1.195008187521635762e-01 4.893988331859242180e+01
1.196478159874614783e-01 4.853496414162836459e+01
1.197948132227593804e-01 4.813605611836719333e+01
1.199418104580572825e-01 4.774299911070384894e+01
1.200888076933551846e-01 4.735563920476731425e+01
1.202358049286530867e-01 4.697382839609448268e+01
1.203828021639509749e-01 4.659742429372249717e+01
1.205297993992488770e-01 4.622628984194446389e+01
1.206767966345467791e-01 4.586029305856457938e+01
1.208237938698446812e-01 4.549930678856237876e+01
1.209707911051425833e-01 4.514320847215371657e+01
1.211177883404404854e-01 4.479187992630797766e+01
1.212647855757383875e-01 4.444520713884024588e+01
1.214117828110362896e-01 4.410308007426454679e+01
1.215587800463341916e-01 4.376539249064548187e+01
1.217057772816320937e-01 4.343204176674059624e+01
1.218527745169299958e-01 4.310292873877436648e+01
1.219997717522278979e-01 4.277795754623078039e+01
1.221467689875258000e-01 4.245703548609091627e+01
1.222937662228237021e-01 4.214007287498574783e+01
1.224407634581216042e-01 4.182698291876670282e+01
1.225877606934195063e-01 4.151768158903310280e+01
1.227347579287174084e-01 4.121208750618544059e+01
1.228817551640153105e-01 4.091012182860409752e+01
1.230287523993132126e-01 4.061170814757956293e+01
1.231757496346111147e-01 4.031677238764397941e+01
1.233227468699090168e-01 4.002524271198241479e+01
1.234697441052068911e-01 3.973704943261530786e+01
1.236167413405047932e-01 3.945212492507381796e+01
1.237637385758026953e-01 3.917040354730066554e+01
1.239107358111005974e-01 3.889182156252930156e+01
1.240577330463984995e-01 3.861631706591401780e+01
1.242047302816964016e-01 3.834382991468968527e+01
1.243517275169943037e-01 3.807430166166574281e+01
1.244987247522922058e-01 3.780767549186010967e+01
1.246457219875901079e-01 3.754389616210129788e+01
1.247927192228880100e-01 3.728290994342911802e+01
1.249397164581859121e-01 3.702466456614265411e+01
1.250867136934838142e-01 3.676910916734858858e+01
1.252337109287817163e-01 3.651619424087444088e+01
1.253807081640796184e-01 3.626587158941893563e+01
1.255277053993775205e-01 3.601809427882110981e+01
1.256747026346754226e-01 3.577281659433346306e+01
1.258216998699733247e-01 3.552999399879659848e+01
1.259686971052712268e-01 3.528958309261406612e+01
1.261156943405691289e-01 3.505154157543532278e+01
1.262626915758670310e-01 3.481582820945975243e+01
1.264096888111649331e-01 3.458240278427768999e+01
1.265566860464628351e-01 3.435122608317290371e+01
1.267036832817607372e-01 3.412225985081250457e+01
1.268506805170586393e-01 3.389546676225552346e+01
1.269976777523565414e-01 3.367081039321588776e+01
1.271446749876544435e-01 3.344825519151798687e+01
1.272916722229523456e-01 3.322776644968821813e+01
1.274386694582502477e-01 3.300931027862697675e+01
1.275856666935481221e-01 3.279285358231044256e+01
1.277326639288460242e-01 3.257836403347388909e+01
1.278796611641439263e-01 3.236581005022942747e+01
1.280266583994418284e-01 3.215516077357665381e+01
1.281736556347397304e-01 3.194638604576363150e+01
1.283206528700376325e-01 3.173945638946052128e+01
1.284676501053355346e-01 3.153434298770791955e+01
1.286146473406334367e-01 3.133101766460629989e+01
1.287616445759313388e-01 3.112945286671381240e+01
1.289086418112292409e-01 3.092962164511903111e+01
1.290556390465271430e-01 3.073149763816174485e+01
1.292026362818250451e-01 3.053505505477206228e+01
1.293496335171229472e-01 3.034026865840136011e+01
1.294966307524208493e-01 3.014711375152030115e+01
1.296436279877187514e-01 2.995556616065943700e+01
1.297906252230166535e-01 2.976560222196870953e+01
1.299376224583145556e-01 2.957719876727675512e+01
1.300846196936124577e-01 2.939033311062576104e+01
1.302316169289103598e-01 2.920498303526520090e+01
1.303786141642082619e-01 2.902112678108375832e+01
1.305256113995061640e-01 2.883874303246317083e+01
1.306726086348040661e-01 2.865781090653547380e+01
1.308196058701019682e-01 2.847830994182911724e+01
1.309666031053998703e-01 2.830022008728671068e+01
1.311136003406977724e-01 2.812352169164127602e+01
1.312605975759956745e-01 2.794819549313646334e+01
1.314075948112935766e-01 2.777422260957666111e+01
1.315545920465914786e-01 2.760158452869542600e+01
1.317015892818893530e-01 2.743026309882946379e+01
1.318485865171872551e-01 2.726024051988567720e+01
1.319955837524851572e-01 2.709149933459210757e+01
1.321425809877830593e-01 2.692402242002020074e+01
1.322895782230809614e-01 2.675779297936974643e+01
1.324365754583788635e-01 2.659279453400521476e+01
1.325835726936767656e-01 2.642901091573585504e+01
1.327305699289746677e-01 2.626642625932898767e+01
1.328775671642725698e-01 2.610502499525038189e+01
1.330245643995704719e-01 2.594479184262000615e+01
1.331715616348683739e-01 2.578571180237900151e+01
1.333185588701662760e-01 2.562777015065771735e+01
1.334655561054641781e-01 2.547095243233927420e+01
1.336125533407620802e-01 2.531524445481132446e+01
1.337595505760599823e-01 2.516063228189818446e+01
1.339065478113578844e-01 2.500710222796951143e+01
1.340535450466557865e-01 2.485464085221711628e+01
1.342005422819536886e-01 2.470323495309550310e+01
1.343475395172515907e-01 2.455287156291979045e+01
1.344945367525494928e-01 2.440353794261591958e+01
1.346415339878473949e-01 2.425522157661866629e+01
1.347885312231452970e-01 2.410791016791091934e+01
1.349355284584431991e-01 2.396159163320108121e+01
1.350825256937411012e-01 2.381625409823261919e+01
1.352295229290390033e-01 2.367188589322398684e+01
1.353765201643369054e-01 2.352847554842974986e+01
1.355235173996348075e-01 2.338601178982522200e+01
1.356705146349326818e-01 2.324448353490464925e+01
1.358175118702305839e-01 2.310387988859413966e+01
1.359645091055284860e-01 2.296419013927175712e+01
1.361115063408263881e-01 2.282540375489430673e+01
1.362585035761242902e-01 2.268751037922570646e+01
1.364055008114221923e-01 2.255049982816434095e+01
1.365524980467200944e-01 2.241436208616609349e+01
1.366994952820179965e-01 2.227908730276009663e+01
1.368464925173158986e-01 2.214466578915462591e+01
1.369934897526138007e-01 2.201108801492990708e+01
1.371404869879117028e-01 2.187834460481535359e+01
1.372874842232096049e-01 2.174642633554868709e+01
1.374344814585075070e-01 2.161532413281423715e+01
1.375814786938054091e-01 2.148502906825839887e+01
1.377284759291033112e-01 2.135553235657993554e+01
1.378754731644012133e-01 2.122682535269181514e+01
1.380224703996991154e-01 2.109889954895362507e+01
1.381694676349970174e-01 2.097174657247312268e+01
1.383164648702949195e-01 2.084535818247227468e+01
1.384634621055928216e-01 2.071972626771849590e+01
1.386104593408907237e-01 2.059484284401783682e+01
1.387574565761886258e-01 2.047070005176856355e+01
1.389044538114865279e-01 2.034729015357400783e+01
1.390514510467844300e-01 2.022460553191157828e+01
1.391984482820823321e-01 2.010263868685785482e+01
1.393454455173802342e-01 1.998138223386707324e+01
1.394924427526781363e-01 1.986082890160248127e+01
1.396394399879760384e-01 1.974097152981720882e+01
1.397864372232739127e-01 1.962180306728625823e+01
1.399334344585718148e-01 1.950331656978497463e+01
1.400804316938697169e-01 1.938550519811505524e+01
1.402274289291676190e-01 1.926836221617525524e+01
1.403744261644655211e-01 1.915188098907696457e+01
1.405214233997634232e-01 1.903605498130170304e+01
1.406684206350613253e-01 1.892087775490103851e+01
1.408154178703592274e-01 1.880634296773714453e+01
1.409624151056571295e-01 1.869244437176169527e+01
1.411094123409550316e-01 1.857917581133507312e+01
1.412564095762529337e-01 1.846653122158079441e+01
1.414034068115508358e-01 1.835450462677811956e+01
1.415504040468487379e-01 1.824309013878839281e+01
1.416974012821466400e-01 1.813228195551779010e+01
1.418443985174445421e-01 1.802207435941138414e+01
1.419913957527424442e-01 1.791246171598208292e+01
1.421383929880403463e-01 1.780343847236926891e+01
