-4.711845074562848179e-03 1.896756700280507602e+01
-4.564847839264946951e-03 1.903080057758707966e+01
-4.417850603967045722e-03 1.909398084544216800e+01
-4.270853368669145361e-03 1.915710542371912339e+01
-4.123856133371244133e-03 1.922017192985560285e+01
-3.976858898073342904e-03 1.928317798147361373e+01
-3.829861662775441676e-03 1.934612119647528061e+01
-3.682864427477540448e-03 1.940899919313891075e+01
-3.535867192179639219e-03 1.947180959021529389e+01
-3.388869956881738425e-03 1.953455000702429345e+01
-3.241872721583837196e-03 1.959721806355171836e+01
-3.094875486285936401e-03 1.965981138054641164e+01
-2.947878250988035173e-03 1.972232757961763738e+01
-2.800881015690133945e-03 1.978476428333268444e+01
-2.653883780392232716e-03 1.984711911531473660e+01
-2.506886545094331922e-03 1.990938970034096300e+01
-2.359889309796430693e-03 1.997157366444087501e+01
-2.212892074498529465e-03 2.003366863499485717e+01
-2.065894839200628670e-03 2.009567224083298242e+01
-1.918897603902727442e-03 2.015758211233402619e+01
-1.771900368604826213e-03 2.021939588152464040e+01
-1.624903133306925419e-03 2.028111118217883657e+01
-1.477905898009024190e-03 2.034272564991758259e+01
-1.330908662711122962e-03 2.040423692230864816e+01
-1.183911427413222167e-03 2.046564263896660663e+01
-1.036914192115320939e-03 2.052694044165306053e+01
-8.899169568174197104e-04 2.058812797437700226e+01
-7.429197215195184820e-04 2.064920288349540556e+01
-5.959224862216172536e-04 2.071016281781393786e+01
-4.489252509237168925e-04 2.077100542868783251e+01
-3.019280156258156642e-04 2.083172837012298828e+01
-1.549307803279144358e-04 2.089232929887713652e+01
-7.933545030013207378e-06 2.095280587456119292e+01
1.390636902678880210e-04 2.101315575974074434e+01
2.860609255657892494e-04 2.107337662003769196e+01
4.330581608636904778e-04 2.113346612423197968e+01
5.800553961615908388e-04 2.119342194436346460e+01
7.270526314594920672e-04 2.125324175583392616e+01
8.740498667573932956e-04 2.131292323750913908e+01
1.021047102055294524e-03 2.137246407182109920e+01
1.168044337353195752e-03 2.143186194487028473e+01
1.315041572651096981e-03 2.149111454652810949e+01
1.462038807948997342e-03 2.155021957053932269e+01
1.609036043246898570e-03 2.160917471462462203e+01
1.756033278544799799e-03 2.166797768058324891e+01
1.903030513842701027e-03 2.172662617439568677e+01
2.050027749140602255e-03 2.178511790632641976e+01
2.197024984438503484e-03 2.184345059102673048e+01
2.344022219736403845e-03 2.190162194763755110e+01
2.491019455034305073e-03 2.195962969989235702e+01
2.638016690332206302e-03 2.201747157622009610e+01
2.785013925630107530e-03 2.207514530984812495e+01
2.932011160928008758e-03 2.213264863890520218e+01
3.079008396225909987e-03 2.218997930652446371e+01
3.226005631523811215e-03 2.224713506094640536e+01
3.373002866821711576e-03 2.230411365562190440e+01
3.520000102119613672e-03 2.236091284931517364e+01
3.666997337417514033e-03 2.241753040620675819e+01
3.813994572715414394e-03 2.247396409599648592e+01
3.960991808013316490e-03 2.253021169400638968e+01
4.107989043311216851e-03 2.258627098128360444e+01
4.254986278609118946e-03 2.264213974470322555e+01
4.401983513907019308e-03 2.269781577707109932e+01
4.548980749204921403e-03 2.275329687722659600e+01
4.695977984502821764e-03 2.280858085014528669e+01
4.842975219800722125e-03 2.286366550704157774e+01
4.989972455098624221e-03 2.291854866547124914e+01
5.136969690396524582e-03 2.297322814943392899e+01
5.283966925694426678e-03 2.302770178947546498e+01
5.430964160992327039e-03 2.308196742279019986e+01
5.577961396290229135e-03 2.313602289332317596e+01
5.724958631588129496e-03 2.318986605187217620e+01
5.871955866886029857e-03 2.324349475618968341e+01
6.018953102183931952e-03 2.329690687108471536e+01
6.165950337481832313e-03 2.335010026852451048e+01
6.312947572779734409e-03 2.340307282773608577e+01
6.459944808077634770e-03 2.345582243530765254e+01
6.606942043375535131e-03 2.350834698528988298e+01
6.753939278673437227e-03 2.356064437929698840e+01
6.900936513971337588e-03 2.361271252660765896e+01
7.047933749269239684e-03 2.366454934426582923e+01
7.194930984567140045e-03 2.371615275718125559e+01
7.341928219865042141e-03 2.376752069822986968e+01
7.488925455162942502e-03 2.381865110835402177e+01
7.635922690460842863e-03 2.386954193666242219e+01
7.782919925758744958e-03 2.392019114052994766e+01
7.929917161056645319e-03 2.397059668569718127e+01
8.076914396354547415e-03 2.402075654636976410e+01
8.223911631652447776e-03 2.407066870531748037e+01
8.370908866950349872e-03 2.412033115397313310e+01
8.517906102248250233e-03 2.416974189253114957e+01
8.664903337546150594e-03 2.421889893004595962e+01
8.811900572844052690e-03 2.426780028453007532e+01
8.958897808141953051e-03 2.431644398305194699e+01
9.105895043439855147e-03 2.436482806183348515e+01
9.252892278737755508e-03 2.441295056634736937e+01
9.399889514035655869e-03 2.446080955141403024e+01
9.546886749333557964e-03 2.450840308129830447e+01
9.693883984631458325e-03 2.455572922980583428e+01
9.840881219929360421e-03 2.460278608037915049e+01
9.987878455227260782e-03 2.464957172619339332e+01
1.013487569052516288e-02 2.469608427025175956e+01
1.028187292582306324e-02 2.474232182548058034e+01
1.042887016112096360e-02 2.478828251482406841e+01
1.057586739641886570e-02 2.483396447133873153e+01
1.072286463171676606e-02 2.487936583828739145e+01
1.086986186701466815e-02 2.492448476923290812e+01
1.101685910231256851e-02 2.496931942813144190e+01
1.116385633761047061e-02 2.501386798942542811e+01
1.131085357290836924e-02 2.505812863813611102e+01
1.145785080820627133e-02 2.510209956995571190e+01
1.160484804350417343e-02 2.514577899133918137e+01
1.175184527880207552e-02 2.518916511959556459e+01
1.189884251409997415e-02 2.523225618297894357e+01
1.204583974939787624e-02 2.527505042077895325e+01
1.219283698469577834e-02 2.531754608341089963e+01
1.233983421999367697e-02 2.535974143250538759e+01
1.248683145529157906e-02 2.540163474099759355e+01
1.263382869058948116e-02 2.544322429321598378e+01
1.278082592588738325e-02 2.548450838497068105e+01
1.292782316118528188e-02 2.552548532364128775e+01
1.307482039648318398e-02 2.556615342826431814e+01
1.322181763178108607e-02 2.560651102962006576e+01
1.336881486707898470e-02 2.564655647031905872e+01
1.351581210237688679e-02 2.568628810488800340e+01
1.366280933767478889e-02 2.572570429985521656e+01
1.380980657297269099e-02 2.576480343383557425e+01
1.395680380827058961e-02 2.580358389761496696e+01
1.410380104356849171e-02 2.584204409423416138e+01
1.425079827886639380e-02 2.588018243907224658e+01
1.439779551416429243e-02 2.591799735992946907e+01
1.454479274946219453e-02 2.595548729710955627e+01
1.469178998476009662e-02 2.599265070350151774e+01
1.483878722005799872e-02 2.602948604466084959e+01
1.498578445535589734e-02 2.606599179889024498e+01
1.513278169065379944e-02 2.610216645731965102e+01
1.527977892595170153e-02 2.613800852398588148e+01
1.542677616124960016e-02 2.617351651591152262e+01
1.557377339654750226e-02 2.620868896318334507e+01
1.572077063184540435e-02 2.624352440903009409e+01
1.586776786714330645e-02 2.627802140989967583e+01
1.601476510244120507e-02 2.631217853553577513e+01
1.616176233773910717e-02 2.634599436905382319e+01
1.630875957303700927e-02 2.637946750701638621e+01
1.645575680833490789e-02 2.641259655950791796e+01
1.660275404363280999e-02 2.644538015020886945e+01
1.674975127893071208e-02 2.647781691646919455e+01
1.689674851422861418e-02 2.650990550938121970e+01
1.704374574952651281e-02 2.654164459385183861e+01
1.719074298482441490e-02 2.657303284867405324e+01
1.733774022012231700e-02 2.660406896659791443e+01
1.748473745542021562e-02 2.663475165440073056e+01
1.763173469071811772e-02 2.666507963295664752e+01
1.777873192601601982e-02 2.669505163730555353e+01
1.792572916131391844e-02 2.672466641672127707e+01
1.807272639661182054e-02 2.675392273477911687e+01
1.821972363190972263e-02 2.678281936942271102e+01
1.836672086720762473e-02 2.681135511303011754e+01
1.851371810250552336e-02 2.683952877247931923e+01
1.866071533780342545e-02 2.686733916921289733e+01
1.880771257310132755e-02 2.689478513930208337e+01
1.895470980839922617e-02 2.692186553351001876e+01
1.910170704369712827e-02 2.694857921735435724e+01
1.924870427899503036e-02 2.697492507116908911e+01
1.939570151429293246e-02 2.700090199016565862e+01
1.954269874959083109e-02 2.702650888449329614e+01
1.968969598488873318e-02 2.705174467929867888e+01
1.983669322018663528e-02 2.707660831478477093e+01
1.998369045548453390e-02 2.710109874626894566e+01
2.013068769078243600e-02 2.712521494424034074e+01
2.027768492608033810e-02 2.714895589441642443e+01
2.042468216137824019e-02 2.717232059779883002e+01
2.057167939667613882e-02 2.719530807072839451e+01
2.071867663197404091e-02 2.721791734493940140e+01
2.086567386727194301e-02 2.724014746761307393e+01
2.101267110256984164e-02 2.726199750143024758e+01
2.115966833786774373e-02 2.728346652462327526e+01
2.130666557316564583e-02 2.730455363102709043e+01
2.145366280846354792e-02 2.732525793012953841e+01
2.160066004376144655e-02 2.734557854712082658e+01
2.174765727905934865e-02 2.736551462294220372e+01
2.189465451435725074e-02 2.738506531433382563e+01
2.204165174965514937e-02 2.740422979388176827e+01
2.218864898495305146e-02 2.742300725006426632e+01
2.233564622025095356e-02 2.744139688729707416e+01
2.248264345554885565e-02 2.745939792597801699e+01
2.262964069084675428e-02 2.747700960253071401e+01
2.277663792614465638e-02 2.749423116944745971e+01
2.292363516144255847e-02 2.751106189533122759e+01
2.307063239674045710e-02 2.752750106493688520e+01
2.321762963203835919e-02 2.754354797921151032e+01
2.336462686733626129e-02 2.755920195533385808e+01
2.351162410263415992e-02 2.757446232675299669e+01
2.365862133793206201e-02 2.758932844322606570e+01
2.380561857322996411e-02 2.760379967085516029e+01
2.395261580852786620e-02 2.761787539212336640e+01
2.409961304382576483e-02 2.763155500592988290e+01
2.424661027912366693e-02 2.764483792762435499e+01
2.439360751442156902e-02 2.765772358904022354e+01
2.454060474971946765e-02 2.767021143852727505e+01
2.468760198501736974e-02 2.768230094098326433e+01
2.483459922031527184e-02 2.769399157788468102e+01
2.498159645561317393e-02 2.770528284731658175e+01
2.512859369091107256e-02 2.771617426400158735e+01
2.527559092620897466e-02 2.772666535932795284e+01
2.542258816150687675e-02 2.773675568137672798e+01
2.556958539680477538e-02 2.774644479494805438e+01
2.571658263210267747e-02 2.775573228158652483e+01
2.586357986740057957e-02 2.776461773960566859e+01
2.601057710269848167e-02 2.777310078411151295e+01
2.615757433799638029e-02 2.778118104702523539e+01
2.630457157329428239e-02 2.778885817710490258e+01
2.645156880859218448e-02 2.779613183996632131e+01
2.659856604389008311e-02 2.780300171810293364e+01
2.674556327918798521e-02 2.780946751090484526e+01
2.689256051448588730e-02 2.781552893467686971e+01
2.703955774978378940e-02 2.782118572265573420e+01
2.718655498508169149e-02 2.782643762502627283e+01
2.733355222037958665e-02 2.783128440893678857e+01
2.748054945567748875e-02 2.783572585851340619e+01
2.762754669097539084e-02 2.783976177487357262e+01
2.777454392627329294e-02 2.784339197613855887e+01
2.792154116157119503e-02 2.784661629744509881e+01
2.806853839686909713e-02 2.784943459095605078e+01
2.821553563216699922e-02 2.785184672587013921e+01
2.836253286746489438e-02 2.785385258843080436e+01
2.850953010276279648e-02 2.785545208193403965e+01
2.865652733806069857e-02 2.785664512673537629e+01
2.880352457335860067e-02 2.785743166025586248e+01
2.895052180865650276e-02 2.785781163698717933e+01
2.909751904395440486e-02 2.785778502849575489e+01
2.924451627925230696e-02 2.785735182342597938e+01
2.939151351455020211e-02 2.785651202750247180e+01
2.953851074984810421e-02 2.785526566353142641e+01
2.968550798514600630e-02 2.785361277140097869e+01
2.983250522044390840e-02 2.785155340808067947e+01
2.997950245574181050e-02 2.784908764762001354e+01
3.012649969103971259e-02 2.784621558114597661e+01
3.027349692633761469e-02 2.784293731685971096e+01
3.042049416163550984e-02 2.783925298003222082e+01
3.056749139693341194e-02 2.783516271299912503e+01
3.071448863223131404e-02 2.783066667515450376e+01
3.086148586752921613e-02 2.782576504294377884e+01
3.100848310282711823e-02 2.782045800985566331e+01
3.115548033812502032e-02 2.781474578641320505e+01
3.130247757342292242e-02 2.780862860016385696e+01
3.144947480872081758e-02 2.780210669566860560e+01
3.159647204401871967e-02 2.779518033449022596e+01
3.174346927931662177e-02 2.778784979518052722e+01
3.189046651461452386e-02 2.778011537326673519e+01
3.203746374991242596e-02 2.777197738123689419e+01
3.218446098521032805e-02 2.776343614852434172e+01
3.233145822050823015e-02 2.775449202149130912e+01
3.247845545580612531e-02 2.774514536341149551e+01
3.262545269110402740e-02 2.773539655445184238e+01
3.277244992640192950e-02 2.772524599165324943e+01
3.291944716169983159e-02 2.771469408891047337e+01
3.306644439699773369e-02 2.770374127695104249e+01
3.321344163229563579e-02 2.769238800331328321e+01
3.336043886759353788e-02 2.768063473232340499e+01
3.350743610289143304e-02 2.766848194507168301e+01
3.365443333818933513e-02 2.765593013938773481e+01
3.380143057348723723e-02 2.764297982981485546e+01
3.394842780878513933e-02 2.762963154758345752e+01
3.409542504408304142e-02 2.761588584058361917e+01
3.424242227938094352e-02 2.760174327333667321e+01
3.438941951467884561e-02 2.758720442696597530e+01
3.453641674997674077e-02 2.757226989916669879e+01
3.468341398527464287e-02 2.755694030417473073e+01
3.483041122057254496e-02 2.754121627273471873e+01
3.497740845587044706e-02 2.752509845206721195e+01
3.512440569116834915e-02 2.750858750583484635e+01
3.527140292646625125e-02 2.749168411410773416e+01
3.541840016176415334e-02 2.747438897332791186e+01
3.556539739706204850e-02 2.745670279627290711e+01
3.571239463235995060e-02 2.743862631201841396e+01
3.585939186765785269e-02 2.742016026590017219e+01
3.600638910295575479e-02 2.740130541947482712e+01
3.615338633825365688e-02 2.738206255048006810e+01
3.630038357355155898e-02 2.736243245279379011e+01
3.644738080884946108e-02 2.734241593639244883e+01
3.659437804414735623e-02 2.732201382730854533e+01
3.674137527944525833e-02 2.730122696758720480e+01
3.688837251474316042e-02 2.728005621524198432e+01
3.703536975004106252e-02 2.725850244420976409e+01
3.718236698533896462e-02 2.723656654430481439e+01
3.732936422063686671e-02 2.721424942117201340e+01
3.747636145593476881e-02 2.719155199623923380e+01
3.762335869123266396e-02 2.716847520666890148e+01
3.777035592653056606e-02 2.714502000530867321e+01
3.791735316182846816e-02 2.712118736064136826e+01
3.806435039712637025e-02 2.709697825673399052e+01
3.821134763242427235e-02 2.707239369318599387e+01
3.835834486772217444e-02 2.704743468507671267e+01
3.850534210302007654e-02 2.702210226291195028e+01
3.865233933831797170e-02 2.699639747256982147e+01
3.879933657361587379e-02 2.697032137524573869e+01
3.894633380891377589e-02 2.694387504739660599e+01
3.909333104421167798e-02 2.691705958068428828e+01
3.924032827950958008e-02 2.688987608191818168e+01
3.938732551480748217e-02 2.686232567299705920e+01
3.953432275010537733e-02 2.683440949085018445e+01
3.968131998540327943e-02 2.680612868737753374e+01
3.982831722070118152e-02 2.677748442938936790e+01
3.997531445599908362e-02 2.674847789854494096e+01
4.012231169129698571e-02 2.671911029129052650e+01
4.026930892659488781e-02 2.668938281879664487e+01
4.041630616189278991e-02 2.665929670689452990e+01
4.056330339719068506e-02 2.662885319601191370e+01
4.071030063248858716e-02 2.659805354110800124e+01
4.085729786778648925e-02 2.656689901160774525e+01
4.100429510308439135e-02 2.653539089133538909e+01
4.115129233838229345e-02 2.650353047844728849e+01
4.129828957368019554e-02 2.647131908536400857e+01
4.144528680897809764e-02 2.643875803870168895e+01
4.159228404427599279e-02 2.640584867920277645e+01
4.173928127957389489e-02 2.637259236166593723e+01
4.188627851487179699e-02 2.633899045487538615e+01
4.203327575016969908e-02 2.630504434152946658e+01
4.218027298546760118e-02 2.627075541816854809e+01
4.232727022076550327e-02 2.623612509510226687e+01
4.247426745606340537e-02 2.620115479633607336e+01
4.262126469136130053e-02 2.616584595949712622e+01
4.276826192665920262e-02 2.613020003575952188e+01
4.291525916195710472e-02 2.609421848976887048e+01
4.306225639725500681e-02 2.605790279956621092e+01
4.320925363255290891e-02 2.602125445651129354e+01
4.335625086785081100e-02 2.598427496520524471e+01
4.350324810314871310e-02 2.594696584341255630e+01
4.365024533844660826e-02 2.590932862198248898e+01
4.379724257374451035e-02 2.587136484476983966e+01
4.394423980904241245e-02 2.583307606855510841e+01
4.409123704434031454e-02 2.579446386296404725e+01
4.423823427963821664e-02 2.575552981038662637e+01
4.438523151493611874e-02 2.571627550589538913e+01
4.453222875023402083e-02 2.567670255716322458e+01
4.467922598553191599e-02 2.563681258438057853e+01
4.482622322082981808e-02 2.559660722017208201e+01
4.497322045612772018e-02 2.555608810951259358e+01
4.512021769142562228e-02 2.551525690964269444e+01
4.526721492672352437e-02 2.547411528998367913e+01
4.541421216202142647e-02 2.543266493205189249e+01
4.556120939731932856e-02 2.539090752937264028e+01
4.570820663261722372e-02 2.534884478739348879e+01
4.585520386791512581e-02 2.530647842339707054e+01
4.600220110321302791e-02 2.526381016641337851e+01
4.614919833851093001e-02 2.522084175713150955e+01
4.629619557380883210e-02 2.517757494781096028e+01
4.644319280910673420e-02 2.513401150219237223e+01
4.659019004440463629e-02 2.509015319540780453e+01
4.673718727970253145e-02 2.504600181389052338e+01
4.688418451500043355e-02 2.500155915528433326e+01
4.703118175029833564e-02 2.495682702835237166e+01
4.717817898559623774e-02 2.491180725288554498e+01
4.732517622089413983e-02 2.486650165961039605e+01
4.747217345619204193e-02 2.482091209009660915e+01
4.761917069148994403e-02 2.477504039666401781e+01
4.776616792678783918e-02 2.472888844228921101e+01
4.791316516208574128e-02 2.468245810051168121e+01
4.806016239738364337e-02 2.463575125533959920e+01
4.820715963268154547e-02 2.458876980115510946e+01
4.835415686797944756e-02 2.454151564261928797e+01
4.850115410327734966e-02 2.449399069457662748e+01
4.864815133857525176e-02 2.444619688195921015e+01
4.879514857387314691e-02 2.439813613969043615e+01
4.894214580917104901e-02 2.434981041258839340e+01
4.908914304446895110e-02 2.430122165526887912e+01
4.923614027976685320e-02 2.425237183204800573e+01
4.938313751506475530e-02 2.420326291684451903e+01
4.953013475036265739e-02 2.415389689308170063e+01
4.967713198566055949e-02 2.410427575358899333e+01
4.982412922095845464e-02 2.405440150050325343e+01
4.997112645625635674e-02 2.400427614516966912e+01
5.011812369155425884e-02 2.395390170804240171e+01
5.026512092685216093e-02 2.390328021858486807e+01
5.041211816215006303e-02 2.385241371516978859e+01
5.055911539744796512e-02 2.380130424497882657e+01
5.070611263274586722e-02 2.374995386390207841e+01
5.085310986804376238e-02 2.369836463643714808e+01
5.100010710334166447e-02 2.364653863558804403e+01
5.114710433863956657e-02 2.359447794276377408e+01
5.129410157393746866e-02 2.354218464767667029e+01
5.144109880923537076e-02 2.348966084824049005e+01
5.158809604453327285e-02 2.343690865046824001e+01
5.173509327983116801e-02 2.338393016836979399e+01
5.188209051512907011e-02 2.333072752384925508e+01
5.202908775042697220e-02 2.327730284660211169e+01
5.217608498572487430e-02 2.322365827401221594e+01
5.232308222102277639e-02 2.316979595104844947e+01
5.247007945632067849e-02 2.311571803016129678e+01
5.261707669161858059e-02 2.306142667117917711e+01
5.276407392691647574e-02 2.300692404120460566e+01
5.291107116221437784e-02 2.295221231451016308e+01
5.305806839751227993e-02 2.289729367243429436e+01
5.320506563281018203e-02 2.284217030327699050e+01
5.335206286810808413e-02 2.278684440219523566e+01
5.349906010340598622e-02 2.273131817109837627e+01
5.364605733870388832e-02 2.267559381854331946e+01
5.379305457400178347e-02 2.261967355962960724e+01
5.394005180929968557e-02 2.256355961589432724e+01
5.408704904459758767e-02 2.250725421520698433e+01
5.423404627989548976e-02 2.245075959166418045e+01
5.438104351519339186e-02 2.239407798548425177e+01
5.452804075049129395e-02 2.233721164290176375e+01
5.467503798578919605e-02 2.228016281606192450e+01
5.482203522108709121e-02 2.222293376291496614e+01
5.496903245638499330e-02 2.216552674711037341e+01
5.511602969168289540e-02 2.210794403789109808e+01
5.526302692698079749e-02 2.205018790998771294e+01
5.541002416227869959e-02 2.199226064351248056e+01
5.555702139757660168e-02 2.193416452385338289e+01
5.570401863287450378e-02 2.187590184156816520e+01
5.585101586817239894e-02 2.181747489227825554e+01
5.599801310347030103e-02 2.175888597656275181e+01
5.614501033876820313e-02 2.170013739985232348e+01
5.629200757406610522e-02 2.164123147232312050e+01
5.643900480936400732e-02 2.158217050879073184e+01
5.658600204466190942e-02 2.152295682860405179e+01
5.673299927995981151e-02 2.146359275553924562e+01
5.687999651525770667e-02 2.140408061769364423e+01
5.702699375055560876e-02 2.134442274737977741e+01
5.717399098585351086e-02 2.128462148101932883e+01
5.732098822115141296e-02 2.122467915903716573e+01
5.746798545644931505e-02 2.116459812575548227e+01
5.761498269174721715e-02 2.110438072928786113e+01
5.776197992704511924e-02 2.104402932143350213e+01
5.790897716234301440e-02 2.098354625757147573e+01
5.805597439764091650e-02 2.092293389655505109e+01
5.820297163293881859e-02 2.086219460060610231e+01
5.834996886823672069e-02 2.080133073520961062e+01
5.849696610353462278e-02 2.074034466900820917e+01
5.864396333883252488e-02 2.067923877369693031e+01
5.879096057413042697e-02 2.061801542391793163e+01
5.893795780942832907e-02 2.055667699715543506e+01
5.908495504472623117e-02 2.049522587363070159e+01
5.923195228002413326e-02 2.043366443619722617e+01
5.937894951532202148e-02 2.037199507023596823e+01
5.952594675061992358e-02 2.031022016355073845e+01
5.967294398591782567e-02 2.024834210626380582e+01
5.981994122121572777e-02 2.018636329071155444e+01
5.996693845651362986e-02 2.012428611134036771e+01
6.011393569181153196e-02 2.006211296460259064e+01
6.026093292710943405e-02 1.999984624885279416e+01
6.040793016240733615e-02 1.993748836424405013e+01
6.055492739770523825e-02 1.987504171262453312e+01
6.070192463300314034e-02 1.981250869743419685e+01
6.084892186830104244e-02 1.974989172360171352e+01
6.099591910359894453e-02 1.968719319744159435e+01
6.114291633889684663e-02 1.962441552655148769e+01
6.128991357419474872e-02 1.956156111970970102e+01
6.143691080949263694e-02 1.949863238677296451e+01
6.158390804479053904e-02 1.943563173857437576e+01
6.173090528008844113e-02 1.937256158682158258e+01
6.187790251538634323e-02 1.930942434399523933e+01
6.202489975068424533e-02 1.924622242324761601e+01
6.217189698598214742e-02 1.918295823830154490e+01
6.231889422128004952e-02 1.911963420334952701e+01
6.246589145657795161e-02 1.905625273295316902e+01
6.261288869187585371e-02 1.899281624194286877e+01
6.275988592717375580e-02 1.892932714531767147e+01
6.290688316247165790e-02 1.886578785814553783e+01
6.305388039776956000e-02 1.880220079546379353e+01
6.320087763306746209e-02 1.873856837217988414e+01
6.334787486836536419e-02 1.867489300297243204e+01
6.349487210366325241e-02 1.861117710219254207e+01
6.364186933896115450e-02 1.854742308376544457e+01
6.378886657425905660e-02 1.848363336109245125e+01
6.393586380955695869e-02 1.841981034695312758e+01
6.408286104485486079e-02 1.835595645340791648e+01
6.422985828015276288e-02 1.829207409170093612e+01
6.437685551545066498e-02 1.822816567216320394e+01
6.452385275074856708e-02 1.816423360411610233e+01
6.467084998604646917e-02 1.810028029577525288e+01
6.481784722134437127e-02 1.803630815415468192e+01
6.496484445664227336e-02 1.797231958497130933e+01
6.511184169194017546e-02 1.790831699254980691e+01
6.525883892723807755e-02 1.784430277972781553e+01
6.540583616253597965e-02 1.778027934776147845e+01
6.555283339783386787e-02 1.771624909623136901e+01
6.569983063313176996e-02 1.765221442294872034e+01
6.584682786842967206e-02 1.758817772386210976e+01
6.599382510372757416e-02 1.752414139296443452e+01
6.614082233902547625e-02 1.746010782220027480e+01
6.628781957432337835e-02 1.739607940137367592e+01
6.643481680962128044e-02 1.733205851805625386e+01
6.658181404491918254e-02 1.726804755749574127e+01
6.672881128021708463e-02 1.720404890252485686e+01
6.687580851551498673e-02 1.714006493347064364e+01
6.702280575081288883e-02 1.707609802806413413e+01
6.716980298611079092e-02 1.701215056135046311e+01
6.731680022140869302e-02 1.694822490559934991e+01
6.746379745670659511e-02 1.688432343021602478e+01
6.761079469200448333e-02 1.682044850165253536e+01
6.775779192730238543e-02 1.675660248331944047e+01
6.790478916260028752e-02 1.669278773549802253e+01
6.805178639789818962e-02 1.662900661525281620e+01
6.819878363319609171e-02 1.656526147634460244e+01
6.834578086849399381e-02 1.650155466914380753e+01
6.849277810379189591e-02 1.643788854054439241e+01
6.863977533908979800e-02 1.637426543387811506e+01
6.878677257438770010e-02 1.631068768882922981e+01
6.893376980968560219e-02 1.624715764134965568e+01
6.908076704498350429e-02 1.618367762357458517e+01
6.922776428028140638e-02 1.612024996373850882e+01
6.937476151557930848e-02 1.605687698609172998e+01
6.952175875087721058e-02 1.599356101081725612e+01
6.966875598617509879e-02 1.593030435394825517e+01
6.981575322147300089e-02 1.586710932728585277e+01
6.996275045677090298e-02 1.580397823831745185e+01
7.010974769206880508e-02 1.574091339013552115e+01
7.025674492736670718e-02 1.567791708135679407e+01
7.040374216266460927e-02 1.561499160604198266e+01
7.055073939796251137e-02 1.555213925361590910e+01
7.069773663326041346e-02 1.548936230878818421e+01
7.084473386855831556e-02 1.542666305147426442e+01
7.099173110385621766e-02 1.536404375671705758e+01
7.113872833915411975e-02 1.530150669460893909e+01
7.128572557445202185e-02 1.523905413021432409e+01
7.143272280974992394e-02 1.517668832349264285e+01
7.157972004504781216e-02 1.511441152922185616e+01
7.172671728034571426e-02 1.505222599692238816e+01
7.187371451564361635e-02 1.499013397078162413e+01
7.202071175094151845e-02 1.492813768957884690e+01
7.216770898623942054e-02 1.486623938661064237e+01
7.231470622153732264e-02 1.480444128961685024e+01
7.246170345683522473e-02 1.474274562070696959e+01
7.260870069213312683e-02 1.468115459628705466e+01
7.275569792743102893e-02 1.461967042698710451e+01
7.290269516272893102e-02 1.455829531758899797e+01
7.304969239802683312e-02 1.449703146695483191e+01
7.319668963332473521e-02 1.443588106795585091e+01
7.334368686862263731e-02 1.437484630740180869e+01
7.349068410392053941e-02 1.431392936597085175e+01
7.363768133921842762e-02 1.425313241813993415e+01
7.378467857451632972e-02 1.419245763211565503e+01
7.393167580981423181e-02 1.413190716976570904e+01
7.407867304511213391e-02 1.407148318655073282e+01
7.422567028041003601e-02 1.401118783145673241e+01
7.437266751570793810e-02 1.395102324692795293e+01
7.451966475100584020e-02 1.389099156880031671e+01
7.466666198630374229e-02 1.383109492623533043e+01
7.481365922160164439e-02 1.377133544165448598e+01
7.496065645689954648e-02 1.371171523067420850e+01
7.510765369219744858e-02 1.365223640204127697e+01
7.525465092749535068e-02 1.359290105756877054e+01
7.540164816279325277e-02 1.353371129207252288e+01
7.554864539809115487e-02 1.347466919330807222e+01
7.569564263338904309e-02 1.341577684190812825e+01
7.584263986868694518e-02 1.335703631132054703e+01
7.598963710398484728e-02 1.329844966774681225e+01
7.613663433928274937e-02 1.324001897008103867e+01
7.628363157458065147e-02 1.318174626984946229e+01
7.643062880987855356e-02 1.312363361115044569e+01
7.657762604517645566e-02 1.306568303059501268e+01
7.672462328047435776e-02 1.300789655724784133e+01
7.687162051577225985e-02 1.295027621256883599e+01
7.701861775107016195e-02 1.289282401035513992e+01
7.716561498636806404e-02 1.283554195668370568e+01
7.731261222166596614e-02 1.277843204985432379e+01
7.745960945696386823e-02 1.272149628033320923e+01
7.760660669226177033e-02 1.266473663069706213e+01
7.775360392755965855e-02 1.260815507557764192e+01
7.790060116285756064e-02 1.255175358160682109e+01
7.804759839815546274e-02 1.249553410736221259e+01
7.819459563345336484e-02 1.243949860331322377e+01
7.834159286875126693e-02 1.238364901176765009e+01
7.848859010404916903e-02 1.232798726681877000e+01
7.863558733934707112e-02 1.227251529429294408e+01
7.878258457464497322e-02 1.221723501169769222e+01
7.892958180994287531e-02 1.216214832817028224e+01
7.907657904524077741e-02 1.210725714442683909e+01
7.922357628053867951e-02 1.205256335271191936e+01
7.937057351583658160e-02 1.199806883674859748e+01
7.951757075113448370e-02 1.194377547168902787e+01
7.966456798643238579e-02 1.188968512406554723e+01
7.981156522173027401e-02 1.183579965174222437e+01
7.995856245702817611e-02 1.178212090386689326e+01
8.010555969232607820e-02 1.172865072082374027e+01
8.025255692762398030e-02 1.167539093418631424e+01
8.039955416292188239e-02 1.162234336667106760e+01
8.054655139821978449e-02 1.156950983209133099e+01
8.069354863351768659e-02 1.151689213531184386e+01
8.084054586881558868e-02 1.146449207220371136e+01
8.098754310411349078e-02 1.141231142959987466e+01
8.113454033941139287e-02 1.136035198525102352e+01
8.128153757470929497e-02 1.130861550778204538e+01
8.142853481000719706e-02 1.125710375664890606e+01
8.157553204530509916e-02 1.120581848209600651e+01
8.172252928060300126e-02 1.115476142511402813e+01
8.186952651590088947e-02 1.110393431739827541e+01
8.201652375119879157e-02 1.105333888130740760e+01
8.216352098649669367e-02 1.100297682982272462e+01
8.231051822179459576e-02 1.095284986650788284e+01
8.245751545709249786e-02 1.090295968546906025e+01
8.260451269239039995e-02 1.085330797131561553e+01
8.275150992768830205e-02 1.080389639912116806e+01
8.289850716298620414e-02 1.075472663438518595e+01
8.304550439828410624e-02 1.070580033299499334e+01
8.319250163358200834e-02 1.065711914118823422e+01
8.333949886887991043e-02 1.060868469551579807e+01
8.348649610417781253e-02 1.056049862280520557e+01
8.363349333947571462e-02 1.051256254012441538e+01
8.378049057477360284e-02 1.046487805474611221e+01
8.392748781007150494e-02 1.041744676411236448e+01
8.407448504536940703e-02 1.037027025579984496e+01
8.422148228066730913e-02 1.032335010748537840e+01
8.436847951596521122e-02 1.027668788691196511e+01
8.451547675126311332e-02 1.023028515185526466e+01
8.466247398656101542e-02 1.018414345009046684e+01
8.480947122185891751e-02 1.013826431935963157e+01
8.495646845715681961e-02 1.009264928733941069e+01
8.510346569245472170e-02 1.004729987160924587e+01
8.525046292775262380e-02 1.000221757961995905e+01
8.539746016305052589e-02 9.957403908662758596e+00
8.554445739834842799e-02 9.912860345838666376e+00
8.569145463364633009e-02 9.868588368028389013e+00
8.583845186894421830e-02 9.824589441862553230e+00
8.598544910424212040e-02 9.780865023692376425e+00
8.613244633954002250e-02 9.737416559560747586e+00
8.627944357483792459e-02 9.694245485173718535e+00
8.642644081013582669e-02 9.651353225872361108e+00
8.657343804543372878e-02 9.608741196605063095e+00
8.672043528073163088e-02 9.566410801900193661e+00
8.686743251602953297e-02 9.524363435839195091e+00
8.701442975132743507e-02 9.482600482030033362e+00
8.716142698662533717e-02 9.441123313581028853e+00
8.730842422192323926e-02 9.399933293075127594e+00
8.745542145722114136e-02 9.359031772544499361e+00
8.760241869251904345e-02 9.318420093445546115e+00
8.774941592781694555e-02 9.278099586634267482e+00
8.789641316311483377e-02 9.238071572342033022e+00
8.804341039841273586e-02 9.198337360151690234e+00
8.819040763371063796e-02 9.158898248974054468e+00
8.833740486900854005e-02 9.119755527024794972e+00
8.848440210430644215e-02 9.080910471801630024e+00
8.863139933960434425e-02 9.042364350061934175e+00
8.877839657490224634e-02 9.004118417800658136e+00
8.892539381020014844e-02 8.966173920228653671e+00
8.907239104549805053e-02 8.928532091751300470e+00
8.921938828079595263e-02 8.891194155947530930e+00
8.936638551609385472e-02 8.854161325549148032e+00
8.951338275139175682e-02 8.817434802420546447e+00
8.966037998668965892e-02 8.781015777538719647e+00
8.980737722198756101e-02 8.744905430973661353e+00
8.995437445728544923e-02 8.709104931869035227e+00
9.010137169258335132e-02 8.673615438423237123e+00
9.024836892788125342e-02 8.638438097870766441e+00
9.039536616317915552e-02 8.603574046463904779e+00
9.054236339847705761e-02 8.569024409454749858e+00
9.068936063377495971e-02 8.534790301077549657e+00
9.083635786907286180e-02 8.500872824531368721e+00
9.098335510437076390e-02 8.467273071963052899e+00
9.113035233966866600e-02 8.433992124450515604e+00
9.127734957496656809e-02 8.401031051986356246e+00
9.142434681026447019e-02 8.368390913461736247e+00
9.157134404556237228e-02 8.336072756650603210e+00
9.171834128086027438e-02 8.304077618194197541e+00
9.186533851615817647e-02 8.272406523585864591e+00
9.201233575145606469e-02 8.241060487156152803e+00
9.215933298675396679e-02 8.210040512058197848e+00
9.230633022205186888e-02 8.179347590253438938e+00
9.245332745734977098e-02 8.148982702497569619e+00
9.260032469264767307e-02 8.118946818326801207e+00
9.274732192794557517e-02 8.089240896044405105e+00
9.289431916324347727e-02 8.059865882707526907e+00
9.304131639854137936e-02 8.030822714114291827e+00
9.318831363383928146e-02 8.002112314791157033e+00
9.333531086913718355e-02 7.973735597980557976e+00
9.348230810443508565e-02 7.945693465628813179e+00
9.362930533973298775e-02 7.917986808374314123e+00
9.377630257503088984e-02 7.890616505535911429e+00
9.392329981032879194e-02 7.863583425101669633e+00
9.407029704562668015e-02 7.836888423717778274e+00
9.421729428092458225e-02 7.810532346677758753e+00
9.436429151622248435e-02 7.784516027911936753e+00
9.451128875152038644e-02 7.758840289977142923e+00
9.465828598681828854e-02 7.733505944046664027e+00
9.480528322211619063e-02 7.708513789900433011e+00
9.495228045741409273e-02 7.683864615915478424e+00
9.509927769271199482e-02 7.659559199056597656e+00
9.524627492800989692e-02 7.635598304867261987e+00
9.539327216330779902e-02 7.611982687460770336e+00
9.554026939860570111e-02 7.588713089511626819e+00
9.568726663390360321e-02 7.565790242247149244e+00
9.583426386920150530e-02 7.543214865439288985e+00
9.598126110449939352e-02 7.520987667396703991e+00
9.612825833979729562e-02 7.499109344957021861e+00
9.627525557509519771e-02 7.477580583479350729e+00
9.642225281039309981e-02 7.456402056836971326e+00
9.656925004569100190e-02 7.435574427410290177e+00
9.671624728098890400e-02 7.415098346079959768e+00
9.686324451628680610e-02 7.394974452220231420e+00
9.701024175158470819e-02 7.375203373692512443e+00
9.715723898688261029e-02 7.355785726839124017e+00
9.730423622218051238e-02 7.336722116477274902e+00
9.745123345747841448e-02 7.318013135893199461e+00
9.759823069277631657e-02 7.299659366836555030e+00
9.774522792807421867e-02 7.281661379514950738e+00
9.789222516337212077e-02 7.264019732588717027e+00
9.803922239867000898e-02 7.246734973165835036e+00
9.818621963396791108e-02 7.229807636797084491e+00
9.833321686926581318e-02 7.213238247471356779e+00
9.848021410456371527e-02 7.197027317611162545e+00
9.862721133986161737e-02 7.181175348068326691e+00
9.877420857515951946e-02 7.165682828119859238e+00
9.892120581045742156e-02 7.150550235464000259e+00
9.906820304575532365e-02 7.135778036216462894e+00
9.921520028105322575e-02 7.121366684906829114e+00
9.936219751635112785e-02 7.107316624475136457e+00
9.950919475164902994e-02 7.093628286268622851e+00
9.965619198694693204e-02 7.080302090038655294e+00
9.980318922224483413e-02 7.067338443937826398e+00
9.995018645754273623e-02 7.054737744517202813e+00
1.000971836928406244e-01 7.042500376723749511e+00
1.002441809281385265e-01 7.030626713897929037e+00
1.003911781634364286e-01 7.019117117771444647e+00
1.005381753987343307e-01 7.007971938465143324e+00
1.006851726340322328e-01 6.997191514487097308e+00
1.008321698693301349e-01 6.986776172730823298e+00
1.009791671046280370e-01 6.976726228473665969e+00
1.011261643399259391e-01 6.967041985375329816e+00
1.012731615752238412e-01 6.957723735476585070e+00
1.014201588105217433e-01 6.948771759198087317e+00
1.015671560458196454e-01 6.940186325339389839e+00
1.017141532811175475e-01 6.931967691078055438e+00
1.018611505164154496e-01 6.924116101968982306e+00
1.020081477517133517e-01 6.916631791943807173e+00
1.021551449870112399e-01 6.909514983310495850e+00
1.023021422223091420e-01 6.902765886753066127e+00
1.024491394576070441e-01 6.896384701331458089e+00
1.025961366929049462e-01 6.890371614481534124e+00
1.027431339282028483e-01 6.884726802015230795e+00
1.028901311635007504e-01 6.879450428120845729e+00
1.030371283987986525e-01 6.874542645363474591e+00
1.031841256340965546e-01 6.870003594685552883e+00
1.033311228693944567e-01 6.865833405407578027e+00
1.034781201046923588e-01 6.862032195228938036e+00
1.036251173399902609e-01 6.858600070228883183e+00
1.037721145752881630e-01 6.855537124867630894e+00
1.039191118105860651e-01 6.852843441987609197e+00
1.040661090458839672e-01 6.850519092814826294e+00
1.042131062811818554e-01 6.848564136960374249e+00
1.043601035164797575e-01 6.846978622422064120e+00
1.045071007517776596e-01 6.845762585586198767e+00
1.046540979870755617e-01 6.844916051229455789e+00
1.048010952223734638e-01 6.844439032520927668e+00
1.049480924576713659e-01 6.844331531024270276e+00
1.050950896929692679e-01 6.844593536699983716e+00
1.052420869282671700e-01 6.845225027907829940e+00
1.053890841635650721e-01 6.846225971409376498e+00
1.055360813988629742e-01 6.847596322370644195e+00
1.056830786341608763e-01 6.849336024364932385e+00
1.058300758694587784e-01 6.851445009375709994e+00
1.059770731047566805e-01 6.853923197799684175e+00
1.061240703400545826e-01 6.856770498449968443e+00
1.062710675753524708e-01 6.859986808559385807e+00
1.064180648106503729e-01 6.863572013783889147e+00
1.065650620459482750e-01 6.867525988206126364e+00
1.067120592812461771e-01 6.871848594339111216e+00
1.068590565165440792e-01 6.876539683130030944e+00
1.070060537518419813e-01 6.881599093964189784e+00
1.071530509871398834e-01 6.887026654669046621e+00
1.073000482224377855e-01 6.892822181518424074e+00
1.074470454577356876e-01 6.898985479236797502e+00
1.075940426930335897e-01 6.905516341003750114e+00
1.077410399283314918e-01 6.912414548458539088e+00
1.078880371636293939e-01 6.919679871704770946e+00
1.080350343989272960e-01 6.927312069315250120e+00
1.081820316342251842e-01 6.935310888336896795e+00
1.083290288695230863e-01 6.943676064295853934e+00
1.084760261048209884e-01 6.952407321202671575e+00
1.086230233401188905e-01 6.961504371557656334e+00
1.087700205754167926e-01 6.970966916356329257e+00
1.089170178107146947e-01 6.980794645095026674e+00
1.090640150460125968e-01 6.990987235776626285e+00
1.092110122813104989e-01 7.001544354916401147e+00
1.093580095166084010e-01 7.012465657548018427e+00
1.095050067519063031e-01 7.023750787229665171e+00
1.096520039872042052e-01 7.035399376050291309e+00
1.097990012225021073e-01 7.047411044636023192e+00
1.099459984578000094e-01 7.059785402156677492e+00
1.100929956930979114e-01 7.072522046332426982e+00
1.102399929283957997e-01 7.085620563440611974e+00
1.103869901636937018e-01 7.099080528322666339e+00
1.105339873989916039e-01 7.112901504391211382e+00
1.106809846342895060e-01 7.127083043637253645e+00
1.108279818695874080e-01 7.141624686637571884e+00
1.109749791048853101e-01 7.156525962562193754e+00
1.111219763401832122e-01 7.171786389182059906e+00
1.112689735754811143e-01 7.187405472876800872e+00
1.114159708107790164e-01 7.203382708642676491e+00
1.115629680460769185e-01 7.219717580100665444e+00
1.117099652813748206e-01 7.236409559504692446e+00
1.118569625166727227e-01 7.253458107749988670e+00
1.120039597519706248e-01 7.270862674381654678e+00
1.121509569872685269e-01 7.288622697603324596e+00
1.122979542225664151e-01 7.306737604285991949e+00
1.124449514578643172e-01 7.325206809977026445e+00
1.125919486931622193e-01 7.344029718909295568e+00
1.127389459284601214e-01 7.363205724010493114e+00
1.128859431637580235e-01 7.382734206912566322e+00
1.130329403990559256e-01 7.402614537961392571e+00
1.131799376343538277e-01 7.422846076226520928e+00
1.133269348696517298e-01 7.443428169511140169e+00
1.134739321049496319e-01 7.464360154362206679e+00
1.136209293402475340e-01 7.485641356080701136e+00
1.137679265755454361e-01 7.507271088732110798e+00
1.139149238108433382e-01 7.529248655157039671e+00
1.140619210461412403e-01 7.551573346982001667e+00
1.142089182814391424e-01 7.574244444630388706e+00
1.143559155167370306e-01 7.597261217333636019e+00
1.145029127520349327e-01 7.620622923142530425e+00
1.146499099873328348e-01 7.644328808938710473e+00
1.147969072226307369e-01 7.668378110446370854e+00
1.149439044579286390e-01 7.692770052244121359e+00
1.150909016932265411e-01 7.717503847777034132e+00
1.152378989285244432e-01 7.742578699368900530e+00
1.153848961638223453e-01 7.767993798234670955e+00
1.155318933991202474e-01 7.793748324493044777e+00
1.156788906344181495e-01 7.819841447179330274e+00
1.158258878697160515e-01 7.846272324258420916e+00
1.159728851050139536e-01 7.873040102638039883e+00
1.161198823403118557e-01 7.900143918182129354e+00
1.162668795756097578e-01 7.927582895724469836e+00
1.164138768109076461e-01 7.955356149082500217e+00
1.165608740462055481e-01 7.983462781071343883e+00
1.167078712815034502e-01 8.011901883518042666e+00
1.168548685168013523e-01 8.040672537275982634e+00
1.170018657520992544e-01 8.069773812239583677e+00
1.171488629873971565e-01 8.099204767359154289e+00
1.172958602226950586e-01 8.128964450655969287e+00
1.174428574579929607e-01 8.159051899237605099e+00
1.175898546932908628e-01 8.189466139313470450e+00
1.177368519285887649e-01 8.220206186210543109e+00
1.178838491638866670e-01 8.251271044389378417e+00
1.180308463991845691e-01 8.282659707460309662e+00
1.181778436344824712e-01 8.314371158199906020e+00
1.183248408697803733e-01 8.346404368567650778e+00
1.184718381050782615e-01 8.378758299722841585e+00
1.186188353403761636e-01 8.411431902041792696e+00
1.187658325756740657e-01 8.444424115135177544e+00
1.189128298109719678e-01 8.477733867865723028e+00
1.190598270462698699e-01 8.511360078366054793e+00
1.192068242815677720e-01 8.545301654056876473e+00
1.193538215168656741e-01 8.579557491665344315e+00
1.195008187521635762e-01 8.614126477243706503e+00
1.196478159874614783e-01 8.649007486188217797e+00
1.197948132227593804e-01 8.684199383258286886e+00
1.199418104580572825e-01 8.719701022595923945e+00
1.200888076933551846e-01 8.755511247745413783e+00
1.202358049286530867e-01 8.791628891673259005e+00
1.203828021639509749e-01 8.828052776788439360e+00
1.205297993992488770e-01 8.864781714962875370e+00
1.206767966345467791e-01 8.901814507552234801e+00
1.208237938698446812e-01 8.939149945416952292e+00
1.209707911051425833e-01 8.976786808943568730e+00
1.211177883404404854e-01 9.014723868066370827e+00
1.212647855757383875e-01 9.052959882289238536e+00
1.214117828110362896e-01 9.091493600707888589e+00
1.215587800463341916e-01 9.130323762032324098e+00
1.217057772816320937e-01 9.169449094609589679e+00
1.218527745169299958e-01 9.208868316446881863e+00
1.219997717522278979e-01 9.248580135234869104e+00
1.221467689875258000e-01 9.288583248371399037e+00
1.222937662228237021e-01 9.328876342985443770e+00
1.224407634581216042e-01 9.369458095961384458e+00
1.225877606934195063e-01 9.410327173963601410e+00
1.227347579287174084e-01 9.451482233461383942e+00
1.228817551640153105e-01 9.492921920754112008e+00
1.230287523993132126e-01 9.534644871996830418e+00
1.231757496346111147e-01 9.576649713226050409e+00
1.233227468699090168e-01 9.618935060385975788e+00
1.234697441052068911e-01 9.661499519354952881e+00
1.236167413405047932e-01 9.704341685972359244e+00
1.237637385758026953e-01 9.747460146065668241e+00
1.239107358111005974e-01 9.790853475478025203e+00
1.240577330463984995e-01 9.834520240096034982e+00
1.242047302816964016e-01 9.878458995877918980e+00
1.243517275169943037e-01 9.922668288882039889e+00
1.244987247522922058e-01 9.967146655295731961e+00
1.246457219875901079e-01 1.001189262146451142e+01
1.247927192228880100e-01 1.005690470392160663e+01
1.249397164581859121e-01 1.010218140941784881e+01
1.250867136934838142e-01 1.014772123495193945e+01
1.252337109287817163e-01 1.019352266780102134e+01
1.253807081640796184e-01 1.023958418555167604e+01
1.255277053993775205e-01 1.028590425613122328e+01
1.256747026346754226e-01 1.033248133783940759e+01
1.258216998699733247e-01 1.037931387938047223e+01
1.259686971052712268e-01 1.042640031989556348e+01
1.261156943405691289e-01 1.047373908899551331e+01
1.262626915758670310e-01 1.052132860679404658e+01
1.264096888111649331e-01 1.056916728394127247e+01
1.265566860464628351e-01 1.061725352165764669e+01
1.267036832817607372e-01 1.066558571176826220e+01
1.268506805170586393e-01 1.071416223673749712e+01
1.269976777523565414e-01 1.076298146970415992e+01
1.271446749876544435e-01 1.081204177451687798e+01
1.272916722229523456e-01 1.086134150576997470e+01
1.274386694582502477e-01 1.091087900883972139e+01
1.275856666935481221e-01 1.096065261992093554e+01
1.277326639288460242e-01 1.101066066606407290e+01
1.278796611641439263e-01 1.106090146521259499e+01
1.280266583994418284e-01 1.111137332624085161e+01
1.281736556347397304e-01 1.116207454899226548e+01
1.283206528700376325e-01 1.121300342431804076e+01
1.284676501053355346e-01 1.126415823411614525e+01
1.286146473406334367e-01 1.131553725137082189e+01
1.287616445759313388e-01 1.136713874019244486e+01
1.289086418112292409e-01 1.141896095585777360e+01
1.290556390465271430e-01 1.147100214485070424e+01
1.292026362818250451e-01 1.152326054490337981e+01
1.293496335171229472e-01 1.157573438503766461e+01
1.294966307524208493e-01 1.162842188560721901e+01
1.296436279877187514e-01 1.168132125833976964e+01
1.297906252230166535e-01 1.173443070638001196e+01
1.299376224583145556e-01 1.178774842433280234e+01
1.300846196936124577e-01 1.184127259830681567e+01
1.302316169289103598e-01 1.189500140595867705e+01
1.303786141642082619e-01 1.194893301653748985e+01
1.305256113995061640e-01 1.200306559092976144e+01
1.306726086348040661e-01 1.205739728170486380e+01
1.308196058701019682e-01 1.211192623316081374e+01
1.309666031053998703e-01 1.216665058137061095e+01
1.311136003406977724e-01 1.222156845422893134e+01
1.312605975759956745e-01 1.227667797149926088e+01
1.314075948112935766e-01 1.233197724486155877e+01
1.315545920465914786e-01 1.238746437796027600e+01
1.317015892818893530e-01 1.244313746645284802e+01
1.318485865171872551e-01 1.249899459805868318e+01
1.319955837524851572e-01 1.255503385260852767e+01
1.321425809877830593e-01 1.261125330209428874e+01
1.322895782230809614e-01 1.266765101071940514e+01
1.324365754583788635e-01 1.272422503494955137e+01
1.325835726936767656e-01 1.278097342356384480e+01
1.327305699289746677e-01 1.283789421770655181e+01
1.328775671642725698e-01 1.289498545093914572e+01
1.330245643995704719e-01 1.295224514929295623e+01
1.331715616348683739e-01 1.300967133132216347e+01
1.333185588701662760e-01 1.306726200815729300e+01
1.334655561054641781e-01 1.312501518355920282e+01
1.336125533407620802e-01 1.318292885397350389e+01
1.337595505760599823e-01 1.324100100858539619e+01
1.339065478113578844e-01 1.329922962937508935e+01
1.340535450466557865e-01 1.335761269117353933e+01
1.342005422819536886e-01 1.341614816171879276e+01
1.343475395172515907e-01 1.347483400171268642e+01
1.344945367525494928e-01 1.353366816487804769e+01
1.346415339878473949e-01 1.359264859801641379e+01
1.347885312231452970e-01 1.365177324106613455e+01
1.349355284584431991e-01 1.371104002716098691e+01
1.350825256937411012e-01 1.377044688268928141e+01
1.352295229290390033e-01 1.382999172735336302e+01
1.353765201643369054e-01 1.388967247422966267e+01
1.355235173996348075e-01 1.394948702982917510e+01
1.356705146349326818e-01 1.400943329415838079e+01
1.358175118702305839e-01 1.406950916078073277e+01
1.359645091055284860e-01 1.412971251687849161e+01
1.361115063408263881e-01 1.419004124331508621e+01
1.362585035761242902e-01 1.425049321469800034e+01
1.364055008114221923e-01 1.431106629944202879e+01
1.365524980467200944e-01 1.437175835983304495e+01
1.366994952820179965e-01 1.443256725209227653e+01
1.368464925173158986e-01 1.449349082644100051e+01
1.369934897526138007e-01 1.455452692716568919e+01
1.371404869879117028e-01 1.461567339268371768e+01
1.372874842232096049e-01 1.467692805560942837e+01
1.374344814585075070e-01 1.473828874282074608e+01
1.375814786938054091e-01 1.479975327552623199e+01
1.377284759291033112e-01 1.486131946933256032e+01
1.378754731644012133e-01 1.492298513431255813e+01
1.380224703996991154e-01 1.498474807507364126e+01
1.381694676349970174e-01 1.504660609082668188e+01
1.383164648702949195e-01 1.510855697545548182e+01
1.384634621055928216e-01 1.517059851758651234e+01
1.386104593408907237e-01 1.523272850065932005e+01
1.387574565761886258e-01 1.529494470299723119e+01
1.389044538114865279e-01 1.535724489787858538e+01
1.390514510467844300e-01 1.541962685360846841e+01
1.391984482820823321e-01 1.548208833359083414e+01
1.393454455173802342e-01 1.554462709640107931e+01
1.394924427526781363e-01 1.560724089585918506e+01
1.396394399879760384e-01 1.566992748110314615e+01
1.397864372232739127e-01 1.573268459666300956e+01
1.399334344585718148e-01 1.579550998253530025e+01
1.400804316938697169e-01 1.585840137425784491e+01
1.402274289291676190e-01 1.592135650298512850e+01
1.403744261644655211e-01 1.598437309556409858e+01
1.405214233997634232e-01 1.604744887461031766e+01
1.406684206350613253e-01 1.611058155858470542e+01
1.408154178703592274e-01 1.617376886187061302e+01
1.409624151056571295e-01 1.623700849485133801e+01
1.411094123409550316e-01 1.630029816398819875e+01
1.412564095762529337e-01 1.636363557189889661e+01
1.414034068115508358e-01 1.642701841743638624e+01
1.415504040468487379e-01 1.649044439576822185e+01
1.416974012821466400e-01 1.655391119845622327e+01
1.418443985174445421e-01 1.661741651353668558e+01
1.419913957527424442e-01 1.668095802560095819e+01
1.421383929880403463e-01 1.674453341587641830e+01
