2.721617208413325273e-02 -6.879085203861775355e+00
2.736316931943115482e-02 -6.879333497790732110e+00
2.751016655472905345e-02 -6.879454963820706759e+00
2.765716379002695555e-02 -6.879449597466057220e+00
2.780416102532485764e-02 -6.879317398924913007e+00
2.795115826062275974e-02 -6.879058373079451449e+00
2.809815549592065836e-02 -6.878672529495647225e+00
2.824515273121856046e-02 -6.878159882423127591e+00
2.839214996651646256e-02 -6.877520450794096796e+00
2.853914720181436118e-02 -6.876754258223398253e+00
2.868614443711226328e-02 -6.875861333006875853e+00
2.883314167241016537e-02 -6.874841708120940531e+00
2.898013890770806400e-02 -6.873695421220966217e+00
2.912713614300596610e-02 -6.872422514640140534e+00
2.927413337830386819e-02 -6.871023035387701761e+00
2.942113061360177029e-02 -6.869497035147400510e+00
2.956812784889966891e-02 -6.867844570275240201e+00
2.971512508419757101e-02 -6.866065701798010679e+00
2.986212231949547311e-02 -6.864160495410274621e+00
3.000911955479337173e-02 -6.862129021472927803e+00
3.015611679009127383e-02 -6.859971355009268912e+00
3.030311402538917592e-02 -6.857687575703557137e+00
3.045011126068707802e-02 -6.855277767896871488e+00
3.059710849598497664e-02 -6.852742020585354865e+00
3.074410573128287874e-02 -6.850080427415714546e+00
3.089110296658078084e-02 -6.847293086682226360e+00
3.103810020187867946e-02 -6.844380101323223720e+00
3.118509743717658156e-02 -6.841341578917153221e+00
3.133209467247448365e-02 -6.838177631678502344e+00
3.147909190777238575e-02 -6.834888376453963410e+00
3.162608914307028785e-02 -6.831473934717904761e+00
3.177308637836818994e-02 -6.827934432567750456e+00
3.192008361366608510e-02 -6.824270000719705465e+00
3.206708084896398719e-02 -6.820480774503486110e+00
3.221407808426188929e-02 -6.816566893857692655e+00
3.236107531955979139e-02 -6.812528503324497109e+00
3.250807255485769348e-02 -6.808365752043918917e+00
3.265506979015559558e-02 -6.804078793749657628e+00
3.280206702545349073e-02 -6.799667786761480315e+00
3.294906426075139283e-02 -6.795132893980674993e+00
3.309606149604929493e-02 -6.790474282883715240e+00
3.324305873134719702e-02 -6.785692125516312956e+00
3.339005596664509912e-02 -6.780786598486343131e+00
3.353705320194300121e-02 -6.775757882958214573e+00
3.368405043724090331e-02 -6.770606164645696090e+00
3.383104767253880540e-02 -6.765331633804763101e+00
3.397804490783670056e-02 -6.759934485227544698e+00
3.412504214313460266e-02 -6.754414918234144416e+00
3.427203937843250475e-02 -6.748773136665378480e+00
3.441903661373040685e-02 -6.743009348876263687e+00
3.456603384902830894e-02 -6.737123767727029922e+00
3.471303108432621104e-02 -6.731116610575870851e+00
3.486002831962410620e-02 -6.724988099271026698e+00
3.500702555492200829e-02 -6.718738460142353652e+00
3.515402279021991039e-02 -6.712367923992936802e+00
3.530102002551781248e-02 -6.705876726091032580e+00
3.544801726081571458e-02 -6.699265106160354755e+00
3.559501449611361668e-02 -6.692533308372365042e+00
3.574201173141151877e-02 -6.685681581336987200e+00
3.588900896670942087e-02 -6.678710178092618577e+00
3.603600620200731602e-02 -6.671619356097430398e+00
3.618300343730521812e-02 -6.664409377220439801e+00
3.633000067260312022e-02 -6.657080507730444907e+00
3.647699790790102231e-02 -6.649633018287474329e+00
3.662399514319892441e-02 -6.642067183932212515e+00
3.677099237849681956e-02 -6.634383284075255460e+00
3.691798961379472166e-02 -6.626581602488559319e+00
3.706498684909262376e-02 -6.618662427292695938e+00
3.721198408439052585e-02 -6.610626050948027022e+00
3.735898131968842795e-02 -6.602472770243248412e+00
3.750597855498633004e-02 -6.594202886284137755e+00
3.765297579028423214e-02 -6.585816704482752471e+00
3.779997302558213423e-02 -6.577314534546085945e+00
3.794697026088003633e-02 -6.568696690464792098e+00
3.809396749617793149e-02 -6.559963490501380612e+00
3.824096473147583358e-02 -6.551115257178546258e+00
3.838796196677373568e-02 -6.542152317267046158e+00
3.853495920207163777e-02 -6.533075001773969603e+00
3.868195643736953987e-02 -6.523883645930515840e+00
3.882895367266743503e-02 -6.514578589179433443e+00
3.897595090796533712e-02 -6.505160175161947222e+00
3.912294814326323922e-02 -6.495628751706727044e+00
3.926994537856114131e-02 -6.485984670814757713e+00
3.941694261385904341e-02 -6.476228288648465004e+00
3.956393984915694551e-02 -6.466359965517283648e+00
3.971093708445484760e-02 -6.456380065864406603e+00
3.985793431975274970e-02 -6.446288958254227985e+00
4.000493155505065179e-02 -6.436087015357454533e+00
4.015192879034854695e-02 -6.425774613938735946e+00
4.029892602564644905e-02 -6.415352134841384668e+00
4.044592326094435114e-02 -6.404819962974194425e+00
4.059292049624225324e-02 -6.394178487297248026e+00
4.073991773154015533e-02 -6.383428100806860073e+00
4.088691496683805049e-02 -6.372569200521441601e+00
4.103391220213595258e-02 -6.361602187467519265e+00
4.118090943743385468e-02 -6.350527466663904441e+00
4.132790667273175678e-02 -6.339345447106563114e+00
4.147490390802965887e-02 -6.328056541755236353e+00
4.162190114332756097e-02 -6.316661167516063102e+00
4.176889837862546306e-02 -6.305159745227709500e+00
4.191589561392336516e-02 -6.293552699644846982e+00
4.206289284922126726e-02 -6.281840459422982192e+00
4.220989008451916241e-02 -6.270023457102830378e+00
4.235688731981706451e-02 -6.258102129093941812e+00
4.250388455511496660e-02 -6.246076915658412609e+00
4.265088179041286870e-02 -6.233948260894888627e+00
4.279787902571077080e-02 -6.221716612722619111e+00
4.294487626100866595e-02 -6.209382422864003104e+00
4.309187349630656805e-02 -6.196946146828540947e+00
4.323887073160447014e-02 -6.184408243896073465e+00
4.338586796690237224e-02 -6.171769177098922476e+00
4.353286520220027433e-02 -6.159029413206309478e+00
4.367986243749817643e-02 -6.146189422705676364e+00
4.382685967279607853e-02 -6.133249679785920172e+00
4.397385690809398062e-02 -6.120210662320271666e+00
4.412085414339188272e-02 -6.107072851847972217e+00
4.426785137868977787e-02 -6.093836733556532437e+00
4.441484861398767997e-02 -6.080502796264258158e+00
4.456184584928558207e-02 -6.067071532402005474e+00
4.470884308458348416e-02 -6.053543437995264398e+00
4.485584031988137932e-02 -6.039919012644610063e+00
4.500283755517928141e-02 -6.026198759509024505e+00
4.514983479047718351e-02 -6.012383185286378051e+00
4.529683202577508561e-02 -5.998472800194530663e+00
4.544382926107298770e-02 -5.984468117952594923e+00
4.559082649637088980e-02 -5.970369655762743477e+00
4.573782373166879189e-02 -5.956177934290324494e+00
4.588482096696669399e-02 -5.941893477644301313e+00
4.603181820226459608e-02 -5.927516813358755243e+00
4.617881543756249818e-02 -5.913048472373406028e+00
4.632581267286039334e-02 -5.898488989013177530e+00
4.647280990815829543e-02 -5.883838900968968666e+00
4.661980714345619753e-02 -5.869098749278012228e+00
4.676680437875409962e-02 -5.854269078303296681e+00
4.691380161405199478e-02 -5.839350435714227849e+00
4.706079884934989688e-02 -5.824343372465995650e+00
4.720779608464779897e-02 -5.809248442778477184e+00
4.735479331994570107e-02 -5.794066204117345187e+00
4.750179055524360316e-02 -5.778797217172458645e+00
4.764878779054150526e-02 -5.763442045837113170e+00
4.779578502583940736e-02 -5.748001257187654645e+00
4.794278226113730945e-02 -5.732475421462136289e+00
4.808977949643521155e-02 -5.716865112039739572e+00
4.823677673173311364e-02 -5.701170905418976531e+00
4.838377396703100880e-02 -5.685393381196940155e+00
4.853077120232891090e-02 -5.669533122047845097e+00
4.867776843762681299e-02 -5.653590713700967996e+00
4.882476567292471509e-02 -5.637566744919855211e+00
4.897176290822261024e-02 -5.621461807479473549e+00
4.911876014352051234e-02 -5.605276496145824794e+00
4.926575737881841444e-02 -5.589011408652725166e+00
4.941275461411631653e-02 -5.572667145679831791e+00
4.955975184941421863e-02 -5.556244310831903732e+00
4.970674908471212072e-02 -5.539743510614085764e+00
4.985374632001002282e-02 -5.523165354411894157e+00
5.000074355530792491e-02 -5.506510454466654103e+00
5.014774079060582701e-02 -5.489779425855235928e+00
5.029473802590372911e-02 -5.472972886464401832e+00
5.044173526120162426e-02 -5.456091456970757925e+00
5.058873249649952636e-02 -5.439135760816501630e+00
5.073572973179742845e-02 -5.422106424185790807e+00
5.088272696709532361e-02 -5.405004075982986045e+00
5.102972420239322571e-02 -5.387829347809223179e+00
5.117672143769112780e-02 -5.370582873937459922e+00
5.132371867298902990e-02 -5.353265291291620542e+00
5.147071590828693199e-02 -5.335877239420455886e+00
5.161771314358483409e-02 -5.318419360476333679e+00
5.176471037888273619e-02 -5.300892299189619905e+00
5.191170761418063828e-02 -5.283296702845837522e+00
5.205870484947854038e-02 -5.265633221261674102e+00
5.220570208477644247e-02 -5.247902506760599550e+00
5.235269932007434457e-02 -5.230105214149389781e+00
5.249969655537223973e-02 -5.212242000693382948e+00
5.264669379067014182e-02 -5.194313526092200206e+00
5.279369102596804392e-02 -5.176320452456350196e+00
5.294068826126593907e-02 -5.158263444280731136e+00
5.308768549656384117e-02 -5.140143168423140452e+00
5.323468273186174327e-02 -5.121960294076287390e+00
5.338167996715964536e-02 -5.103715492745339866e+00
5.352867720245754746e-02 -5.085409438222572298e+00
5.367567443775544955e-02 -5.067042806562088941e+00
5.382267167305335165e-02 -5.048616276055826191e+00
5.396966890835125374e-02 -5.030130527206721602e+00
5.411666614364915584e-02 -5.011586242705587502e+00
5.426366337894705794e-02 -4.992984107404318195e+00
5.441066061424496003e-02 -4.974324808292047706e+00
5.455765784954285519e-02 -4.955609034468496432e+00
5.470465508484075728e-02 -4.936837477118608319e+00
5.485165232013865938e-02 -4.918010829488768998e+00
5.499864955543655454e-02 -4.899129786858699376e+00
5.514564679073445663e-02 -4.880195046517172841e+00
5.529264402603235873e-02 -4.861207307736506777e+00
5.543964126133026082e-02 -4.842167271745629442e+00
5.558663849662816292e-02 -4.823075641705731442e+00
5.573363573192606502e-02 -4.803933122682748191e+00
5.588063296722396711e-02 -4.784740421621818562e+00
5.602763020252186921e-02 -4.765498247321639624e+00
5.617462743781977130e-02 -4.746207310408384394e+00
5.632162467311767340e-02 -4.726868323308371700e+00
5.646862190841556856e-02 -4.707482000222431573e+00
5.661561914371347065e-02 -4.688049057100295514e+00
5.676261637901137275e-02 -4.668570211612761867e+00
5.690961361430927484e-02 -4.649046183126408494e+00
5.705661084960717000e-02 -4.629477692675139089e+00
5.720360808490507210e-02 -4.609865462936435065e+00
5.735060532020297419e-02 -4.590210218202523507e+00
5.749760255550087629e-02 -4.570512684353735366e+00
5.764459979079877838e-02 -4.550773588832990768e+00
5.779159702609668048e-02 -4.530993660617303576e+00
5.793859426139458257e-02 -4.511173630192196526e+00
5.808559149669248467e-02 -4.491314229523878154e+00
5.823258873199038677e-02 -4.471416192032489079e+00
5.837958596728828886e-02 -4.451480252566214268e+00
5.852658320258618402e-02 -4.431507147370953525e+00
5.867358043788408611e-02 -4.411497614066411721e+00
5.882057767318198821e-02 -4.391452391617963080e+00
5.896757490847989031e-02 -4.371372220307775613e+00
5.911457214377779240e-02 -4.351257841710009622e+00
5.926156937907568756e-02 -4.331109998660870097e+00
5.940856661437358965e-02 -4.310929435233459728e+00
5.955556384967149175e-02 -4.290716896708370420e+00
5.970256108496939385e-02 -4.270473129548458147e+00
5.984955832026729594e-02 -4.250198881367885484e+00
5.999655555556519804e-02 -4.229894900908343303e+00
6.014355279086310013e-02 -4.209561938008169690e+00
6.029055002616099529e-02 -4.189200743576989794e+00
6.043754726145889739e-02 -4.168812069567064071e+00
6.058454449675679948e-02 -4.148396668944103638e+00
6.073154173205470158e-02 -4.127955295662848911e+00
6.087853896735260367e-02 -4.107488704635919419e+00
6.102553620265050577e-02 -4.086997651707273249e+00
6.117253343794840786e-02 -4.066482893624746353e+00
6.131953067324630302e-02 -4.045945188011780047e+00
6.146652790854420512e-02 -4.025385293338269221e+00
6.161352514384210721e-02 -4.004803968894753652e+00
6.176052237914000931e-02 -3.984201974762516585e+00
6.190751961443791140e-02 -3.963580071786413583e+00
6.205451684973581350e-02 -3.942939021546095546e+00
6.220151408503371560e-02 -3.922279586329166179e+00
6.234851132033161075e-02 -3.901602529101486638e+00
6.249550855562951285e-02 -3.880908613480007929e+00
6.264250579092742188e-02 -3.860198603704414921e+00
6.278950302622532398e-02 -3.839473264608127323e+00
6.293650026152322607e-02 -3.818733361591297282e+00
6.308349749682112817e-02 -3.797979660592046613e+00
6.323049473211903027e-02 -3.777212928057632979e+00
6.337749196741691848e-02 -3.756433930916452724e+00
6.352448920271482058e-02 -3.735643436550692087e+00
6.367148643801272268e-02 -3.714842212766019003e+00
6.381848367331062477e-02 -3.694031027764813402e+00
6.396548090860852687e-02 -3.673210650118228671e+00
6.411247814390642896e-02 -3.652381848735039682e+00
6.425947537920433106e-02 -3.631545392836542874e+00
6.440647261450221928e-02 -3.610702051926804046e+00
6.455346984980012137e-02 -3.589852595762991427e+00
6.470046708509802347e-02 -3.568997794329272111e+00
6.484746432039592556e-02 -3.548138417806718792e+00
6.499446155569382766e-02 -3.527275236544936021e+00
6.514145879099172975e-02 -3.506409021034906814e+00
6.528845602628963185e-02 -3.485540541879744936e+00
6.543545326158753395e-02 -3.464670569764487951e+00
6.558245049688543604e-02 -3.443799875431594160e+00
6.572944773218333814e-02 -3.422929229648385530e+00
6.587644496748124023e-02 -3.402059403181842967e+00
6.602344220277914233e-02 -3.381191166767186118e+00
6.617043943807704443e-02 -3.360325291082284949e+00
6.631743667337494652e-02 -3.339462546716767122e+00
6.646443390867284862e-02 -3.318603704145539623e+00
6.661143114397075071e-02 -3.297749533698553392e+00
6.675842837926865281e-02 -3.276900805533673022e+00
6.690542561456655490e-02 -3.256058289607747014e+00
6.705242284986445700e-02 -3.235222755648242909e+00
6.719942008516235910e-02 -3.214394973124933941e+00
6.734641732046026119e-02 -3.193575711220923097e+00
6.749341455575814941e-02 -3.172765738804228519e+00
6.764041179105605150e-02 -3.151965824401061766e+00
6.778740902635395360e-02 -3.131176736165629748e+00
6.793440626165185570e-02 -3.110399241852036312e+00
6.808140349694975779e-02 -3.089634108786135869e+00
6.822840073224765989e-02 -3.068882103837959008e+00
6.837539796754556198e-02 -3.048143993391281725e+00
6.852239520284345020e-02 -3.027420543318974921e+00
6.866939243814135230e-02 -3.006712518950550361e+00
6.881638967343925439e-02 -2.986020685047213519e+00
6.896338690873715649e-02 -2.965345805770818188e+00
6.911038414403505858e-02 -2.944688644657913912e+00
6.925738137933296068e-02 -2.924049964591024064e+00
6.940437861463086278e-02 -2.903430527769623737e+00
6.955137584992876487e-02 -2.882831095682584888e+00
6.969837308522666697e-02 -2.862252429079941152e+00
6.984537032052456906e-02 -2.841695287944942194e+00
6.999236755582247116e-02 -2.821160431466564589e+00
7.013936479112037325e-02 -2.800648618009313751e+00
7.028636202641827535e-02 -2.780160605087951708e+00
7.043335926171617745e-02 -2.759697149337764444e+00
7.058035649701407954e-02 -2.739259006486765458e+00
7.072735373231198164e-02 -2.718846931329629513e+00
7.087435096760988373e-02 -2.698461677696311511e+00
7.102134820290778583e-02 -2.678103998427571852e+00
7.116834543820568793e-02 -2.657774645345984510e+00
7.131534267350359002e-02 -2.637474369226477933e+00
7.146233990880147824e-02 -2.617203919772153498e+00
7.160933714409938033e-02 -2.596964045583026959e+00
7.175633437939728243e-02 -2.576755494130599899e+00
7.190333161469518453e-02 -2.556579011729430917e+00
7.205032884999308662e-02 -2.536435343510728302e+00
7.219732608529098872e-02 -2.516325233391812688e+00
7.234432332058889081e-02 -2.496249424052463084e+00
7.249132055588677903e-02 -2.476208656904958616e+00
7.263831779118468113e-02 -2.456203672068001609e+00
7.278531502648258322e-02 -2.436235208337478753e+00
7.293231226178048532e-02 -2.416304003162222713e+00
7.307930949707838741e-02 -2.396410792614080520e+00
7.322630673237628951e-02 -2.376556311361673224e+00
7.337330396767419161e-02 -2.356741292643945940e+00
7.352030120297209370e-02 -2.336966468242213324e+00
7.366729843826999580e-02 -2.317232568452912034e+00
7.381429567356789789e-02 -2.297540322061546902e+00
7.396129290886579999e-02 -2.277890456315056156e+00
7.410829014416370208e-02 -2.258283696895592385e+00
7.425528737946160418e-02 -2.238720767893376262e+00
7.440228461475950628e-02 -2.219202391779269590e+00
7.454928185005740837e-02 -2.199729289379185104e+00
7.469627908535531047e-02 -2.180302179847160460e+00
7.484327632065321256e-02 -2.160921780638119571e+00
7.499027355595111466e-02 -2.141588807482481371e+00
7.513727079124901675e-02 -2.122303974359171619e+00
7.528426802654691885e-02 -2.103067993468169306e+00
7.543126526184482095e-02 -2.083881575206751435e+00
7.557826249714270916e-02 -2.064745428140231098e+00
7.572525973244061126e-02 -2.045660258978525547e+00
7.587225696773851336e-02 -2.026626772547787780e+00
7.601925420303641545e-02 -2.007645671766081108e+00
7.616625143833431755e-02 -1.988717657616280832e+00
7.631324867363221964e-02 -1.969843429120853529e+00
7.646024590893012174e-02 -1.951023683314993207e+00
7.660724314422800996e-02 -1.932259115222409562e+00
7.675424037952591205e-02 -1.913550417827613259e+00
7.690123761482381415e-02 -1.894898282052789540e+00
7.704823485012171624e-02 -1.876303396729454676e+00
7.719523208541961834e-02 -1.857766448575681295e+00
7.734222932071752044e-02 -1.839288122167388906e+00
7.748922655601542253e-02 -1.820869099916846423e+00
7.763622379131332463e-02 -1.802510062043760186e+00
7.778322102661122672e-02 -1.784211686551900655e+00
7.793021826190912882e-02 -1.765974649204085978e+00
7.807721549720703091e-02 -1.747799623495657428e+00
7.822421273250493301e-02 -1.729687280631102553e+00
7.837120996780283511e-02 -1.711638289496631771e+00
7.851820720310073720e-02 -1.693653316637485418e+00
7.866520443839863930e-02 -1.675733026231686296e+00
7.881220167369654139e-02 -1.657878080064932647e+00
7.895919890899444349e-02 -1.640089137506608452e+00
7.910619614429234558e-02 -1.622366855483354797e+00
7.925319337959024768e-02 -1.604711888454687596e+00
7.940019061488814978e-02 -1.587124888388460775e+00
7.954718785018605187e-02 -1.569606504735059360e+00
7.969418508548394009e-02 -1.552157384401578355e+00
7.984118232078184219e-02 -1.534778171727904095e+00
7.998817955607974428e-02 -1.517469508459651450e+00
8.013517679137764638e-02 -1.500232033723264635e+00
8.028217402667554847e-02 -1.483066384000331084e+00
8.042917126197345057e-02 -1.465973193099493699e+00
8.057616849727135266e-02 -1.448953092131052500e+00
8.072316573256924088e-02 -1.432006709479512807e+00
8.087016296786714298e-02 -1.415134670775394454e+00
8.101716020316504507e-02 -1.398337598866884690e+00
8.116415743846294717e-02 -1.381616113789178257e+00
8.131115467376084927e-02 -1.364970832735149742e+00
8.145815190905875136e-02 -1.348402370023617181e+00
8.160514914435665346e-02 -1.331911337064884293e+00
8.175214637965455555e-02 -1.315498342326261394e+00
8.189914361495245765e-02 -1.299163991294438603e+00
8.204614085025035974e-02 -1.282908886436974427e+00
8.219313808554826184e-02 -1.266733627157307751e+00
8.234013532084616394e-02 -1.250638809750750369e+00
8.248713255614406603e-02 -1.234625027352461046e+00
8.263412979144196813e-02 -1.218692869883096108e+00
8.278112702673987022e-02 -1.202842923987020640e+00
8.292812426203777232e-02 -1.187075772964657716e+00
8.307512149733567441e-02 -1.171391996695177795e+00
8.322211873263357651e-02 -1.155792171551709657e+00
8.336911596793147861e-02 -1.140276870304148815e+00
8.351611320322938070e-02 -1.124846662008529563e+00
8.366311043852726892e-02 -1.109502111877866071e+00
8.381010767382517102e-02 -1.094243781142608896e+00
8.395710490912307311e-02 -1.079072226876924390e+00
8.410410214442097521e-02 -1.063988001810521666e+00
8.425109937971887730e-02 -1.048991654101342874e+00
8.439809661501677940e-02 -1.034083727076993142e+00
8.454509385031468149e-02 -1.019264758930574999e+00
8.469209108561256971e-02 -1.004535282367275073e+00
8.483908832091047181e-02 -9.898958241901283372e-01
8.498608555620837390e-02 -9.753469048173641909e-01
8.513308279150627600e-02 -9.608890377129455374e-01
8.528008002680417809e-02 -9.465227287227548914e-01
8.542707726210208019e-02 -9.322484752907769234e-01
8.557407449739998229e-02 -9.180667655411021144e-01
8.572107173269788438e-02 -9.039780771973404683e-01
8.586806896799578648e-02 -8.899828763059822734e-01
8.601506620329368857e-02 -8.760816157411710492e-01
8.616206343859159067e-02 -8.622747334355196358e-01
8.630906067388949277e-02 -8.485626502967313911e-01
8.645605790918739486e-02 -8.349457677516554099e-01
8.660305514448529696e-02 -8.214244648446076269e-01
8.675005237978319905e-02 -8.079990948175961307e-01
8.689704961508110115e-02 -7.946699810665194263e-01
8.704404685037900324e-02 -7.814374123709804110e-01
8.719104408567690534e-02 -7.683016372534225980e-01
8.733804132097480744e-02 -7.552628573174544613e-01
8.748503855627270953e-02 -7.423212193704600281e-01
8.763203579157061163e-02 -7.294768061117444802e-01
8.777903302686849984e-02 -7.167296251205037549e-01
8.792603026216640194e-02 -7.040795958268972754e-01
8.807302749746430404e-02 -6.915265341051828329e-01
8.822002473276220613e-02 -6.790701340286204868e-01
8.836702196806010823e-02 -6.667099462880869964e-01
8.851401920335801032e-02 -6.544453526311322378e-01
8.866101643865591242e-02 -6.422755355988556403e-01
8.880801367395380064e-02 -6.301994426823078754e-01
8.895501090925170273e-02 -6.182157438583679721e-01
8.910200814454960483e-02 -6.063227812782798765e-01
8.924900537984750692e-02 -5.945185096354670407e-01
8.939600261514540902e-02 -5.828004254850291943e-01
8.954299985044331112e-02 -5.711654834399766401e-01
8.968999708574121321e-02 -5.596099967908294559e-01
8.983699432103911531e-02 -5.481295196327877761e-01
8.998399155633701740e-02 -5.367187070234002988e-01
9.013098879163491950e-02 -5.253711490554699992e-01
9.027798602693282159e-02 -5.140791739320569320e-01
9.042498326223072369e-02 -5.028336142124736341e-01
9.057198049752862579e-02 -4.916235292898392117e-01
9.071897773282652788e-02 -4.804358758526561246e-01
9.086597496812442998e-02 -4.692551165064955399e-01
9.101297220342233207e-02 -4.580627548883953182e-01
9.115996943872023417e-02 -4.468367833753070784e-01
9.130696667401812239e-02 -4.355510268767588400e-01
9.145396390931602448e-02 -4.241743630571477297e-01
9.160096114461392658e-02 -4.126697956255220845e-01
9.174795837991182867e-02 -4.009933529130016439e-01
9.189495561520973077e-02 -3.890927787131239768e-01
9.204195285050763287e-02 -3.769059761510931139e-01
9.218895008580553496e-02 -3.643591579574483319e-01
9.233594732110343706e-02 -3.513646478152345765e-01
9.248294455640133915e-02 -3.378182670788127950e-01
9.262994179169924125e-02 -3.235962289979745776e-01
9.277693902699714334e-02 -3.085514481150859467e-01
9.292393626229504544e-02 -2.925091555672203469e-01
9.307093349759294754e-02 -2.752616910138918627e-01
9.321793073289084963e-02 -2.565623184886653974e-01
9.336492796818873785e-02 -2.361178860125647816e-01
9.351192520348663995e-02 -2.135801167523752042e-01
9.365892243878454204e-02 -1.885352822122250416e-01
9.380591967408244414e-02 -1.604919646549838319e-01
9.395291690938034623e-02 -1.288665660020491543e-01
9.409991414467824833e-02 -9.296616299482352019e-02
9.424691137997615042e-02 -5.196824274131017773e-02
9.439390861527405252e-02 -4.896778167580606578e-03
9.454090585057195462e-02 4.940598122713879548e-02
9.468790308586985671e-02 1.123127219476316441e-01
9.483490032116775881e-02 1.854501050849997057e-01
9.498189755646566090e-02 2.707445672967878636e-01
9.512889479176356300e-02 3.704759429685537953e-01
9.527589202706146509e-02 4.873400956488325164e-01
9.542288926235935331e-02 6.245218801684870868e-01
9.556988649765725541e-02 7.857798898583965297e-01
9.571688373295515750e-02 9.755445699294256201e-01
9.586388096825305960e-02 1.199031390092649474e+00
9.601087820355096170e-02 1.462370856020697829e+00
9.615787543884886379e-02 1.772757186316692213e+00
9.630487267414676589e-02 2.138617471820857929e+00
9.645186990944466798e-02 2.569803045878341408e+00
9.659886714474257008e-02 3.077804602043006099e+00
9.674586438004047217e-02 3.675992269568407522e+00
9.689286161533837427e-02 4.379881362738043293e+00
9.703985885063627637e-02 5.207423819749198657e+00
9.718685608593417846e-02 6.179324399808990620e+00
9.733385332123208056e-02 7.319379471673013171e+00
9.748085055652996878e-02 8.654834662599192541e+00
9.762784779182787087e-02 1.021675570769428631e+01
9.777484502712577297e-02 1.204040451873197171e+01
9.792184226242367506e-02 1.416560976552072404e+01
9.806883949772157716e-02 1.663711813878226309e+01
9.821583673301947925e-02 1.950490897554029956e+01
9.836283396831738135e-02 2.282445114540132280e+01
9.850983120361528345e-02 2.665687713071465481e+01
9.865682843891318554e-02 3.106904524744689766e+01
9.880382567421108764e-02 3.613345716461255819e+01
9.895082290950898973e-02 4.192799456613379050e+01
9.909782014480689183e-02 4.853543629764234879e+01
9.924481738010479392e-02 5.604271604501927584e+01
9.939181461540269602e-02 6.453988093897601175e+01
9.953881185070058424e-02 7.411871393491696836e+01
9.968580908599848633e-02 8.487098784458828504e+01
9.983280632129638843e-02 9.688632692656665313e+01
9.997980355659429053e-02 1.102496633310971532e+02
1.001268007918921926e-01 1.250382906699596504e+02
1.002737980271900947e-01 1.413185355934101040e+02
1.004207952624879968e-01 1.591420903194270693e+02
1.005677924977858989e-01 1.785420741068288919e+02
1.007147897330838010e-01 1.995289189000543502e+02
1.008617869683817031e-01 2.220862026575200616e+02
1.010087842036796052e-01 2.461665817161294854e+02
1.011557814389775073e-01 2.716879991301344148e+02
1.013027786742754094e-01 2.985303671847992746e+02
1.014497759095733115e-01 3.265329370007201533e+02
1.015967731448711997e-01 3.554925740729069048e+02
1.017437703801691018e-01 3.851631536446104178e+02
1.018907676154670039e-01 4.152562722651742888e+02
1.020377648507649060e-01 4.454434405486828723e+02
1.021847620860628081e-01 4.753598766201672561e+02
1.023317593213607102e-01 5.046099605287453187e+02
1.024787565566586123e-01 5.327743386033425850e+02
1.026257537919565144e-01 5.594185860261078460e+02
1.027727510272544165e-01 5.841032495869030754e+02
1.029197482625523186e-01 6.063950053990751030e+02
1.030667454978502207e-01 6.258785837584069895e+02
1.032137427331481228e-01 6.421690411509066507e+02
1.033607399684460249e-01 6.549239034618053665e+02
1.035077372037439131e-01 6.638546700026751068e+02
1.036547344390418152e-01 6.687371593610803302e+02
1.038017316743397173e-01 6.694201981499404610e+02
1.039487289096376194e-01 6.658322035367740455e+02
1.040957261449355215e-01 6.579852889423513034e+02
1.042427233802334235e-01 6.459766263307221834e+02
1.043897206155313256e-01 6.299869228180677965e+02
1.045367178508292277e-01 6.102760068738388100e+02
1.046837150861271298e-01 5.871756618207482461e+02
1.048307123214250319e-01 5.610799825930026827e+02
1.049777095567229340e-01 5.324336567052737337e+02
1.051247067920208361e-01 5.017186737604142195e+02
1.052717040273187382e-01 4.694400426405164808e+02
1.054187012626166403e-01 4.361111368473007133e+02
1.055656984979145285e-01 4.022392937730178915e+02
1.057126957332124306e-01 3.683122631165920779e+02
1.058596929685103327e-01 3.347860359470107028e+02
1.060066902038082348e-01 3.020744941472171945e+02
1.061536874391061369e-01 2.705412071310640840e+02
1.063006846744040390e-01 2.404935770703094136e+02
1.064476819097019411e-01 2.121794042158453522e+02
1.065946791449998432e-01 1.857858188884865740e+02
1.067416763802977453e-01 1.614404141285181140e+02
1.068886736155956474e-01 1.392143191735158894e+02
1.070356708508935495e-01 1.191268833795019049e+02
1.071826680861914516e-01 1.011515953467706765e+02
1.073296653214893537e-01 8.522284321226406689e+01
1.074766625567872558e-01 7.124312776201571751e+01
1.076236597920851440e-01 5.909036703953363201e+01
1.077706570273830461e-01 4.862497514689206923e+01
1.079176542626809482e-01 3.969645393374582909e+01
1.080646514979788503e-01 3.214929901992700678e+01
1.082116487332767524e-01 2.582808611298947810e+01
1.083586459685746545e-01 2.058166547603266494e+01
1.085056432038725566e-01 1.626644814611985979e+01
1.086526404391704587e-01 1.274881457687416031e+01
1.087996376744683608e-01 9.906713298401719214e+00
1.089466349097662629e-01 7.630543452032803486e+00
1.090936321450641650e-01 5.823431010947867748e+00
1.092406293803620670e-01 4.401015148101016905e+00
1.093876266156599691e-01 3.290860024308784659e+00
1.095346238509578712e-01 2.431599958288853003e+00
1.096816210862557595e-01 1.771914289507165563e+00
1.098286183215536616e-01 1.269413950734186614e+00
1.099756155568515636e-01 8.895063288175215632e-01
1.101226127921494657e-01 6.042896392906449421e-01
1.102696100274473678e-01 3.915137029316717587e-01
1.104166072627452699e-01 2.336313209507387967e-01
1.105636044980431720e-01 1.169537581605979426e-01
1.107106017333410741e-01 3.091528746351457357e-02
1.108575989686389762e-01 -3.255472819674309903e-02
1.110045962039368783e-01 -7.955831885937314496e-02
1.111515934392347804e-01 -1.146629970066008752e-01
1.112985906745326825e-01 -1.412540906816843744e-01
1.114455879098305846e-01 -1.618165106735851566e-01
1.115925851451284867e-01 -1.781569338460826657e-01
1.117395823804263749e-01 -1.915766617713750009e-01
1.118865796157242770e-01 -2.030043806604879819e-01
1.120335768510221791e-01 -2.130968658387999426e-01
1.121805740863200812e-01 -2.223144602188824592e-01
1.123275713216179833e-01 -2.309769932417502503e-01
1.124745685569158854e-01 -2.393047456814230145e-01
1.126215657922137875e-01 -2.474481336117406727e-01
1.127685630275116896e-01 -2.555089910637420303e-01
1.129155602628095917e-01 -2.635556725387253607e-01
1.130625574981074938e-01 -2.716336629256090873e-01
1.132095547334053959e-01 -2.797729587592669986e-01
1.133565519687032980e-01 -2.879931546877294579e-01
1.135035492040012001e-01 -2.963069162553431113e-01
1.136505464392991022e-01 -3.047223296602616927e-01
1.137975436745969904e-01 -3.132444777545195791e-01
1.139445409098948925e-01 -3.218764880897566627e-01
1.140915381451927946e-01 -3.306202241133142650e-01
1.142385353804906967e-01 -3.394767373507008301e-01
1.143855326157885988e-01 -3.484465609236622186e-01
1.145325298510865009e-01 -3.575298986272912316e-01
1.146795270863844030e-01 -3.667267458424028348e-01
1.148265243216823051e-01 -3.760369663036904342e-01
1.149735215569802071e-01 -3.854603405087964063e-01
1.151205187922781092e-01 -3.949965960399453024e-01
1.152675160275760113e-01 -4.046454264387939759e-01
1.154145132628739134e-01 -4.144065028814161167e-01
1.155615104981718155e-01 -4.242794813617969396e-01
1.157085077334697037e-01 -4.342640070851686573e-01
1.158555049687676058e-01 -4.443597171419995107e-01
1.160025022040655079e-01 -4.545662421339002890e-01
1.161494994393634100e-01 -4.648832071507520425e-01
1.162964966746613121e-01 -4.753102323672209195e-01
1.164434939099592142e-01 -4.858469333970703019e-01
1.165904911452571163e-01 -4.964929215174862520e-01
1.167374883805550184e-01 -5.072478037964316400e-01
1.168844856158529205e-01 -5.181111831854359195e-01
1.170314828511508226e-01 -5.290826585687078421e-01
1.171784800864487247e-01 -5.401618248076651696e-01
1.173254773217466268e-01 -5.513482727668517214e-01
1.174724745570445289e-01 -5.626415893382379352e-01
1.176194717923424310e-01 -5.740413574606044733e-01
1.177664690276403192e-01 -5.855471561385670043e-01
1.179134662629382213e-01 -5.971585604563678373e-01
1.180604634982361234e-01 -6.088751416003610473e-01
1.182074607335340255e-01 -6.206964668703562893e-01
1.183544579688319276e-01 -6.326220996981390954e-01
1.185014552041298297e-01 -6.446515996624704314e-01
1.186484524394277318e-01 -6.567845225056494485e-01
1.187954496747256339e-01 -6.690204201515079774e-01
1.189424469100235360e-01 -6.813588407206445652e-01
1.190894441453214381e-01 -6.937993285482626504e-01
1.192364413806193402e-01 -7.063414241983245745e-01
1.193834386159172423e-01 -7.189846644839263945e-01
1.195304358512151444e-01 -7.317285824809154349e-01
1.196774330865130465e-01 -7.445727075492065694e-01
1.198244303218109347e-01 -7.575165653465631976e-01
1.199714275571088368e-01 -7.705596778485599430e-01
1.201184247924067389e-01 -7.837015633652768543e-01
1.202654220277046410e-01 -7.969417365571764833e-01
1.204124192630025431e-01 -8.102797084569850483e-01
1.205594164983004452e-01 -8.237149864845854097e-01
1.207064137335983472e-01 -8.372470744668873976e-01
1.208534109688962493e-01 -8.508754726552503200e-01
1.210004082041941514e-01 -8.645996777442412906e-01
1.211474054394920535e-01 -8.784191828897398580e-01
1.212944026747899556e-01 -8.923334777290996556e-01
1.214413999100878577e-01 -9.063420483992778998e-01
1.215883971453857598e-01 -9.204443775529895788e-01
1.217353943806836619e-01 -9.346399443836794774e-01
1.218823916159815501e-01 -9.489282246392463094e-01
1.220293888512794522e-01 -9.633086906450358811e-01
1.221763860865773543e-01 -9.777808113207946406e-01
1.223233833218752564e-01 -9.923440522019575383e-01
1.224703805571731585e-01 -1.006997875459010316e+00
1.226173777924710606e-01 -1.021741739917395364e+00
1.227643750277689627e-01 -1.036575101075246863e+00
1.229113722630668648e-01 -1.051497411128220705e+00
1.230583694983647669e-01 -1.066508118985275644e+00
1.232053667336626690e-01 -1.081606670293041361e+00
1.233523639689605711e-01 -1.096792507450622622e+00
1.234993612042584732e-01 -1.112065069636116732e+00
1.236463584395563753e-01 -1.127423792823314841e+00
1.237933556748542774e-01 -1.142868109805213805e+00
1.239403529101521656e-01 -1.158397450213819013e+00
1.240873501454500677e-01 -1.174011240540515644e+00
1.242343473807479698e-01 -1.189708904157946279e+00
1.243813446160458719e-01 -1.205489861341753510e+00
1.245283418513437740e-01 -1.221353529290198026e+00
1.246753390866416761e-01 -1.237299322148153635e+00
1.248223363219395782e-01 -1.253326651028199734e+00
1.249693335572374803e-01 -1.269434924030470313e+00
1.251163307925353685e-01 -1.285623546265576067e+00
1.252633280278332983e-01 -1.301891919877487425e+00
1.254103252631311727e-01 -1.318239444065703481e+00
1.255573224984291025e-01 -1.334665515104681788e+00
1.257043197337269769e-01 -1.351169526369790930e+00
1.258513169690249067e-01 -1.367750868357717309e+00
1.259983142043227811e-01 -1.384408928708261044e+00
1.261453114396206832e-01 -1.401143092228622322e+00
1.262923086749185853e-01 -1.417952740915481513e+00
1.264393059102164873e-01 -1.434837253977853777e+00
1.265863031455143894e-01 -1.451796007860597371e+00
1.267333003808122915e-01 -1.468828376265946645e+00
1.268802976161101936e-01 -1.485933730176842715e+00
1.270272948514080957e-01 -1.503111437881841539e+00
1.271742920867059978e-01 -1.520360864997517325e+00
1.273212893220038999e-01 -1.537681374492013475e+00
1.274682865573018020e-01 -1.555072326707858110e+00
1.276152837925997041e-01 -1.572533079384999866e+00
1.277622810278976062e-01 -1.590062987687192120e+00
1.279092782631954806e-01 -1.607661404224655755e+00
1.280562754984934104e-01 -1.625327679075608600e+00
1.282032727337912847e-01 -1.643061159813637317e+00
1.283502699690892146e-01 -1.660861191529809489e+00
1.284972672043870889e-01 -1.678727116857325896e+00
1.286442644396850188e-01 -1.696658275998043308e+00
1.287912616749828931e-01 -1.714654006740531145e+00
1.289382589102808230e-01 -1.732713644491806093e+00
1.290852561455786973e-01 -1.750836522298058640e+00
1.292322533808766272e-01 -1.769021970870285898e+00
1.293792506161745015e-01 -1.787269318607471291e+00
1.295262478514724314e-01 -1.805577891623213915e+00
1.296732450867703057e-01 -1.823947013770842673e+00
1.298202423220682356e-01 -1.842376006667288735e+00
1.299672395573661099e-01 -1.860864189718238748e+00
1.301142367926640120e-01 -1.879410880142286189e+00
1.302612340279619141e-01 -1.898015392998660289e+00
1.304082312632598162e-01 -1.916677041211483967e+00
1.305552284985577183e-01 -1.935395135593138249e+00
1.307022257338556204e-01 -1.954168984873938086e+00
1.308492229691535225e-01 -1.972997895721617212e+00
1.309962202044514246e-01 -1.991881172775066489e+00
1.311432174397493267e-01 -2.010818118660356646e+00
1.312902146750472288e-01 -2.029808034026059360e+00
1.314372119103451308e-01 -2.048850217560428177e+00
1.315842091456430329e-01 -2.067943966025726610e+00
1.317312063809409350e-01 -2.087088574275723474e+00
1.318782036162388371e-01 -2.106283335288992475e+00
1.320252008515367392e-01 -2.125527540190820019e+00
1.321721980868346136e-01 -2.144820478279662268e+00
1.323191953221325434e-01 -2.164161437055591719e+00
1.324661925574304178e-01 -2.183549702244583557e+00
1.326131897927283476e-01 -2.202984557825470091e+00
1.327601870280262220e-01 -2.222465286057072831e+00
1.329071842633241518e-01 -2.241991167502218829e+00
1.330541814986220261e-01 -2.261561481060294199e+00
1.332011787339199560e-01 -2.281175503984561814e+00
1.333481759692178303e-01 -2.300832511918512679e+00
1.334951732045157602e-01 -2.320531778915537302e+00
1.336421704398136345e-01 -2.340272577469463045e+00
1.337891676751115644e-01 -2.360054178538927516e+00
1.339361649104094387e-01 -2.379875851577919477e+00
1.340831621457073408e-01 -2.399736864559278260e+00
1.342301593810052429e-01 -2.419636484002840149e+00
1.343771566163031450e-01 -2.439573975003607842e+00
1.345241538516010471e-01 -2.459548601256258848e+00
1.346711510868989492e-01 -2.479559625085887120e+00
1.348181483221968513e-01 -2.499606307472211242e+00
1.349651455574947534e-01 -2.519687908079236038e+00
1.351121427927926555e-01 -2.539803685279402146e+00
1.352591400280905576e-01 -2.559952896186018734e+00
1.354061372633884597e-01 -2.580134796673814179e+00
1.355531344986863618e-01 -2.600348641413621209e+00
1.357001317339842639e-01 -2.620593683894844261e+00
1.358471289692821660e-01 -2.640869176455955980e+00
1.359941262045800681e-01 -2.661174370309931092e+00
1.361411234398779424e-01 -2.681508515571268347e+00
1.362881206751758723e-01 -2.701870861289119574e+00
1.364351179104737466e-01 -2.722260655467504620e+00
1.365821151457716764e-01 -2.742677145100126168e+00
1.367291123810695508e-01 -2.763119576191456872e+00
1.368761096163674806e-01 -2.783587193789655245e+00
1.370231068516653550e-01 -2.804079242013314044e+00
1.371701040869632848e-01 -2.824594964077569159e+00
1.373171013222611592e-01 -2.845133602323635102e+00
1.374640985575590890e-01 -2.865694398247411456e+00
1.376110957928569634e-01 -2.886276592524565032e+00
1.377580930281548932e-01 -2.906879425041005049e+00
1.379050902634527676e-01 -2.927502134923180677e+00
1.380520874987506974e-01 -2.948143960558924803e+00
1.381990847340485717e-01 -2.968804139633755668e+00
1.383460819693464738e-01 -2.989481909153896666e+00
1.384930792046443759e-01 -3.010176505476618303e+00
1.386400764399422780e-01 -3.030887164336119710e+00
1.387870736752401801e-01 -3.051613120875371621e+00
1.389340709105380822e-01 -3.072353609670857466e+00
1.390810681458359843e-01 -3.093107864764300885e+00
1.392280653811338864e-01 -3.113875119686792203e+00
1.393750626164317885e-01 -3.134654607490663381e+00
1.395220598517296906e-01 -3.155445560777089042e+00
1.396690570870275927e-01 -3.176247211721035413e+00
1.398160543223254948e-01 -3.197058792106151515e+00
1.399630515576233969e-01 -3.217879533346437171e+00
1.401100487929212712e-01 -3.238708666518947510e+00
1.402570460282192011e-01 -3.259545422391099123e+00
1.404040432635170754e-01 -3.280389031446430792e+00
1.405510404988150053e-01 -3.301238723919178497e+00
1.406980377341128796e-01 -3.322093729815595253e+00
1.408450349694108095e-01 -3.342953278948710860e+00
1.409920322047086838e-01 -3.363816600959424363e+00
1.411390294400066137e-01 -3.384682925354146832e+00
1.412860266753044880e-01 -3.405551481525002089e+00
1.414330239106024178e-01 -3.426421498783835062e+00
1.415800211459002922e-01 -3.447292206386718405e+00
1.417270183811982220e-01 -3.468162833566159620e+00
1.418740156164960964e-01 -3.489032609556003806e+00
1.420210128517940262e-01 -3.509900763621303099e+00
1.421680100870919006e-01 -3.530766525089878982e+00
1.423150073223898027e-01 -3.551629123374398844e+00
1.424620045576877048e-01 -3.572487788005568987e+00
1.426090017929856069e-01 -3.593341748659730328e+00
1.427559990282835090e-01 -3.614190235188097233e+00
1.429029962635814111e-01 -3.635032477640947945e+00
1.430499934988793131e-01 -3.655867706303041587e+00
1.431969907341772152e-01 -3.676695151714556076e+00
1.433439879694751173e-01 -3.697514044704456992e+00
1.434909852047730194e-01 -3.718323616418180322e+00
1.436379824400709215e-01 -3.739123098346201601e+00
1.437849796753688236e-01 -3.759911722349558616e+00
1.439319769106667257e-01 -3.780688720689866500e+00
1.440789741459646278e-01 -3.801453326061201565e+00
1.442259713812625299e-01 -3.822204771612137009e+00
1.443729686165604043e-01 -3.842942290979124209e+00
1.445199658518583341e-01 -3.863665118312805902e+00
1.446669630871562084e-01 -3.884372488304693505e+00
1.448139603224541383e-01 -3.905063636219736622e+00
1.449609575577520126e-01 -3.925737797919808258e+00
1.451079547930499425e-01 -3.946394209895496274e+00
1.452549520283478168e-01 -3.967032109291851683e+00
1.454019492636457467e-01 -3.987650733938330916e+00
1.455489464989436210e-01 -4.008249322376466139e+00
1.456959437342415509e-01 -4.028827113886320532e+00
1.458429409695394252e-01 -4.049383348517070047e+00
1.459899382048373551e-01 -4.069917267114401938e+00
1.461369354401352294e-01 -4.090428111347753415e+00
1.462839326754331315e-01 -4.110915123737873600e+00
1.464309299107310336e-01 -4.131377547686877705e+00
1.465779271460289357e-01 -4.151814627503833677e+00
1.467249243813268378e-01 -4.172225608434695587e+00
1.468719216166247399e-01 -4.192609736689149713e+00
1.470189188519226420e-01 -4.212966259468085894e+00
1.471659160872205441e-01 -4.233294424992934069e+00
1.473129133225184462e-01 -4.253593482529861802e+00
1.474599105578163483e-01 -4.273862682422637782e+00
1.476069077931142504e-01 -4.294101276117514132e+00
1.477539050284121525e-01 -4.314308516189469422e+00
1.479009022637100546e-01 -4.334483656372666083e+00
1.480478994990079566e-01 -4.354625951585773258e+00
1.481948967343058587e-01 -4.374734657961676376e+00
1.483418939696037331e-01 -4.394809032872548649e+00
1.484888912049016629e-01 -4.414848334958828779e+00
1.486358884401995373e-01 -4.434851824156867295e+00
1.487828856754974671e-01 -4.454818761724427034e+00
1.489298829107953415e-01 -4.474748410270739996e+00
1.490768801460932713e-01 -4.494640033779699451e+00
1.492238773813911457e-01 -4.514492897642213620e+00
1.493708746166890755e-01 -4.534306268679057617e+00
1.495178718519869498e-01 -4.554079415169644207e+00
1.496648690872848797e-01 -4.573811606879345959e+00
1.498118663225827540e-01 -4.593502115085402515e+00
1.499588635578806839e-01 -4.613150212605114042e+00
1.501058607931785582e-01 -4.632755173821334616e+00
1.502528580284764881e-01 -4.652316274710099009e+00
1.503998552637743624e-01 -4.671832792868071849e+00
1.505468524990722645e-01 -4.691304007538096066e+00
1.506938497343701666e-01 -4.710729199635022013e+00
1.508408469696680687e-01 -4.730107651774816624e+00
1.509878442049659708e-01 -4.749438648298041521e+00
1.511348414402638729e-01 -4.768721475299814827e+00
1.512818386755617750e-01 -4.787955420651531568e+00
1.514288359108596771e-01 -4.807139774033200474e+00
1.515758331461575792e-01 -4.826273826952172996e+00
1.517228303814554813e-01 -4.845356872778165069e+00
1.518698276167533834e-01 -4.864388206760033917e+00
1.520168248520512855e-01 -4.883367126059405372e+00
1.521638220873491876e-01 -4.902292929772690044e+00
1.523108193226470619e-01 -4.921164918957517287e+00
1.524578165579449918e-01 -4.939982396660665742e+00
1.526048137932428661e-01 -4.958744667938295159e+00
1.527518110285407960e-01 -4.977451039889881024e+00
1.528988082638386703e-01 -4.996100821675884873e+00
1.530458054991366001e-01 -5.014693324548900044e+00
1.531928027344344745e-01 -5.033227861875351650e+00
1.533397999697324043e-01 -5.051703749163293899e+00
1.534867972050302787e-01 -5.070120304086557894e+00
1.536337944403282085e-01 -5.088476846508495299e+00
1.537807916756260829e-01 -5.106772698512545894e+00
1.539277889109240127e-01 -5.125007184419730244e+00
1.540747861462218871e-01 -5.143179630820201353e+00
1.542217833815198169e-01 -5.161289366591452321e+00
1.543687806168176913e-01 -5.179335722932161268e+00
1.545157778521156211e-01 -5.197318033377273494e+00
1.546627750874134954e-01 -5.215235633829506945e+00
1.548097723227114253e-01 -5.233087862579269611e+00
1.549567695580092996e-01 -5.250874060333996063e+00
1.551037667933072295e-01 -5.268593570236355994e+00
1.552507640286051038e-01 -5.286245737894867958e+00
1.553977612639029782e-01 -5.303829911403051156e+00
1.555447584992009080e-01 -5.321345441366125861e+00
1.556917557344987824e-01 -5.338791680924585670e+00
1.558387529697967122e-01 -5.356167985777436691e+00
1.559857502050945866e-01 -5.373473714207578134e+00
1.561327474403925164e-01 -5.390708227102155803e+00
1.562797446756903907e-01 -5.407870887980888774e+00
1.564267419109883206e-01 -5.424961063014474227e+00
1.565737391462861949e-01 -5.441978121052461148e+00
1.567207363815841248e-01 -5.458921433644578158e+00
1.568677336168819991e-01 -5.475790375062246085e+00
1.570147308521799290e-01 -5.492584322325581248e+00
1.571617280874778033e-01 -5.509302655223196510e+00
1.573087253227757332e-01 -5.525944756337209718e+00
1.574557225580736075e-01 -5.542510011062756980e+00
1.576027197933715374e-01 -5.558997807635567057e+00
1.577497170286694117e-01 -5.575407537149303039e+00
1.578967142639673416e-01 -5.591738593583754025e+00
1.580437114992652159e-01 -5.607990373822245189e+00
1.581907087345631457e-01 -5.624162277675939237e+00
1.583377059698610201e-01 -5.640253707906643044e+00
1.584847032051589499e-01 -5.656264070246239228e+00
1.586317004404568243e-01 -5.672192773423071266e+00
1.587786976757547541e-01 -5.688039229179542744e+00
1.589256949110526285e-01 -5.703802852296221637e+00
1.590726921463505583e-01 -5.719483060611418423e+00
1.592196893816484327e-01 -5.735079275046575553e+00
1.593666866169463625e-01 -5.750590919623108199e+00
1.595136838522442368e-01 -5.766017421484908034e+00
1.596606810875421112e-01 -5.781358210923222885e+00
1.598076783228400410e-01 -5.796612721390775214e+00
1.599546755581379154e-01 -5.811780389531000957e+00
1.601016727934358452e-01 -5.826860655190964522e+00
1.602486700287337196e-01 -5.841852961446997838e+00
1.603956672640316494e-01 -5.856756754623543948e+00
1.605426644993295238e-01 -5.871571484314460854e+00
1.606896617346274536e-01 -5.886296603401770966e+00
1.608366589699253280e-01 -5.900931568078380707e+00
1.609836562052232578e-01 -5.915475837864455855e+00
1.611306534405211321e-01 -5.929928875631768292e+00
1.612776506758190620e-01 -5.944290147620526099e+00
1.614246479111169363e-01 -5.958559123458863738e+00
1.615716451464148662e-01 -5.972735276184752529e+00
1.617186423817127405e-01 -5.986818082263727803e+00
1.618656396170106704e-01 -6.000807021610135017e+00
1.620126368523085447e-01 -6.014701577600913396e+00
1.621596340876064746e-01 -6.028501237104276100e+00
1.623066313229043489e-01 -6.042205490486680652e+00
1.624536285582022788e-01 -6.055813831644925038e+00
1.626006257935001531e-01 -6.069325758011613559e+00
1.627476230287980830e-01 -6.082740770583208167e+00
1.628946202640959573e-01 -6.096058373935585806e+00
1.630416174993938871e-01 -6.109278076240612698e+00
1.631886147346917615e-01 -6.122399389286110605e+00
1.633356119699896913e-01 -6.135421828493324625e+00
1.634826092052875657e-01 -6.148344912935553630e+00
1.636296064405854400e-01 -6.161168165355902282e+00
1.637766036758833699e-01 -6.173891112182312568e+00
1.639236009111812442e-01 -6.186513283548859654e+00
1.640705981464791741e-01 -6.199034213310643082e+00
1.642175953817770484e-01 -6.211453439061282111e+00
1.643645926170749783e-01 -6.223770502151262818e+00
1.645115898523728526e-01 -6.235984947703835601e+00
1.646585870876707824e-01 -6.248096324631148946e+00
1.648055843229686568e-01 -6.260104185653299069e+00
1.649525815582665866e-01 -6.272008087310715574e+00
1.650995787935644610e-01 -6.283807589985312525e+00
1.652465760288623908e-01 -6.295502257914587396e+00
1.653935732641602652e-01 -6.307091659206643719e+00
1.655405704994581950e-01 -6.318575365857264536e+00
1.656875677347560694e-01 -6.329952953765871193e+00
1.658345649700539992e-01 -6.341224002751394195e+00
1.659815622053518736e-01 -6.352388096566902398e+00
1.661285594406498034e-01 -6.363444822914088306e+00
1.662755566759476777e-01 -6.374393773461481949e+00
1.664225539112456076e-01 -6.385234543857475131e+00
1.665695511465434819e-01 -6.395966733746552890e+00
1.667165483818414118e-01 -6.406589946780539613e+00
1.668635456171392861e-01 -6.417103790637876948e+00
1.670105428524372160e-01 -6.427507877035885997e+00
1.671575400877350903e-01 -6.437801821743732944e+00
1.673045373230330202e-01 -6.447985244602367771e+00
1.674515345583308945e-01 -6.458057769529313319e+00
1.675985317936287688e-01 -6.468019024539101380e+00
1.677455290289266987e-01 -6.477868641757911661e+00
1.678925262642245730e-01 -6.487606257431888679e+00
1.680395234995225029e-01 -6.497231511946479188e+00
1.681865207348203772e-01 -6.506744049832966503e+00
1.683335179701183071e-01 -6.516143519787118699e+00
1.684805152054161814e-01 -6.525429574681945510e+00
1.686275124407141113e-01 -6.534601871576996679e+00
1.687745096760119856e-01 -6.543660071733312655e+00
1.689215069113099155e-01 -6.552603840625467413e+00
1.690685041466077898e-01 -6.561432847955122050e+00
1.692155013819057197e-01 -6.570146767660767217e+00
1.693624986172035940e-01 -6.578745277932129376e+00
1.695094958525015238e-01 -6.587228061220740116e+00
1.696564930877993982e-01 -6.595594804251256882e+00
1.698034903230973280e-01 -6.603845198036209396e+00
1.699504875583952024e-01 -6.611978937880275353e+00
1.700974847936931322e-01 -6.619995723402383625e+00
1.702444820289910066e-01 -6.627895258536175227e+00
1.703914792642889364e-01 -6.635677251546375111e+00
1.705384764995868108e-01 -6.643341415039987652e+00
1.706854737348847406e-01 -6.650887465973761792e+00
1.708324709701826150e-01 -6.658315125668032408e+00
1.709794682054805448e-01 -6.665624119813514881e+00
1.711264654407784191e-01 -6.672814178484578029e+00
1.712734626760763490e-01 -6.679885036148398569e+00
1.714204599113742233e-01 -6.686836431674383796e+00
1.715674571466721532e-01 -6.693668108340805389e+00
1.717144543819700275e-01 -6.700379813850973143e+00
1.718614516172679019e-01 -6.706971300336851627e+00
1.720084488525658317e-01 -6.713442324371284187e+00
1.721554460878637061e-01 -6.719792646974173778e+00
1.723024433231616359e-01 -6.726022033625048913e+00
1.724494405584595103e-01 -6.732130254267536529e+00
1.725964377937574401e-01 -6.738117083322478607e+00
1.727434350290553144e-01 -6.743982299691976046e+00
1.728904322643532443e-01 -6.749725686769169286e+00
1.730374294996511186e-01 -6.755347032447154731e+00
1.731844267349490485e-01 -6.760846129127702220e+00
1.733314239702469228e-01 -6.766222773724111406e+00
1.734784212055448527e-01 -6.771476767672936603e+00
1.736254184408427270e-01 -6.776607916941782328e+00
1.737724156761406569e-01 -6.781616032033963570e+00
1.739194129114385312e-01 -6.786500927996501176e+00
1.740664101467364611e-01 -6.791262424427713107e+00
