2.721617208413325273e-02 -6.840983223620552778e+00
2.736316931943115482e-02 -6.838771354689268556e+00
2.751016655472905345e-02 -6.836434265769068652e+00
2.765716379002695555e-02 -6.833972043170290611e+00
2.780416102532485764e-02 -6.831384777825058485e+00
2.795115826062275974e-02 -6.828672565282741580e+00
2.809815549592065836e-02 -6.825835505707404494e+00
2.824515273121856046e-02 -6.822873703873669982e+00
2.839214996651646256e-02 -6.819787269162922883e+00
2.853914720181436118e-02 -6.816576315559580657e+00
2.868614443711226328e-02 -6.813240961646346960e+00
2.883314167241016537e-02 -6.809781330600317872e+00
2.898013890770806400e-02 -6.806197550188270107e+00
2.912713614300596610e-02 -6.802489752761827546e+00
2.927413337830386819e-02 -6.798658075252699717e+00
2.942113061360177029e-02 -6.794702659167495717e+00
2.956812784889966891e-02 -6.790623650582501725e+00
2.971512508419757101e-02 -6.786421200138383014e+00
2.986212231949547311e-02 -6.782095463034677252e+00
3.000911955479337173e-02 -6.777646599023511520e+00
3.015611679009127383e-02 -6.773074772404447330e+00
3.030311402538917592e-02 -6.768380152018237617e+00
3.045011126068707802e-02 -6.763562911240076581e+00
3.059710849598497664e-02 -6.758623227973793668e+00
3.074410573128287874e-02 -6.753561284645084761e+00
3.089110296658078084e-02 -6.748377268194590606e+00
3.103810020187867946e-02 -6.743071370071656467e+00
3.118509743717658156e-02 -6.737643786226603204e+00
3.133209467247448365e-02 -6.732094717103814574e+00
3.147909190777238575e-02 -6.726424367634086465e+00
3.162608914307028785e-02 -6.720632947227282550e+00
3.177308637836818994e-02 -6.714720669764732364e+00
3.192008361366608510e-02 -6.708687753590695912e+00
3.206708084896398719e-02 -6.702534421505090378e+00
3.221407808426188929e-02 -6.696260900754325895e+00
3.236107531955979139e-02 -6.689867423023788007e+00
3.250807255485769348e-02 -6.683354224428723178e+00
3.265506979015559558e-02 -6.676721545505483135e+00
3.280206702545349073e-02 -6.669969631203264804e+00
3.294906426075139283e-02 -6.663098730874368769e+00
3.309606149604929493e-02 -6.656109098265556412e+00
3.324305873134719702e-02 -6.649000991508160041e+00
3.339005596664509912e-02 -6.641774673109227756e+00
3.353705320194300121e-02 -6.634430409941320050e+00
3.368405043724090331e-02 -6.626968473233095125e+00
3.383104767253880540e-02 -6.619389138558614327e+00
3.397804490783670056e-02 -6.611692685827629035e+00
3.412504214313460266e-02 -6.603879399275188966e+00
3.427203937843250475e-02 -6.595949567451496520e+00
3.441903661373040685e-02 -6.587903483209924360e+00
3.456603384902830894e-02 -6.579741443697894709e+00
3.471303108432621104e-02 -6.571463750344710419e+00
3.486002831962410620e-02 -6.563070708850841761e+00
3.500702555492200829e-02 -6.554562629176483135e+00
3.515402279021991039e-02 -6.545939825530578737e+00
3.530102002551781248e-02 -6.537202616358666063e+00
3.544801726081571458e-02 -6.528351324331262084e+00
3.559501449611361668e-02 -6.519386276332559405e+00
3.574201173141151877e-02 -6.510307803447169306e+00
3.588900896670942087e-02 -6.501116240949192715e+00
3.603600620200731602e-02 -6.491811928288886868e+00
3.618300343730521812e-02 -6.482395209080884513e+00
3.633000067260312022e-02 -6.472866431090562145e+00
3.647699790790102231e-02 -6.463225946221992757e+00
3.662399514319892441e-02 -6.453474110504473060e+00
3.677099237849681956e-02 -6.443611284079787005e+00
3.691798961379472166e-02 -6.433637831187914102e+00
3.706498684909262376e-02 -6.423554120155129610e+00
3.721198408439052585e-02 -6.413360523379220801e+00
3.735898131968842795e-02 -6.403057417316011524e+00
3.750597855498633004e-02 -6.392645182465637177e+00
3.765297579028423214e-02 -6.382124203358481296e+00
3.779997302558213423e-02 -6.371494868541177858e+00
3.794697026088003633e-02 -6.360757570561921703e+00
3.809396749617793149e-02 -6.349912705955674141e+00
3.824096473147583358e-02 -6.338960675230886466e+00
3.838796196677373568e-02 -6.327901882852700055e+00
3.853495920207163777e-02 -6.316736737229938115e+00
3.868195643736953987e-02 -6.305465650698113933e+00
3.882895367266743503e-02 -6.294089039506294725e+00
3.897595090796533712e-02 -6.282607323799544119e+00
3.912294814326323922e-02 -6.271020927605317041e+00
3.926994537856114131e-02 -6.259330278816170434e+00
3.941694261385904341e-02 -6.247535809175272625e+00
3.956393984915694551e-02 -6.235637954259528826e+00
3.971093708445484760e-02 -6.223637153464524729e+00
3.985793431975274970e-02 -6.211533849987170619e+00
4.000493155505065179e-02 -6.199328490809836723e+00
4.015192879034854695e-02 -6.187021526684554296e+00
4.029892602564644905e-02 -6.174613412115433242e+00
4.044592326094435114e-02 -6.162104605342178409e+00
4.059292049624225324e-02 -6.149495568323013472e+00
4.073991773154015533e-02 -6.136786766718039132e+00
4.088691496683805049e-02 -6.123978669871782188e+00
4.103391220213595258e-02 -6.111071750795014523e+00
4.118090943743385468e-02 -6.098066486149388510e+00
4.132790667273175678e-02 -6.084963356226770870e+00
4.147490390802965887e-02 -6.071762844935078007e+00
4.162190114332756097e-02 -6.058465439776272277e+00
4.176889837862546306e-02 -6.045071631832493964e+00
4.191589561392336516e-02 -6.031581915745190869e+00
4.206289284922126726e-02 -6.017996789698440097e+00
4.220989008451916241e-02 -6.004316755399275785e+00
4.235688731981706451e-02 -5.990542318059842941e+00
4.250388455511496660e-02 -5.976673986379374526e+00
4.265088179041286870e-02 -5.962712272523607915e+00
4.279787902571077080e-02 -5.948657692108777262e+00
4.294487626100866595e-02 -5.934510764178810405e+00
4.309187349630656805e-02 -5.920272011188887795e+00
4.323887073160447014e-02 -5.905941958986248963e+00
4.338586796690237224e-02 -5.891521136788048452e+00
4.353286520220027433e-02 -5.877010077164793067e+00
4.367986243749817643e-02 -5.862409316018849736e+00
4.382685967279607853e-02 -5.847719392566382623e+00
4.397385690809398062e-02 -5.832940849314912413e+00
4.412085414339188272e-02 -5.818074232045579386e+00
4.426785137868977787e-02 -5.803120089791919511e+00
4.441484861398767997e-02 -5.788078974819322653e+00
4.456184584928558207e-02 -5.772951442606556682e+00
4.470884308458348416e-02 -5.757738051821881697e+00
4.485584031988137932e-02 -5.742439364306484606e+00
4.500283755517928141e-02 -5.727055945050500085e+00
4.514983479047718351e-02 -5.711588362173189104e+00
4.529683202577508561e-02 -5.696037186902579208e+00
4.544382926107298770e-02 -5.680402993552966073e+00
4.559082649637088980e-02 -5.664686359506189817e+00
4.573782373166879189e-02 -5.648887865187548485e+00
4.588482096696669399e-02 -5.633008094044761549e+00
4.603181820226459608e-02 -5.617047632528364254e+00
4.617881543756249818e-02 -5.601007070068598992e+00
4.632581267286039334e-02 -5.584886999053457757e+00
4.647280990815829543e-02 -5.568688014806827624e+00
4.661980714345619753e-02 -5.552410715567605237e+00
4.676680437875409962e-02 -5.536055702467211681e+00
4.691380161405199478e-02 -5.519623579505763544e+00
4.706079884934989688e-02 -5.503114953533145837e+00
4.720779608464779897e-02 -5.486530434222220975e+00
4.735479331994570107e-02 -5.469870634051601677e+00
4.750179055524360316e-02 -5.453136168277429086e+00
4.764878779054150526e-02 -5.436327654914390628e+00
4.779578502583940736e-02 -5.419445714711880413e+00
4.794278226113730945e-02 -5.402490971130800901e+00
4.808977949643521155e-02 -5.385464050320901030e+00
4.823677673173311364e-02 -5.368365581097076067e+00
4.838377396703100880e-02 -5.351196194916320259e+00
4.853077120232891090e-02 -5.333956525855515274e+00
4.867776843762681299e-02 -5.316647210585394134e+00
4.882476567292471509e-02 -5.299268888351088336e+00
4.897176290822261024e-02 -5.281822200943720347e+00
4.911876014352051234e-02 -5.264307792681840681e+00
4.926575737881841444e-02 -5.246726310382805458e+00
4.941275461411631653e-02 -5.229078403342158232e+00
4.955975184941421863e-02 -5.211364723308528291e+00
4.970674908471212072e-02 -5.193585924459918068e+00
4.985374632001002282e-02 -5.175742663378255060e+00
5.000074355530792491e-02 -5.157835599027535523e+00
5.014774079060582701e-02 -5.139865392726194138e+00
5.029473802590372911e-02 -5.121832708125943157e+00
5.044173526120162426e-02 -5.103738211185372187e+00
5.058873249649952636e-02 -5.085582570145516179e+00
5.073572973179742845e-02 -5.067366455505430523e+00
5.088272696709532361e-02 -5.049090539998067229e+00
5.102972420239322571e-02 -5.030755498564165151e+00
5.117672143769112780e-02 -5.012362008328398844e+00
5.132371867298902990e-02 -4.993910748574454495e+00
5.147071590828693199e-02 -4.975402400718511586e+00
5.161771314358483409e-02 -4.956837648285982389e+00
5.176471037888273619e-02 -4.938217176885110860e+00
5.191170761418063828e-02 -4.919541674181868274e+00
5.205870484947854038e-02 -4.900811829874408332e+00
5.220570208477644247e-02 -4.882028335668054275e+00
5.235269932007434457e-02 -4.863191885249470658e+00
5.249969655537223973e-02 -4.844303174261195721e+00
5.264669379067014182e-02 -4.825362900274110523e+00
5.279369102596804392e-02 -4.806371762765632383e+00
5.294068826126593907e-02 -4.787330463090612831e+00
5.308768549656384117e-02 -4.768239704455652372e+00
5.323468273186174327e-02 -4.749100191894618739e+00
5.338167996715964536e-02 -4.729912632242290194e+00
5.352867720245754746e-02 -4.710677734106901049e+00
5.367567443775544955e-02 -4.691396207845899724e+00
5.382267167305335165e-02 -4.672068765537718882e+00
5.396966890835125374e-02 -4.652696120958199621e+00
5.411666614364915584e-02 -4.633278989550722038e+00
5.426366337894705794e-02 -4.613818088402829254e+00
5.441066061424496003e-02 -4.594314136218326183e+00
5.455765784954285519e-02 -4.574767853290085284e+00
5.470465508484075728e-02 -4.555179961475507078e+00
5.485165232013865938e-02 -4.535551184167432304e+00
5.499864955543655454e-02 -4.515882246268854594e+00
5.514564679073445663e-02 -4.496173874166871975e+00
5.529264402603235873e-02 -4.476426795703397410e+00
5.543964126133026082e-02 -4.456641740151003006e+00
5.558663849662816292e-02 -4.436819438183276176e+00
5.573363573192606502e-02 -4.416960621851091062e+00
5.588063296722396711e-02 -4.397066024553236474e+00
5.602763020252186921e-02 -4.377136381009655963e+00
5.617462743781977130e-02 -4.357172427234822010e+00
5.632162467311767340e-02 -4.337174900510960995e+00
5.646862190841556856e-02 -4.317144539358884536e+00
5.661561914371347065e-02 -4.297082083513229733e+00
5.676261637901137275e-02 -4.276988273893295833e+00
5.690961361430927484e-02 -4.256863852576282525e+00
5.705661084960717000e-02 -4.236709562770404780e+00
5.720360808490507210e-02 -4.216526148785845862e+00
5.735060532020297419e-02 -4.196314356009166247e+00
5.749760255550087629e-02 -4.176074930874435154e+00
5.764459979079877838e-02 -4.155808620836474176e+00
5.779159702609668048e-02 -4.135516174342908968e+00
5.793859426139458257e-02 -4.115198340806829336e+00
5.808559149669248467e-02 -4.094855870578447465e+00
5.823258873199038677e-02 -4.074489514918221644e+00
5.837958596728828886e-02 -4.054100025968315535e+00
5.852658320258618402e-02 -4.033688156725999008e+00
5.867358043788408611e-02 -4.013254661015183800e+00
5.882057767318198821e-02 -3.992800293457031913e+00
5.896757490847989031e-02 -3.972325809445326428e+00
5.911457214377779240e-02 -3.951831965115536249e+00
5.926156937907568756e-02 -3.931319517318218715e+00
5.940856661437358965e-02 -3.910789223592020747e+00
5.955556384967149175e-02 -3.890241842133271177e+00
5.970256108496939385e-02 -3.869678131769534346e+00
5.984955832026729594e-02 -3.849098851932248877e+00
5.999655555556519804e-02 -3.828504762626806723e+00
6.014355279086310013e-02 -3.807896624406087227e+00
6.029055002616099529e-02 -3.787275198341488291e+00
6.043754726145889739e-02 -3.766641245995428378e+00
6.058454449675679948e-02 -3.745995529392764922e+00
6.073154173205470158e-02 -3.725338810993328309e+00
6.087853896735260367e-02 -3.704671853662292236e+00
6.102553620265050577e-02 -3.683995420644539109e+00
6.117253343794840786e-02 -3.663310275533204319e+00
6.131953067324630302e-02 -3.642617182244414664e+00
6.146652790854420512e-02 -3.621916904987724450e+00
6.161352514384210721e-02 -3.601210208236688359e+00
6.176052237914000931e-02 -3.580497856703829029e+00
6.190751961443791140e-02 -3.559780615308383744e+00
6.205451684973581350e-02 -3.539059249152241904e+00
6.220151408503371560e-02 -3.518334523488105603e+00
6.234851132033161075e-02 -3.497607203692853162e+00
6.249550855562951285e-02 -3.476878055239959409e+00
6.264250579092742188e-02 -3.456147843669201691e+00
6.278950302622532398e-02 -3.435417334561407188e+00
6.293650026152322607e-02 -3.414687293507208565e+00
6.308349749682112817e-02 -3.393958486079700521e+00
6.323049473211903027e-02 -3.373231677807659423e+00
6.337749196741691848e-02 -3.352507634145331039e+00
6.352448920271482058e-02 -3.331787120445129702e+00
6.367148643801272268e-02 -3.311070901928966137e+00
6.381848367331062477e-02 -3.290359743659600156e+00
6.396548090860852687e-02 -3.269654410513524567e+00
6.411247814390642896e-02 -3.248955667152403137e+00
6.425947537920433106e-02 -3.228264277993323716e+00
6.440647261450221928e-02 -3.207581007182753297e+00
6.455346984980012137e-02 -3.186906618566398564e+00
6.470046708509802347e-02 -3.166241875662956673e+00
6.484746432039592556e-02 -3.145587541634247586e+00
6.499446155569382766e-02 -3.124944379258121074e+00
6.514145879099172975e-02 -3.104313150899496776e+00
6.528845602628963185e-02 -3.083694618483036720e+00
6.543545326158753395e-02 -3.063089543464352360e+00
6.558245049688543604e-02 -3.042498686802622032e+00
6.572944773218333814e-02 -3.021922808930948889e+00
6.587644496748124023e-02 -3.001362669729722654e+00
6.602344220277914233e-02 -2.980819028498169487e+00
6.617043943807704443e-02 -2.960292643926029754e+00
6.631743667337494652e-02 -2.939784274065624814e+00
6.646443390867284862e-02 -2.919294676304172498e+00
6.661143114397075071e-02 -2.898824607335091841e+00
6.675842837926865281e-02 -2.878374823131473192e+00
6.690542561456655490e-02 -2.857946078916285160e+00
6.705242284986445700e-02 -2.837539129136027682e+00
6.719942008516235910e-02 -2.817154727432273020e+00
6.734641732046026119e-02 -2.796793626613641948e+00
6.749341455575814941e-02 -2.776456578629002081e+00
6.764041179105605150e-02 -2.756144334539046170e+00
6.778740902635395360e-02 -2.735857644487253992e+00
6.793440626165185570e-02 -2.715597257674225773e+00
6.808140349694975779e-02 -2.695363922329718775e+00
6.822840073224765989e-02 -2.675158385683683804e+00
6.837539796754556198e-02 -2.654981393939207734e+00
6.852239520284345020e-02 -2.634833692245951653e+00
6.866939243814135230e-02 -2.614716024670295624e+00
6.881638967343925439e-02 -2.594629134171594131e+00
6.896338690873715649e-02 -2.574573762571157332e+00
6.911038414403505858e-02 -2.554550650526273614e+00
6.925738137933296068e-02 -2.534560537502860811e+00
6.940437861463086278e-02 -2.514604161748543731e+00
6.955137584992876487e-02 -2.494682260265475904e+00
6.969837308522666697e-02 -2.474795568781308575e+00
6.984537032052456906e-02 -2.454944821724959425e+00
6.999236755582247116e-02 -2.435130752196252857e+00
7.013936479112037325e-02 -2.415354091942717218e+00
7.028636202641827535e-02 -2.395615571328328031e+00
7.043335926171617745e-02 -2.375915919309148805e+00
7.058035649701407954e-02 -2.356255863405895212e+00
7.072735373231198164e-02 -2.336636129677222229e+00
7.087435096760988373e-02 -2.317057442692053826e+00
7.102134820290778583e-02 -2.297520525503580657e+00
7.116834543820568793e-02 -2.278026099622863399e+00
7.131534267350359002e-02 -2.258574884990446563e+00
7.146233990880147824e-02 -2.239167599952546439e+00
7.160933714409938033e-02 -2.219804961231799822e+00
7.175633437939728243e-02 -2.200487683902892400e+00
7.190333161469518453e-02 -2.181216481364943505e+00
7.205032884999308662e-02 -2.161992065314789713e+00
7.219732608529098872e-02 -2.142815145722956061e+00
7.234432332058889081e-02 -2.123686430803850556e+00
7.249132055588677903e-02 -2.104606626993636098e+00
7.263831779118468113e-02 -2.085576438920126563e+00
7.278531502648258322e-02 -2.066596569380610759e+00
7.293231226178048532e-02 -2.047667719312087797e+00
7.307930949707838741e-02 -2.028790587768428466e+00
7.322630673237628951e-02 -2.009965871893037104e+00
7.337330396767419161e-02 -1.991194266892065912e+00
7.352030120297209370e-02 -1.972476466012572871e+00
7.366729843826999580e-02 -1.953813160511085556e+00
7.381429567356789789e-02 -1.935205039634405821e+00
7.396129290886579999e-02 -1.916652790588265987e+00
7.410829014416370208e-02 -1.898157098516543684e+00
7.425528737946160418e-02 -1.879718646472442245e+00
7.440228461475950628e-02 -1.861338115395716031e+00
7.454928185005740837e-02 -1.843016184086462061e+00
7.469627908535531047e-02 -1.824753529178872569e+00
7.484327632065321256e-02 -1.806550825117579251e+00
7.499027355595111466e-02 -1.788408744131201544e+00
7.513727079124901675e-02 -1.770327956208630482e+00
7.528426802654691885e-02 -1.752309129072481042e+00
7.543126526184482095e-02 -1.734352928155898255e+00
7.557826249714270916e-02 -1.716460016575865666e+00
7.572525973244061126e-02 -1.698631055108110743e+00
7.587225696773851336e-02 -1.680866702165561222e+00
7.601925420303641545e-02 -1.663167613768044006e+00
7.616625143833431755e-02 -1.645534443522453927e+00
7.631324867363221964e-02 -1.627967842593788461e+00
7.646024590893012174e-02 -1.610468459683149334e+00
7.660724314422800996e-02 -1.593036941001340523e+00
7.675424037952591205e-02 -1.575673930242421861e+00
7.690123761482381415e-02 -1.558380068559369391e+00
7.704823485012171624e-02 -1.541155994538442542e+00
7.719523208541961834e-02 -1.524002344174096635e+00
7.734222932071752044e-02 -1.506919750841564820e+00
7.748922655601542253e-02 -1.489908845272150728e+00
7.763622379131332463e-02 -1.472970255526014682e+00
7.778322102661122672e-02 -1.456104606966455606e+00
7.793021826190912882e-02 -1.439312522230903113e+00
7.807721549720703091e-02 -1.422594621202886600e+00
7.822421273250493301e-02 -1.405951520980654124e+00
7.837120996780283511e-02 -1.389383835847322501e+00
7.851820720310073720e-02 -1.372892177234554367e+00
7.866520443839863930e-02 -1.356477153688324222e+00
7.881220167369654139e-02 -1.340139370829611210e+00
7.895919890899444349e-02 -1.323879431313201849e+00
7.910619614429234558e-02 -1.307697934786979488e+00
7.925319337959024768e-02 -1.291595477844808215e+00
7.940019061488814978e-02 -1.275572653977562254e+00
7.954718785018605187e-02 -1.259630053519078530e+00
7.969418508548394009e-02 -1.243768263584652090e+00
7.984118232078184219e-02 -1.227987867996560567e+00
7.998817955607974428e-02 -1.212289447203417581e+00
8.013517679137764638e-02 -1.196673578179552777e+00
8.028217402667554847e-02 -1.181140834307647935e+00
8.042917126197345057e-02 -1.165691785244401757e+00
8.057616849727135266e-02 -1.150326996766455778e+00
8.072316573256924088e-02 -1.135047030602358120e+00
8.087016296786714298e-02 -1.119852444243424117e+00
8.101716020316504507e-02 -1.104743790742542586e+00
8.116415743846294717e-02 -1.089721618488017185e+00
8.131115467376084927e-02 -1.074786470963662310e+00
8.145815190905875136e-02 -1.059938886473158703e+00
8.160514914435665346e-02 -1.045179397798793985e+00
8.175214637965455555e-02 -1.030508531776472836e+00
8.189914361495245765e-02 -1.015926808734377573e+00
8.204614085025035974e-02 -1.001434741790220073e+00
8.219313808554826184e-02 -9.870328359455911027e-01
8.234013532084616394e-02 -9.727215869752932065e-01
8.248713255614406603e-02 -9.585014801080795621e-01
8.263412979144196813e-02 -9.443729885689045034e-01
8.278112702673987022e-02 -9.303365721186906967e-01
8.292812426203777232e-02 -9.163926757616067675e-01
8.307512149733567441e-02 -9.025417287797203869e-01
8.322211873263357651e-02 -8.887841442894242050e-01
8.336911596793147861e-02 -8.751203195013523839e-01
8.351611320322938070e-02 -8.615506368061751630e-01
8.366311043852726892e-02 -8.480754655888205207e-01
8.381010767382517102e-02 -8.346951643194522319e-01
8.395710490912307311e-02 -8.214100821523899754e-01
8.410410214442097521e-02 -8.082205590411781770e-01
8.425109937971887730e-02 -7.951269232016997535e-01
8.439809661501677940e-02 -7.821294846426951608e-01
8.454509385031468149e-02 -7.692285238148883764e-01
8.469209108561256971e-02 -7.564242754874221930e-01
8.483908832091047181e-02 -7.437169094481355103e-01
8.498608555620837390e-02 -7.311065101844356207e-01
8.513308279150627600e-02 -7.185930568467782109e-01
8.528008002680417809e-02 -7.061764042339362391e-01
8.542707726210208019e-02 -6.938562668954020296e-01
8.557407449739998229e-02 -6.816322091218331991e-01
8.572107173269788438e-02 -6.695036398794869115e-01
8.586806896799578648e-02 -6.574698051472367410e-01
8.601506620329368857e-02 -6.455297668002160094e-01
8.616206343859159067e-02 -6.336823591580582615e-01
8.630906067388949277e-02 -6.219261176362991250e-01
8.645605790918739486e-02 -6.102591759592996823e-01
8.660305514448529696e-02 -5.986791325121032514e-01
8.675005237978319905e-02 -5.871828965598666628e-01
8.689704961508110115e-02 -5.757665371589837378e-01
8.704404685037900324e-02 -5.644251592297067077e-01
8.719104408567690534e-02 -5.531528167559578435e-01
8.733804132097480744e-02 -5.419424549966187499e-01
8.748503855627270953e-02 -5.307858653358437095e-01
8.763203579157061163e-02 -5.196736288000174397e-01
8.777903302686849984e-02 -5.085950007188557720e-01
8.792603026216640194e-02 -4.975376591390165970e-01
8.807302749746430404e-02 -4.864872311787031833e-01
8.822002473276220613e-02 -4.754265382749771618e-01
8.836702196806010823e-02 -4.643345594474865834e-01
8.851401920335801032e-02 -4.531851852826100924e-01
8.866101643865591242e-02 -4.419458786079779600e-01
8.880801367395380064e-02 -4.305763199329426527e-01
8.895501090925170273e-02 -4.190270246927418896e-01
8.910200814454960483e-02 -4.072378792629933741e-01
8.924900537984750692e-02 -3.951365839786937784e-01
8.939600261514540902e-02 -3.826370076024652178e-01
8.954299985044331112e-02 -3.696373802714099099e-01
8.968999708574121321e-02 -3.560181747384696394e-01
8.983699432103911531e-02 -3.416395343786575722e-01
8.998399155633701740e-02 -3.263381047712208272e-01
9.013098879163491950e-02 -3.099229967265770824e-01
9.027798602693282159e-02 -2.921704948088219567e-01
9.042498326223072369e-02 -2.728174133853364935e-01
9.057198049752862579e-02 -2.515539077014921077e-01
9.071897773282652788e-02 -2.280175463142022352e-01
9.086597496812442998e-02 -2.017902332242300645e-01
9.101297220342233207e-02 -1.723971962426524840e-01
9.115996943872023417e-02 -1.393037390818356869e-01
9.130696667401812239e-02 -1.019034261297697697e-01
9.145396390931602448e-02 -5.949243406698556669e-02
9.160096114461392658e-02 -1.122779223684844396e-02
9.174795837991182867e-02 4.392994405700534344e-02
9.189495561520973077e-02 1.072866746959491024e-01
9.204195285050763287e-02 1.804919316469870694e-01
9.218895008580553496e-02 2.656167599572967220e-01
9.233594732110343706e-02 3.652299034949955114e-01
9.248294455640133915e-02 4.824785649333414028e-01
9.262994179169924125e-02 6.211844320923454177e-01
9.277693902699714334e-02 7.859571449644704444e-01
9.292393626229504544e-02 9.823128614071343634e-01
9.307093349759294754e-02 1.216786277340915490e+00
9.321793073289084963e-02 1.497050960641306716e+00
9.336492796818873785e-02 1.832098872855613791e+00
9.351192520348663995e-02 2.232549974709229446e+00
9.365892243878454204e-02 2.711159307873749924e+00
9.380591967408244414e-02 3.283571260070431208e+00
9.395291690938034623e-02 3.969340230283879833e+00
9.409991414467824833e-02 4.793180928134535890e+00
9.424691137997615042e-02 5.786338025701581955e+00
9.439390861527405252e-02 6.987926762423379401e+00
9.454090585057195462e-02 8.446133596477016781e+00
9.468790308586985671e-02 1.021921727471594110e+01
9.483490032116775881e-02 1.237619376387214132e+01
9.498189755646566090e-02 1.499694031825624307e+01
9.512889479176356300e-02 1.817147600434712018e+01
9.527589202706146509e-02 2.199865428260093125e+01
9.542288926235935331e-02 2.658540324945446542e+01
9.556988649765725541e-02 3.204858300956784234e+01
9.571688373295515750e-02 3.852205145876808245e+01
9.586388096825305960e-02 4.617133782565473155e+01
9.601087820355096170e-02 5.521717037217734969e+01
9.615787543884886379e-02 6.596665531333829335e+01
9.630487267414676589e-02 7.884698007919024576e+01
9.645186990944466798e-02 9.443198591896376115e+01
9.659886714474257008e-02 1.134493148370555531e+02
9.674586438004047217e-02 1.367573974977642024e+02
9.689286161533837427e-02 1.652859486934502229e+02
9.703985885063627637e-02 1.999358811420528923e+02
9.718685608593417846e-02 2.414319460908597819e+02
9.733385332123208056e-02 2.901188485495096074e+02
9.748085055652996878e-02 3.456996323485063840e+02
9.762784779182787087e-02 4.069426997504498331e+02
9.777484502712577297e-02 4.714294774186581094e+02
9.792184226242367506e-02 5.354621005357450940e+02
9.806883949772157716e-02 5.942740721466507239e+02
9.821583673301947925e-02 6.426555224740847052e+02
9.836283396831738135e-02 6.759754301288924125e+02
9.850983120361528345e-02 6.913445903098206600e+02
9.865682843891318554e-02 6.884448720933642107e+02
9.880382567421108764e-02 6.695974692708842895e+02
9.895082290950898973e-02 6.390263525368631008e+02
9.909782014480689183e-02 6.017037079026122228e+02
9.924481738010479392e-02 5.622868426019455228e+02
9.939181461540269602e-02 5.244510995687392096e+02
9.953881185070058424e-02 4.906439275334418539e+02
9.968580908599848633e-02 4.621239507751041060e+02
9.983280632129638843e-02 4.391289400771494797e+02
9.997980355659429053e-02 4.210824458328041828e+02
1.001268007918921926e-01 4.068230819497657649e+02
1.002737980271900947e-01 3.948652927495996892e+02
1.004207952624879968e-01 3.836826827136071643e+02
1.005677924977858989e-01 3.719822235173718354e+02
1.007147897330838010e-01 3.589217292511793858e+02
1.008617869683817031e-01 3.442168410916593757e+02
1.010087842036796052e-01 3.281052632563794873e+02
1.011557814389775073e-01 3.111859286381970833e+02
1.013027786742754094e-01 2.941968609018431948e+02
1.014497759095733115e-01 2.778086647274759002e+02
1.015967731448711997e-01 2.624900120737122506e+02
1.017437703801691018e-01 2.484638224176125618e+02
1.018907676154670039e-01 2.357380325672422146e+02
1.020377648507649060e-01 2.241771580331601399e+02
1.021847620860628081e-01 2.135810920456900988e+02
1.023317593213607102e-01 2.037480026299436702e+02
1.024787565566586123e-01 1.945124964244103865e+02
1.026257537919565144e-01 1.857627656629424564e+02
1.027727510272544165e-01 1.774450040619128401e+02
1.029197482625523186e-01 1.695603347294491527e+02
1.030667454978502207e-01 1.621554299409312421e+02
1.032137427331481228e-01 1.553065343833660563e+02
1.033607399684460249e-01 1.490973278956543879e+02
1.035077372037439131e-01 1.435937881523481110e+02
1.036547344390418152e-01 1.388223242930794754e+02
1.038017316743397173e-01 1.347573891745653896e+02
1.039487289096376194e-01 1.313208081176133533e+02
1.040957261449355215e-01 1.283901965941828394e+02
1.042427233802334235e-01 1.258113352782117431e+02
1.043897206155313256e-01 1.234110016594234907e+02
1.045367178508292277e-01 1.210112843611322262e+02
1.046837150861271298e-01 1.184487579957130379e+02
1.048307123214250319e-01 1.155981934115206400e+02
1.049777095567229340e-01 1.123936745123694436e+02
1.051247067920208361e-01 1.088370416732393124e+02
1.052717040273187382e-01 1.049880494528312340e+02
1.054187012626166403e-01 1.009397234062903976e+02
1.055656984979145285e-01 9.678959086303221682e+01
1.057126957332124306e-01 9.261787253229611849e+01
1.058596929685103327e-01 8.847840017174712557e+01
1.060066902038082348e-01 8.440182074341151974e+01
1.061536874391061369e-01 8.040630311912877914e+01
1.063006846744040390e-01 7.650860261543348884e+01
1.064476819097019411e-01 7.272915691077115241e+01
1.065946791449998432e-01 6.908969856775459562e+01
1.067416763802977453e-01 6.560725292384489649e+01
1.068886736155956474e-01 6.228979189297254493e+01
1.070356708508935495e-01 5.913617572677772927e+01
1.071826680861914516e-01 5.613959730709214568e+01
1.073296653214893537e-01 5.329181945332166492e+01
1.074766625567872558e-01 5.058564225597861252e+01
1.076236597920851440e-01 4.801482757882013175e+01
1.077706570273830461e-01 4.557259677631260786e+01
1.079176542626809482e-01 4.325037452738258281e+01
1.080646514979788503e-01 4.103783828933713096e+01
1.082116487332767524e-01 3.892442674442506245e+01
1.083586459685746545e-01 3.690161688414352170e+01
1.085056432038725566e-01 3.496476082513160577e+01
1.086526404391704587e-01 3.311350265163707007e+01
1.087996376744683608e-01 3.135063835810836252e+01
1.089466349097662629e-01 2.968006857559085887e+01
1.090936321450641650e-01 2.810479094448813697e+01
1.092406293803620670e-01 2.662567213849026260e+01
1.093876266156599691e-01 2.524121563124591106e+01
1.095346238509578712e-01 2.394804313970280063e+01
1.096816210862557595e-01 2.274162124572934829e+01
1.098286183215536616e-01 2.161685966478760434e+01
1.099756155568515636e-01 2.056841634902281513e+01
1.101226127921494657e-01 1.959078133427966151e+01
1.102696100274473678e-01 1.867835815062453264e+01
1.104166072627452699e-01 1.782569047092355419e+01
1.105636044980431720e-01 1.702778540799538831e+01
1.107106017333410741e-01 1.628038187314413676e+01
1.108575989686389762e-01 1.558005079840011575e+01
1.110045962039368783e-01 1.492409567138492754e+01
1.111515934392347804e-01 1.431028472545577834e+01
1.112985906745326825e-01 1.373647110599006638e+01
1.114455879098305846e-01 1.320014740069825798e+01
1.115925851451284867e-01 1.269799247449936530e+01
1.117395823804263749e-01 1.222553413769685271e+01
1.118865796157242770e-01 1.177709918579747672e+01
1.120335768510221791e-01 1.134617135554577949e+01
1.121805740863200812e-01 1.092613900610081856e+01
1.123275713216179833e-01 1.051124706684447929e+01
1.124745685569158854e-01 1.009743324026804956e+01
1.126215657922137875e-01 9.682718518240609029e+00
1.127685630275116896e-01 9.267010220873851623e+00
1.129155602628095917e-01 8.851481068975761701e+00
1.130625574981074938e-01 8.437887481050935889e+00
1.132095547334053959e-01 8.028138919194006462e+00
1.133565519687032980e-01 7.624200155793907641e+00
1.135035492040012001e-01 7.228182028759764677e+00
1.136505464392991022e-01 6.842385971893772734e+00
1.137975436745969904e-01 6.469147589244091279e+00
1.139445409098948925e-01 6.110505397577568942e+00
1.140915381451927946e-01 5.767860182275178715e+00
1.142385353804906967e-01 5.441791810225256043e+00
1.143855326157885988e-01 5.132097457387507333e+00
1.145325298510865009e-01 4.838004829050804645e+00
1.146795270863844030e-01 4.558454414440163305e+00
1.148265243216823051e-01 4.292344553873414625e+00
1.149735215569802071e-01 4.038678497708763970e+00
1.151205187922781092e-01 3.796613890533441449e+00
1.152675160275760113e-01 3.565456510187953398e+00
1.154145132628739134e-01 3.344644719480868389e+00
1.155615104981718155e-01 3.133748381888576517e+00
1.157085077334697037e-01 2.932477306485061774e+00
1.158555049687676058e-01 2.740677647817182816e+00
1.160025022040655079e-01 2.558297534157894404e+00
1.161494994393634100e-01 2.385320883835245098e+00
1.162964966746613121e-01 2.221688015831364993e+00
1.164434939099592142e-01 2.067230375994299152e+00
1.165904911452571163e-01 1.921639689838801957e+00
1.167374883805550184e-01 1.784475193621709366e+00
1.168844856158529205e-01 1.655197753079143297e+00
1.170314828511508226e-01 1.533214099712328249e+00
1.171784800864487247e-01 1.417917783872582049e+00
1.173254773217466268e-01 1.308720883440550153e+00
1.174724745570445289e-01 1.205076178572689116e+00
1.176194717923424310e-01 1.106490399013893011e+00
1.177664690276403192e-01 1.012528275563290947e+00
1.179134662629382213e-01 9.228085045776950324e-01
1.180604634982361234e-01 8.369943663801961975e-01
1.182074607335340255e-01 7.547807644586264075e-01
1.183544579688319276e-01 6.758792874745012114e-01
1.185014552041298297e-01 6.000059928066008297e-01
1.186484524394277318e-01 5.268773373832473794e-01
1.187954496747256339e-01 4.562137033318229840e-01
1.189424469100235360e-01 3.877433389580922096e-01
1.190894441453214381e-01 3.212004523481155616e-01
1.192364413806193402e-01 2.563184289356428280e-01
1.193834386159172423e-01 1.928249725552788618e-01
1.195304358512151444e-01 1.304464942911920389e-01
1.196774330865130465e-01 6.892601515779261945e-02
1.198244303218109347e-01 8.053827089142373552e-03
1.199714275571088368e-01 -5.229659977451106556e-02
1.201184247924067389e-01 -1.121408704746720275e-01
1.202654220277046410e-01 -1.713777823572719683e-01
1.204124192630025431e-01 -2.298116421979194968e-01
1.205594164983004452e-01 -2.871971757348497079e-01
1.207064137335983472e-01 -3.432914227985257583e-01
1.208534109688962493e-01 -3.978951482923598348e-01
1.210004082041941514e-01 -4.508738154786797736e-01
1.211474054394920535e-01 -5.021594289605602057e-01
1.212944026747899556e-01 -5.517416121362685999e-01
1.214413999100878577e-01 -5.996559803131056299e-01
1.215883971453857598e-01 -6.459733812736310199e-01
1.217353943806836619e-01 -6.907896768104215823e-01
1.218823916159815501e-01 -7.342145718122985443e-01
1.220293888512794522e-01 -7.763590931017603225e-01
1.221763860865773543e-01 -8.173232776474961270e-01
1.223233833218752564e-01 -8.571869438553676446e-01
1.224703805571731585e-01 -8.960060927982667067e-01
1.226173777924710606e-01 -9.338156589924153650e-01
1.227643750277689627e-01 -9.706370494877880617e-01
1.229113722630668648e-01 -1.006487348739167231e+00
1.230583694983647669e-01 -1.041386962904070401e+00
1.232053667336626690e-01 -1.075363761072122060e+00
1.233523639689605711e-01 -1.108453573121281011e+00
1.234993612042584732e-01 -1.140698221666418988e+00
1.236463584395563753e-01 -1.172142640206679687e+00
1.237933556748542774e-01 -1.202832213706823694e+00
1.239403529101521656e-01 -1.232810753493279066e+00
1.240873501454500677e-01 -1.262118983670060146e+00
1.242343473807479698e-01 -1.290793298969905578e+00
1.243813446160458719e-01 -1.318864739734038949e+00
1.245283418513437740e-01 -1.346358357324151100e+00
1.246753390866416761e-01 -1.373293221685244703e+00
1.248223363219395782e-01 -1.399683229712652022e+00
1.249693335572374803e-01 -1.425538738043274023e+00
1.251163307925353685e-01 -1.450868999089585998e+00
1.252633280278332983e-01 -1.475685400238647915e+00
1.254103252631311727e-01 -1.500005450231645554e+00
1.255573224984291025e-01 -1.523857251307056515e+00
1.257043197337269769e-01 -1.547283904297405144e+00
1.258513169690249067e-01 -1.570346976827545760e+00
1.259983142043227811e-01 -1.593127795650049805e+00
1.261453114396206832e-01 -1.615725054262775018e+00
1.262923086749185853e-01 -1.638247679072003749e+00
1.264393059102164873e-01 -1.660803522418556000e+00
1.265863031455143894e-01 -1.683486261101483805e+00
1.267333003808122915e-01 -1.706363126510714423e+00
1.268802976161101936e-01 -1.729465111474308259e+00
1.270272948514080957e-01 -1.752781445907618973e+00
1.271742920867059978e-01 -1.776261359443941146e+00
1.273212893220038999e-01 -1.799825044797175977e+00
1.274682865573018020e-01 -1.823381304085087251e+00
1.276152837925997041e-01 -1.846845670978540355e+00
1.277622810278976062e-01 -1.870153362150528409e+00
1.279092782631954806e-01 -1.893264876317312329e+00
1.280562754984934104e-01 -1.916165260365316314e+00
1.282032727337912847e-01 -1.938859582854727037e+00
1.283502699690892146e-01 -1.961367037230582255e+00
1.284972672043870889e-01 -1.983715030466090212e+00
1.286442644396850188e-01 -2.005933733042299494e+00
1.287912616749828931e-01 -2.028051400223143119e+00
1.289382589102808230e-01 -2.050090822149616798e+00
1.290852561455786973e-01 -2.072067142229055747e+00
1.292322533808766272e-01 -2.093987200830616402e+00
1.293792506161745015e-01 -2.115850509460564410e+00
1.295262478514724314e-01 -2.137651650902146372e+00
1.296732450867703057e-01 -2.159383420061063319e+00
1.298202423220682356e-01 -2.181039767753672365e+00
1.299672395573661099e-01 -2.202617763730035705e+00
1.301142367926640120e-01 -2.224118241546879204e+00
1.302612340279619141e-01 -2.245545292660862557e+00
1.304082312632598162e-01 -2.266905091393825344e+00
1.305552284985577183e-01 -2.288204567060255101e+00
1.307022257338556204e-01 -2.309450310236474735e+00
1.308492229691535225e-01 -2.330647917460316521e+00
1.309962202044514246e-01 -2.351801777174623354e+00
1.311432174397493267e-01 -2.372915159521181039e+00
1.312902146750472288e-01 -2.393990462367355576e+00
1.314372119103451308e-01 -2.415029524072679123e+00
1.315842091456430329e-01 -2.436033955186024613e+00
1.317312063809409350e-01 -2.457005464615258816e+00
1.318782036162388371e-01 -2.477946165790385180e+00
1.320252008515367392e-01 -2.498858830431275990e+00
1.321721980868346136e-01 -2.519747035253958600e+00
1.323191953221325434e-01 -2.540615151855343257e+00
1.324661925574304178e-01 -2.561468159746942419e+00
1.326131897927283476e-01 -2.582311311184986025e+00
1.327601870280262220e-01 -2.603149730137740647e+00
1.329071842633241518e-01 -2.623988039883412782e+00
1.330541814986220261e-01 -2.644830069054991739e+00
1.332011787339199560e-01 -2.665678640398242649e+00
1.333481759692178303e-01 -2.686535448771717682e+00
1.334951732045157602e-01 -2.707401063906146987e+00
1.336421704398136345e-01 -2.728275096283764967e+00
1.337891676751115644e-01 -2.749156513667076140e+00
1.339361649104094387e-01 -2.770044017672475434e+00
1.340831621457073408e-01 -2.790936356241013883e+00
1.342301593810052429e-01 -2.811832496337691722e+00
1.343771566163031450e-01 -2.832731657082119270e+00
1.345241538516010471e-01 -2.853633241835389356e+00
1.346711510868989492e-01 -2.874536721911779225e+00
1.348181483221968513e-01 -2.895441541128395357e+00
1.349651455574947534e-01 -2.916347098124392190e+00
1.351121427927926555e-01 -2.937252804848247578e+00
1.352591400280905576e-01 -2.958158167833509822e+00
1.354061372633884597e-01 -2.979062838805212721e+00
1.355531344986863618e-01 -2.999966614144215171e+00
1.357001317339842639e-01 -3.020869395037646399e+00
1.358471289692821660e-01 -3.041771137626723132e+00
1.359941262045800681e-01 -3.062671818141684099e+00
1.361411234398779424e-01 -3.083571417203494036e+00
1.362881206751758723e-01 -3.104469912036666557e+00
1.364351179104737466e-01 -3.125367265880241163e+00
1.365821151457716764e-01 -3.146263410430014673e+00
1.367291123810695508e-01 -3.167158222980754445e+00
1.368761096163674806e-01 -3.188051506274762303e+00
1.370231068516653550e-01 -3.208942981898191604e+00
1.371701040869632848e-01 -3.229832302530658339e+00
1.373171013222611592e-01 -3.250719079031931358e+00
1.374640985575590890e-01 -3.271602911993813478e+00
1.376110957928569634e-01 -3.292483416563669607e+00
1.377580930281548932e-01 -3.313360233873117622e+00
1.379050902634527676e-01 -3.334233029565563555e+00
1.380520874987506974e-01 -3.355101484429559022e+00
1.381990847340485717e-01 -3.375965282519500121e+00
1.383460819693464738e-01 -3.396824100946890468e+00
1.384930792046443759e-01 -3.417677603571286582e+00
1.386400764399422780e-01 -3.438525437820231900e+00
1.387870736752401801e-01 -3.459367232018269789e+00
1.389340709105380822e-01 -3.480202592034220999e+00
1.390810681458359843e-01 -3.501031098504453709e+00
1.392280653811338864e-01 -3.521852306731160454e+00
1.393750626164317885e-01 -3.542665750605589636e+00
1.395220598517296906e-01 -3.563470950453595520e+00
1.396690570870275927e-01 -3.584267422929537261e+00
1.398160543223254948e-01 -3.605054690073449919e+00
1.399630515576233969e-01 -3.625832284847271936e+00
1.401100487929212712e-01 -3.646599751038563042e+00
1.402570460282192011e-01 -3.667356636376874590e+00
1.404040432635170754e-01 -3.688102479580683379e+00
1.405510404988150053e-01 -3.708836794559447370e+00
1.406980377341128796e-01 -3.729559056137262019e+00
1.408450349694108095e-01 -3.750268690977780039e+00
1.409920322047086838e-01 -3.770965075856715032e+00
1.411390294400066137e-01 -3.791647543523001929e+00
1.412860266753044880e-01 -3.812315393995049817e+00
1.414330239106024178e-01 -3.832967907019991571e+00
1.415800211459002922e-01 -3.853604351577999410e+00
1.417270183811982220e-01 -3.874223990550259344e+00
1.418740156164960964e-01 -3.894826081562543507e+00
1.420210128517940262e-01 -3.915409877064266908e+00
1.421680100870919006e-01 -3.935974626751582051e+00
1.423150073223898027e-01 -3.956519583295719400e+00
1.424620045576877048e-01 -3.977044009326128560e+00
1.426090017929856069e-01 -3.997547182404394661e+00
1.427559990282835090e-01 -4.018028396013001213e+00
1.429029962635814111e-01 -4.038486956782337600e+00
1.430499934988793131e-01 -4.058922179672524777e+00
1.431969907341772152e-01 -4.079333383101316102e+00
1.433439879694751173e-01 -4.099719885353788840e+00
1.434909852047730194e-01 -4.120081002593936503e+00
1.436379824400709215e-01 -4.140416047995792326e+00
1.437849796753688236e-01 -4.160724331355389438e+00
1.439319769106667257e-01 -4.181005158765524143e+00
1.440789741459646278e-01 -4.201257832379932111e+00
1.442259713812625299e-01 -4.221481650542020958e+00
1.443729686165604043e-01 -4.241675908555043506e+00
1.445199658518583341e-01 -4.261839900120306446e+00
1.446669630871562084e-01 -4.281972919087299267e+00
1.448139603224541383e-01 -4.302074261004798394e+00
1.449609575577520126e-01 -4.322143224011386842e+00
1.451079547930499425e-01 -4.342179108880402261e+00
1.452549520283478168e-01 -4.362181218374220570e+00
1.454019492636457467e-01 -4.382148856274344695e+00
1.455489464989436210e-01 -4.402081326473880729e+00
1.456959437342415509e-01 -4.421977932360884544e+00
1.458429409695394252e-01 -4.441837976534150911e+00
1.459899382048373551e-01 -4.461660760739682097e+00
1.461369354401352294e-01 -4.481445585961135514e+00
1.462839326754331315e-01 -4.501191752617535791e+00
1.464309299107310336e-01 -4.520898560774418762e+00
1.465779271460289357e-01 -4.540565310328549486e+00
1.467249243813268378e-01 -4.560191301188605273e+00
1.468719216166247399e-01 -4.579775833501576798e+00
1.470189188519226420e-01 -4.599318207888427601e+00
1.471659160872205441e-01 -4.618817725591407353e+00
1.473129133225184462e-01 -4.638273688527870142e+00
1.474599105578163483e-01 -4.657685399290713235e+00
1.476069077931142504e-01 -4.677052161100228034e+00
1.477539050284121525e-01 -4.696373277650733868e+00
1.479009022637100546e-01 -4.715648052796267642e+00
1.480478994990079566e-01 -4.734875790108971749e+00
1.481948967343058587e-01 -4.754055792428554028e+00
1.483418939696037331e-01 -4.773187361568716369e+00
1.484888912049016629e-01 -4.792269798294440442e+00
1.486358884401995373e-01 -4.811302402672721357e+00
1.487828856754974671e-01 -4.830284474745437429e+00
1.489298829107953415e-01 -4.849215315443223595e+00
1.490768801460932713e-01 -4.868094227533902085e+00
1.492238773813911457e-01 -4.886920516418255644e+00
1.493708746166890755e-01 -4.905693490593171724e+00
1.495178718519869498e-01 -4.924412461748861602e+00
1.496648690872848797e-01 -4.943076744602482364e+00
1.498118663225827540e-01 -4.961685656611188655e+00
1.499588635578806839e-01 -4.980238517690590783e+00
1.501058607931785582e-01 -4.998734649968620047e+00
1.502528580284764881e-01 -5.017173377585794292e+00
1.503998552637743624e-01 -5.035554026524099669e+00
1.505468524990722645e-01 -5.053875924483270055e+00
1.506938497343701666e-01 -5.072138400803743785e+00
1.508408469696680687e-01 -5.090340786482376423e+00
1.509878442049659708e-01 -5.108482414260016924e+00
1.511348414402638729e-01 -5.126562618771583146e+00
1.512818386755617750e-01 -5.144580736715029801e+00
1.514288359108596771e-01 -5.162536106993190543e+00
1.515758331461575792e-01 -5.180428070801340823e+00
1.517228303814554813e-01 -5.198255971653822805e+00
1.518698276167533834e-01 -5.216019155367463078e+00
1.520168248520512855e-01 -5.233716970031543347e+00
1.521638220873491876e-01 -5.251348765982600142e+00
1.523108193226470619e-01 -5.268913895796139890e+00
1.524578165579449918e-01 -5.286411714304128040e+00
1.526048137932428661e-01 -5.303841578612066066e+00
1.527518110285407960e-01 -5.321202848126641349e+00
1.528988082638386703e-01 -5.338494884594846113e+00
1.530458054991366001e-01 -5.355717052137499046e+00
1.531928027344344745e-01 -5.372868717312876186e+00
1.533397999697324043e-01 -5.389949249176171797e+00
1.534867972050302787e-01 -5.406958019364270562e+00
1.536337944403282085e-01 -5.423894402174751939e+00
1.537807916756260829e-01 -5.440757774641116207e+00
1.539277889109240127e-01 -5.457547516588570069e+00
1.540747861462218871e-01 -5.474263010663779738e+00
1.542217833815198169e-01 -5.490903642335169366e+00
1.543687806168176913e-01 -5.507468799857215380e+00
1.545157778521156211e-01 -5.523957874238512922e+00
1.546627750874134954e-01 -5.540370259179415946e+00
1.548097723227114253e-01 -5.556705351012062977e+00
1.549567695580092996e-01 -5.572962548619793566e+00
1.551037667933072295e-01 -5.589141253359580119e+00
1.552507640286051038e-01 -5.605240869019803895e+00
1.553977612639029782e-01 -5.621260801811749808e+00
1.555447584992009080e-01 -5.637200460413493985e+00
1.556917557344987824e-01 -5.653059256097670904e+00
1.558387529697967122e-01 -5.668836602922276313e+00
1.559857502050945866e-01 -5.684531917960992331e+00
1.561327474403925164e-01 -5.700144621486767704e+00
1.562797446756903907e-01 -5.715674137079810535e+00
1.564267419109883206e-01 -5.731119891664519628e+00
1.565737391462861949e-01 -5.746481315474547102e+00
1.567207363815841248e-01 -5.761757842006458574e+00
1.568677336168819991e-01 -5.776948907964271740e+00
1.570147308521799290e-01 -5.792053953222851881e+00
1.571617280874778033e-01 -5.807072420799956447e+00
1.573087253227757332e-01 -5.822003756837691668e+00
1.574557225580736075e-01 -5.836847410608685394e+00
1.576027197933715374e-01 -5.851602834520045704e+00
1.577497170286694117e-01 -5.866269484145164803e+00
1.578967142639673416e-01 -5.880846818263656850e+00
1.580437114992652159e-01 -5.895334298905739345e+00
1.581907087345631457e-01 -5.909731391404625889e+00
1.583377059698610201e-01 -5.924037564440964410e+00
1.584847032051589499e-01 -5.938252290072437489e+00
1.586317004404568243e-01 -5.952375043755672834e+00
1.587786976757547541e-01 -5.966405304353228800e+00
1.589256949110526285e-01 -5.980342554137964228e+00
1.590726921463505583e-01 -5.994186278802771994e+00
1.592196893816484327e-01 -6.007935967474348438e+00
1.593666866169463625e-01 -6.021591112718809313e+00
1.595136838522442368e-01 -6.035151210577069492e+00
1.596606810875421112e-01 -6.048615760575100531e+00
1.598076783228400410e-01 -6.061984265752554890e+00
1.599546755581379154e-01 -6.075256232683355684e+00
1.601016727934358452e-01 -6.088431171499651740e+00
1.602486700287337196e-01 -6.101508595909905353e+00
1.603956672640316494e-01 -6.114488023222527602e+00
1.605426644993295238e-01 -6.127368974361809606e+00
1.606896617346274536e-01 -6.140150973886444596e+00
1.608366589699253280e-01 -6.152833550005079921e+00
1.609836562052232578e-01 -6.165416234589599753e+00
1.611306534405211321e-01 -6.177898563186984937e+00
1.612776506758190620e-01 -6.190280075036811880e+00
1.614246479111169363e-01 -6.202560313083018251e+00
1.615716451464148662e-01 -6.214738823990007432e+00
1.617186423817127405e-01 -6.226815158157672059e+00
1.618656396170106704e-01 -6.238788869739638088e+00
1.620126368523085447e-01 -6.250659516659291981e+00
1.621596340876064746e-01 -6.262426660631616571e+00
1.623066313229043489e-01 -6.274089867181272595e+00
1.624536285582022788e-01 -6.285648705665357383e+00
1.626006257935001531e-01 -6.297102749289884116e+00
1.627476230287980830e-01 -6.308451575130462174e+00
1.628946202640959573e-01 -6.319694764146015054e+00
1.630416174993938871e-01 -6.330831901194169831e+00
1.631886147346917615e-01 -6.341862575044032724e+00
1.633356119699896913e-01 -6.352786378395318678e+00
1.634826092052875657e-01 -6.363602907891224625e+00
1.636296064405854400e-01 -6.374311764131824987e+00
1.637766036758833699e-01 -6.384912551695436811e+00
1.639236009111812442e-01 -6.395404879150383692e+00
1.640705981464791741e-01 -6.405788359069562787e+00
1.642175953817770484e-01 -6.416062608044200921e+00
1.643645926170749783e-01 -6.426227246700209506e+00
1.645115898523728526e-01 -6.436281899707737786e+00
1.646585870876707824e-01 -6.446226195798129055e+00
1.648055843229686568e-01 -6.456059767775158775e+00
1.649525815582665866e-01 -6.465782252529162832e+00
1.650995787935644610e-01 -6.475393291053080702e+00
1.652465760288623908e-01 -6.484892528450576066e+00
1.653935732641602652e-01 -6.494279613951428054e+00
1.655405704994581950e-01 -6.503554200928308049e+00
1.656875677347560694e-01 -6.512715946904513054e+00
1.658345649700539992e-01 -6.521764513564230370e+00
1.659815622053518736e-01 -6.530699566777572684e+00
1.661285594406498034e-01 -6.539520776600798335e+00
1.662755566759476777e-01 -6.548227817294293374e+00
1.664225539112456076e-01 -6.556820367333489052e+00
1.665695511465434819e-01 -6.565298109421204842e+00
1.667165483818414118e-01 -6.573660730499809368e+00
1.668635456171392861e-01 -6.581907921761232849e+00
1.670105428524372160e-01 -6.590039378657145619e+00
1.671575400877350903e-01 -6.598054800915159390e+00
1.673045373230330202e-01 -6.605953892546011730e+00
1.674515345583308945e-01 -6.613736361854512857e+00
1.675985317936287688e-01 -6.621401921451414374e+00
1.677455290289266987e-01 -6.628950288264644719e+00
1.678925262642245730e-01 -6.636381183548982321e+00
1.680395234995225029e-01 -6.643694332896567190e+00
1.681865207348203772e-01 -6.650889466247875248e+00
1.683335179701183071e-01 -6.657966317899830067e+00
1.684805152054161814e-01 -6.664924626516932626e+00
1.686275124407141113e-01 -6.671764135142179697e+00
1.687745096760119856e-01 -6.678484591203256215e+00
1.689215069113099155e-01 -6.685085746524945804e+00
1.690685041466077898e-01 -6.691567357335979516e+00
1.692155013819057197e-01 -6.697929184277606751e+00
1.693624986172035940e-01 -6.704170992416413455e+00
1.695094958525015238e-01 -6.710292551247700743e+00
1.696564930877993982e-01 -6.716293634707690252e+00
1.698034903230973280e-01 -6.722174021181670511e+00
1.699504875583952024e-01 -6.727933493510835916e+00
1.700974847936931322e-01 -6.733571839001245785e+00
1.702444820289910066e-01 -6.739088849431668748e+00
1.703914792642889364e-01 -6.744484321063878518e+00
1.705384764995868108e-01 -6.749758054644900085e+00
1.706854737348847406e-01 -6.754909855416721953e+00
1.708324709701826150e-01 -6.759939533128183520e+00
1.709794682054805448e-01 -6.764846902034164167e+00
1.711264654407784191e-01 -6.769631780907440444e+00
1.712734626760763490e-01 -6.774293993046216933e+00
1.714204599113742233e-01 -6.778833366276476369e+00
1.715674571466721532e-01 -6.783249732961937006e+00
1.717144543819700275e-01 -6.787542930009437647e+00
1.718614516172679019e-01 -6.791712798872232781e+00
1.720084488525658317e-01 -6.795759185560450888e+00
1.721554460878637061e-01 -6.799681940641511879e+00
1.723024433231616359e-01 -6.803480919252990589e+00
1.724494405584595103e-01 -6.807155981096603803e+00
1.725964377937574401e-01 -6.810706990457584986e+00
1.727434350290553144e-01 -6.814133816196678239e+00
1.728904322643532443e-01 -6.817436331762278812e+00
1.730374294996511186e-01 -6.820614415194628855e+00
1.731844267349490485e-01 -6.823667949127826482e+00
1.733314239702469228e-01 -6.826596820797086629e+00
1.734784212055448527e-01 -6.829400922037648591e+00
1.736254184408427270e-01 -6.832080149297023119e+00
1.737724156761406569e-01 -6.834634403632072974e+00
1.739194129114385312e-01 -6.837063590714916650e+00
1.740664101467364611e-01 -6.839367620836629413e+00
