-4.711845074562848179e-03 -4.305488230286806051e+00
-4.564847839264946951e-03 -4.325626046952489645e+00
-4.417850603967045722e-03 -4.345731345746535190e+00
-4.270853368669145361e-03 -4.365803384167623591e+00
-4.123856133371244133e-03 -4.385841420942573343e+00
-3.976858898073342904e-03 -4.405844716053979759e+00
-3.829861662775441676e-03 -4.425812530767776032e+00
-3.682864427477540448e-03 -4.445744127659966516e+00
-3.535867192179639219e-03 -4.465638770644066113e+00
-3.388869956881738425e-03 -4.485495724998509459e+00
-3.241872721583837196e-03 -4.505314257393305155e+00
-3.094875486285936401e-03 -4.525093635917646573e+00
-2.947878250988035173e-03 -4.544833130106408881e+00
-2.800881015690133945e-03 -4.564532010967829123e+00
-2.653883780392232716e-03 -4.584189551009707486e+00
-2.506886545094331922e-03 -4.603805024266689472e+00
-2.359889309796430693e-03 -4.623377706326961878e+00
-2.212892074498529465e-03 -4.642906874358906144e+00
-2.065894839200628670e-03 -4.662391807137990618e+00
-1.918897603902727442e-03 -4.681831785073437224e+00
-1.771900368604826213e-03 -4.701226090234514210e+00
-1.624903133306925419e-03 -4.720574006377308507e+00
-1.477905898009024190e-03 -4.739874818971038017e+00
-1.330908662711122962e-03 -4.759127815224426961e+00
-1.183911427413222167e-03 -4.778332284112190464e+00
-1.036914192115320939e-03 -4.797487516401062635e+00
-8.899169568174197104e-04 -4.816592804676140815e+00
-7.429197215195184820e-04 -4.835647443367027343e+00
-5.959224862216172536e-04 -4.854650728773747481e+00
-4.489252509237168925e-04 -4.873601959092869862e+00
-3.019280156258156642e-04 -4.892500434443512347e+00
-1.549307803279144358e-04 -4.911345456893048578e+00
-7.933545030013207378e-06 -4.930136330483110285e+00
1.390636902678880210e-04 -4.948872361254953667e+00
2.860609255657892494e-04 -4.967552857275286726e+00
4.330581608636904778e-04 -4.986177128661616109e+00
5.800553961615908388e-04 -5.004744487607691639e+00
7.270526314594920672e-04 -5.023254248409233291e+00
8.740498667573932956e-04 -5.041705727488890787e+00
1.021047102055294524e-03 -5.060098243421779607e+00
1.168044337353195752e-03 -5.078431116960503644e+00
1.315041572651096981e-03 -5.096703671060460294e+00
1.462038807948997342e-03 -5.114915230904756527e+00
1.609036043246898570e-03 -5.133065123929132945e+00
1.756033278544799799e-03 -5.151152679846584981e+00
1.903030513842701027e-03 -5.169177230672326040e+00
2.050027749140602255e-03 -5.187138110748218622e+00
2.197024984438503484e-03 -5.205034656767422163e+00
2.344022219736403845e-03 -5.222866207799126137e+00
2.491019455034305073e-03 -5.240632105312746702e+00
2.638016690332206302e-03 -5.258331693202575430e+00
2.785013925630107530e-03 -5.275964317811763671e+00
2.932011160928008758e-03 -5.293529327956544073e+00
3.079008396225909987e-03 -5.311026074950021325e+00
3.226005631523811215e-03 -5.328453912626187616e+00
3.373002866821711576e-03 -5.345812197363955853e+00
3.520000102119613672e-03 -5.363100288110711489e+00
3.666997337417514033e-03 -5.380317546406295115e+00
3.813994572715414394e-03 -5.397463336406643108e+00
3.960991808013316490e-03 -5.414537024906991292e+00
4.107989043311216851e-03 -5.431537981365435641e+00
4.254986278609118946e-03 -5.448465577926076442e+00
4.401983513907019308e-03 -5.465319189441713021e+00
4.548980749204921403e-03 -5.482098193497596306e+00
4.695977984502821764e-03 -5.498801970434235464e+00
4.842975219800722125e-03 -5.515429903370354658e+00
4.989972455098624221e-03 -5.531981378226046075e+00
5.136969690396524582e-03 -5.548455783744965508e+00
5.283966925694426678e-03 -5.564852511517108802e+00
5.430964160992327039e-03 -5.581170956000969241e+00
5.577961396290229135e-03 -5.597410514545899218e+00
5.724958631588129496e-03 -5.613570587414567825e+00
5.871955866886029857e-03 -5.629650577805217715e+00
6.018953102183931952e-03 -5.645649891873582682e+00
6.165950337481832313e-03 -5.661567938754965112e+00
6.312947572779734409e-03 -5.677404130585788522e+00
6.459944808077634770e-03 -5.693157882525455626e+00
6.606942043375535131e-03 -5.708828612777907985e+00
6.753939278673437227e-03 -5.724415742612709579e+00
6.900936513971337588e-03 -5.739918696387322328e+00
7.047933749269239684e-03 -5.755336901567785546e+00
7.194930984567140045e-03 -5.770669788750094398e+00
7.341928219865042141e-03 -5.785916791681359861e+00
7.488925455162942502e-03 -5.801077347279942842e+00
7.635922690460842863e-03 -5.816150895656884146e+00
7.782919925758744958e-03 -5.831136880136310374e+00
7.929917161056645319e-03 -5.846034747276539711e+00
8.076914396354547415e-03 -5.860843946889901623e+00
8.223911631652447776e-03 -5.875563932063484707e+00
8.370908866950349872e-03 -5.890194159178897770e+00
8.517906102248250233e-03 -5.904734087932787645e+00
8.664903337546150594e-03 -5.919183181356419965e+00
8.811900572844052690e-03 -5.933540905835401169e+00
8.958897808141953051e-03 -5.947806731130271807e+00
9.105895043439855147e-03 -5.961980130394751498e+00
9.252892278737755508e-03 -5.976060580196524974e+00
9.399889514035655869e-03 -5.990047560535487037e+00
9.546886749333557964e-03 -6.003940554863815393e+00
9.693883984631458325e-03 -6.017739050104497167e+00
9.840881219929360421e-03 -6.031442536670317267e+00
9.987878455227260782e-03 -6.045050508482749052e+00
1.013487569052516288e-02 -6.058562462990992437e+00
1.028187292582306324e-02 -6.071977901189812954e+00
1.042887016112096360e-02 -6.085296327638833880e+00
1.057586739641886570e-02 -6.098517250479822849e+00
1.072286463171676606e-02 -6.111640181455982201e+00
1.086986186701466815e-02 -6.124664635929004675e+00
1.101685910231256851e-02 -6.137590132897251749e+00
1.116385633761047061e-02 -6.150416195014340559e+00
1.131085357290836924e-02 -6.163142348605049392e+00
1.145785080820627133e-02 -6.175768123684576061e+00
1.160484804350417343e-02 -6.188293053974715185e+00
1.175184527880207552e-02 -6.200716676922613857e+00
1.189884251409997415e-02 -6.213038533715383949e+00
1.204583974939787624e-02 -6.225258169299559441e+00
1.219283698469577834e-02 -6.237375132395650112e+00
1.233983421999367697e-02 -6.249388975517025102e+00
1.248683145529157906e-02 -6.261299254983953233e+00
1.263382869058948116e-02 -6.273105530942804542e+00
1.278082592588738325e-02 -6.284807367379725562e+00
1.292782316118528188e-02 -6.296404332138896720e+00
1.307482039648318398e-02 -6.307895996936489169e+00
1.322181763178108607e-02 -6.319281937378470992e+00
1.336881486707898470e-02 -6.330561732974651079e+00
1.351581210237688679e-02 -6.341734967154816438e+00
1.366280933767478889e-02 -6.352801227284554209e+00
1.380980657297269099e-02 -6.363760104679748508e+00
1.395680380827058961e-02 -6.374611194622180399e+00
1.410380104356849171e-02 -6.385354096374347144e+00
1.425079827886639380e-02 -6.395988413193669508e+00
1.439779551416429243e-02 -6.406513752348241830e+00
1.454479274946219453e-02 -6.416929725130556150e+00
1.469178998476009662e-02 -6.427235946872496442e+00
1.483878722005799872e-02 -6.437432036958632864e+00
1.498578445535589734e-02 -6.447517618841404285e+00
1.513278169065379944e-02 -6.457492320053405344e+00
1.527977892595170153e-02 -6.467355772223641885e+00
1.542677616124960016e-02 -6.477107611088124273e+00
1.557377339654750226e-02 -6.486747476506245391e+00
1.572077063184540435e-02 -6.496275012471070198e+00
1.586776786714330645e-02 -6.505689867125369119e+00
1.601476510244120507e-02 -6.514991692772245990e+00
1.616176233773910717e-02 -6.524180145889727278e+00
1.630875957303700927e-02 -6.533254887142447842e+00
1.645575680833490789e-02 -6.542215581394331458e+00
1.660275404363280999e-02 -6.551061897721642602e+00
1.674975127893071208e-02 -6.559793509423827551e+00
1.689674851422861418e-02 -6.568410094037020919e+00
1.704374574952651281e-02 -6.576911333345089261e+00
1.719074298482441490e-02 -6.585296913391623264e+00
1.733774022012231700e-02 -6.593566524492667114e+00
1.748473745542021562e-02 -6.601719861245688215e+00
1.763173469071811772e-02 -6.609756622542644067e+00
1.777873192601601982e-02 -6.617676511581130683e+00
1.792572916131391844e-02 -6.625479235874252026e+00
1.807272639661182054e-02 -6.633164507262830689e+00
1.821972363190972263e-02 -6.640732041924180429e+00
1.836672086720762473e-02 -6.648181560384374578e+00
1.851371810250552336e-02 -6.655512787528215846e+00
1.866071533780342545e-02 -6.662725452608086130e+00
1.880771257310132755e-02 -6.669819289255968009e+00
1.895470980839922617e-02 -6.676794035491646184e+00
1.910170704369712827e-02 -6.683649433733388712e+00
1.924870427899503036e-02 -6.690385230806444206e+00
1.939570151429293246e-02 -6.697001177953771034e+00
1.954269874959083109e-02 -6.703497030843879045e+00
1.968969598488873318e-02 -6.709872549580818024e+00
1.983669322018663528e-02 -6.716127498712721078e+00
1.998369045548453390e-02 -6.722261647239178295e+00
2.013068769078243600e-02 -6.728274768622759083e+00
2.027768492608033810e-02 -6.734166640794607694e+00
2.042468216137824019e-02 -6.739937046164632406e+00
2.057167939667613882e-02 -6.745585771627277794e+00
2.071867663197404091e-02 -6.751112608572413798e+00
2.086567386727194301e-02 -6.756517352889888528e+00
2.101267110256984164e-02 -6.761799804979923501e+00
2.115966833786774373e-02 -6.766959769757819210e+00
2.130666557316564583e-02 -6.771997056663725090e+00
2.145366280846354792e-02 -6.776911479666948956e+00
2.160066004376144655e-02 -6.781702857275779373e+00
2.174765727905934865e-02 -6.786371012541096093e+00
2.189465451435725074e-02 -6.790915773065428596e+00
2.204165174965514937e-02 -6.795336971008759441e+00
2.218864898495305146e-02 -6.799634443094333847e+00
2.233564622025095356e-02 -6.803808030613854640e+00
2.248264345554885565e-02 -6.807857579434823947e+00
2.262964069084675428e-02 -6.811782940004741604e+00
2.277663792614465638e-02 -6.815583967358880280e+00
2.292363516144255847e-02 -6.819260521122481933e+00
2.307063239674045710e-02 -6.822812465518386382e+00
2.321762963203835919e-02 -6.826239669370816721e+00
2.336462686733626129e-02 -6.829542006111350538e+00
2.351162410263415992e-02 -6.832719353781996574e+00
2.365862133793206201e-02 -6.835771595041820525e+00
2.380561857322996411e-02 -6.838698617168384786e+00
2.395261580852786620e-02 -6.841500312065114997e+00
2.409961304382576483e-02 -6.844176576262423595e+00
2.424661027912366693e-02 -6.846727310924803689e+00
2.439360751442156902e-02 -6.849152421851670169e+00
2.454060474971946765e-02 -6.851451819481892969e+00
2.468760198501736974e-02 -6.853625418896743149e+00
2.483459922031527184e-02 -6.855673139823036166e+00
2.498159645561317393e-02 -6.857594906638436960e+00
2.512859369091107256e-02 -6.859390648369351418e+00
2.527559092620897466e-02 -6.861060298698870241e+00
2.542258816150687675e-02 -6.862603795964027142e+00
2.556958539680477538e-02 -6.864021083163003745e+00
2.571658263210267747e-02 -6.865312107953187137e+00
2.586357986740057957e-02 -6.866476822657569201e+00
2.601057710269848167e-02 -6.867515184260872374e+00
2.615757433799638029e-02 -6.868427154415019054e+00
2.630457157329428239e-02 -6.869212699441019865e+00
2.645156880859218448e-02 -6.869871790326579131e+00
2.659856604389008311e-02 -6.870404402731400850e+00
2.674556327918798521e-02 -6.870810516984196425e+00
2.689256051448588730e-02 -6.871090118087428422e+00
2.703955774978378940e-02 -6.871243195715230456e+00
2.718655498508169149e-02 -6.871269744213804209e+00
2.733355222037958665e-02 -6.871169762602837849e+00
2.748054945567748875e-02 -6.870943254574623182e+00
2.762754669097539084e-02 -6.870590228495618845e+00
2.777454392627329294e-02 -6.870110697403047695e+00
2.792154116157119503e-02 -6.869504679005602910e+00
2.806853839686909713e-02 -6.868772195688633175e+00
2.821553563216699922e-02 -6.867913274500815568e+00
2.836253286746489438e-02 -6.866927947165295976e+00
2.850953010276279648e-02 -6.865816250071439697e+00
2.865652733806069857e-02 -6.864578224276617568e+00
2.880352457335860067e-02 -6.863213915503345142e+00
2.895052180865650276e-02 -6.861723374135736186e+00
2.909751904395440486e-02 -6.860106655224123884e+00
2.924451627925230696e-02 -6.858363818474332518e+00
2.939151351455020211e-02 -6.856494928252912402e+00
2.953851074984810421e-02 -6.854500053578876262e+00
2.968550798514600630e-02 -6.852379268124248135e+00
2.983250522044390840e-02 -6.850132650212239938e+00
2.997950245574181050e-02 -6.847760282810305021e+00
3.012649969103971259e-02 -6.845262253530727925e+00
3.027349692633761469e-02 -6.842638654628733441e+00
3.042049416163550984e-02 -6.839889582992746853e+00
3.056749139693341194e-02 -6.837015140147610026e+00
3.071448863223131404e-02 -6.834015432245355015e+00
3.086148586752921613e-02 -6.830890570068300249e+00
3.100848310282711823e-02 -6.827640669017484676e+00
3.115548033812502032e-02 -6.824265849112436833e+00
3.130247757342292242e-02 -6.820766234987722498e+00
3.144947480872081758e-02 -6.817141955884677529e+00
3.159647204401871967e-02 -6.813393145651166272e+00
3.174346927931662177e-02 -6.809519942731347086e+00
3.189046651461452386e-02 -6.805522490165943239e+00
3.203746374991242596e-02 -6.801400935581503937e+00
3.218446098521032805e-02 -6.797155431190973651e+00
3.233145822050823015e-02 -6.792786133781580915e+00
3.247845545580612531e-02 -6.788293204714191731e+00
3.262545269110402740e-02 -6.783676809914504169e+00
3.277244992640192950e-02 -6.778937119868608363e+00
3.291944716169983159e-02 -6.774074309613173916e+00
3.306644439699773369e-02 -6.769088558734375205e+00
3.321344163229563579e-02 -6.763980051357347811e+00
3.336043886759353788e-02 -6.758748976141341736e+00
3.350743610289143304e-02 -6.753395526272263361e+00
3.365443333818933513e-02 -6.747919899454021042e+00
3.380143057348723723e-02 -6.742322297905440465e+00
3.394842780878513933e-02 -6.736602928349134878e+00
3.409542504408304142e-02 -6.730762002006864364e+00
3.424242227938094352e-02 -6.724799734588085443e+00
3.438941951467884561e-02 -6.718716346285640739e+00
3.453641674997674077e-02 -6.712512061765767868e+00
3.468341398527464287e-02 -6.706187110158617237e+00
3.483041122057254496e-02 -6.699741725050600394e+00
3.497740845587044706e-02 -6.693176144476638889e+00
3.512440569116834915e-02 -6.686490610911226540e+00
3.527140292646625125e-02 -6.679685371258339721e+00
3.541840016176415334e-02 -6.672760676842497851e+00
3.556539739706204850e-02 -6.665716783399998846e+00
3.571239463235995060e-02 -6.658553951069960064e+00
3.585939186765785269e-02 -6.651272444382084537e+00
3.600638910295575479e-02 -6.643872532249572416e+00
3.615338633825365688e-02 -6.636354487957511594e+00
3.630038357355155898e-02 -6.628718589153384855e+00
3.644738080884946108e-02 -6.620965117835527991e+00
3.659437804414735623e-02 -6.613094360344933698e+00
3.674137527944525833e-02 -6.605106607351211245e+00
3.688837251474316042e-02 -6.597002153844651495e+00
3.703536975004106252e-02 -6.588781299124057078e+00
3.718236698533896462e-02 -6.580444346787043486e+00
3.732936422063686671e-02 -6.571991604717950075e+00
3.747636145593476881e-02 -6.563423385078032801e+00
3.762335869123266396e-02 -6.554740004292933797e+00
3.777035592653056606e-02 -6.545941783042871442e+00
3.791735316182846816e-02 -6.537029046249675623e+00
3.806435039712637025e-02 -6.528002123064080564e+00
3.821134763242427235e-02 -6.518861346855659988e+00
3.835834486772217444e-02 -6.509607055198637582e+00
3.850534210302007654e-02 -6.500239589858921363e+00
3.865233933831797170e-02 -6.490759296781623000e+00
3.879933657361587379e-02 -6.481166526079292112e+00
3.894633380891377589e-02 -6.471461632019023469e+00
3.909333104421167798e-02 -6.461644973007665271e+00
3.924032827950958008e-02 -6.451716911576939495e+00
3.938732551480748217e-02 -6.441677814375939448e+00
3.953432275010537733e-02 -6.431528052152929220e+00
3.968131998540327943e-02 -6.421267999740186916e+00
3.982831722070118152e-02 -6.410898036043632509e+00
3.997531445599908362e-02 -6.400418544026131862e+00
4.012231169129698571e-02 -6.389829910697203630e+00
4.026930892659488781e-02 -6.379132527097653771e+00
4.041630616189278991e-02 -6.368326788284366380e+00
4.056330339719068506e-02 -6.357413093320685604e+00
4.071030063248858716e-02 -6.346391845258830600e+00
4.085729786778648925e-02 -6.335263451121967648e+00
4.100429510308439135e-02 -6.324028321893742977e+00
4.115129233838229345e-02 -6.312686872502180080e+00
4.129828957368019554e-02 -6.301239521807820765e+00
4.144528680897809764e-02 -6.289686692582663774e+00
4.159228404427599279e-02 -6.278028811493721939e+00
4.173928127957389489e-02 -6.266266309085047226e+00
4.188627851487179699e-02 -6.254399619762682327e+00
4.203327575016969908e-02 -6.242429181773321289e+00
4.218027298546760118e-02 -6.230355437190137735e+00
4.232727022076550327e-02 -6.218178831900852188e+00
4.247426745606340537e-02 -6.205899815593863167e+00
4.262126469136130053e-02 -6.193518841743728132e+00
4.276826192665920262e-02 -6.181036367588186309e+00
4.291525916195710472e-02 -6.168452854109670369e+00
4.306225639725500681e-02 -6.155768766024285910e+00
4.320925363255290891e-02 -6.142984571759321000e+00
4.335625086785081100e-02 -6.130100743436516453e+00
4.350324810314871310e-02 -6.117117756852779920e+00
4.365024533844660826e-02 -6.104036091464029923e+00
4.379724257374451035e-02 -6.090856230367043267e+00
4.394423980904241245e-02 -6.077578660286338419e+00
4.409123704434031454e-02 -6.064203871553058178e+00
4.423823427963821664e-02 -6.050732358091936547e+00
4.438523151493611874e-02 -6.037164617406068245e+00
4.453222875023402083e-02 -6.023501150552597494e+00
4.467922598553191599e-02 -6.009742462123518258e+00
4.482622322082981808e-02 -5.995889060226703648e+00
4.497322045612772018e-02 -5.981941456466057794e+00
4.512021769142562228e-02 -5.967900165920930533e+00
4.526721492672352437e-02 -5.953765707128413354e+00
4.541421216202142647e-02 -5.939538602067607975e+00
4.556120939731932856e-02 -5.925219376141408034e+00
4.570820663261722372e-02 -5.910808558161885884e+00
4.585520386791512581e-02 -5.896306680328626371e+00
4.600220110321302791e-02 -5.881714278216069403e+00
4.614919833851093001e-02 -5.867031890752753220e+00
4.629619557380883210e-02 -5.852260060192031155e+00
4.644319280910673420e-02 -5.837399332060186907e+00
4.659019004440463629e-02 -5.822450255134124397e+00
4.673718727970253145e-02 -5.807413381423911503e+00
4.688418451500043355e-02 -5.792289266176425144e+00
4.703118175029833564e-02 -5.777078467864638966e+00
4.717817898559623774e-02 -5.761781548177220103e+00
4.732517622089413983e-02 -5.746399072006092013e+00
4.747217345619204193e-02 -5.730931607436588138e+00
4.761917069148994403e-02 -5.715379725733592764e+00
4.776616792678783918e-02 -5.699744001314174469e+00
4.791316516208574128e-02 -5.684025011733993438e+00
4.806016239738364337e-02 -5.668223337680199592e+00
4.820715963268154547e-02 -5.652339562971249620e+00
4.835415686797944756e-02 -5.636374274473855195e+00
4.850115410327734966e-02 -5.620328061957878596e+00
4.864815133857525176e-02 -5.604201517975689661e+00
4.879514857387314691e-02 -5.587995237891262512e+00
4.894214580917104901e-02 -5.571709819987350265e+00
4.908914304446895110e-02 -5.555345865526444271e+00
4.923614027976685320e-02 -5.538903978715641330e+00
4.938313751506475530e-02 -5.522384766648038124e+00
4.953013475036265739e-02 -5.505788839272115709e+00
4.967713198566055949e-02 -5.489116809372445616e+00
4.982412922095845464e-02 -5.472369292547355712e+00
4.997112645625635674e-02 -5.455546907177536653e+00
5.011812369155425884e-02 -5.438650274414286834e+00
5.026512092685216093e-02 -5.421680018163736570e+00
5.041211816215006303e-02 -5.404636765073544069e+00
5.055911539744796512e-02 -5.387521144505449833e+00
5.070611263274586722e-02 -5.370333788481914894e+00
5.085310986804376238e-02 -5.353075331636504508e+00
5.100010710334166447e-02 -5.335746411177133552e+00
5.114710433863956657e-02 -5.318347666894723602e+00
5.129410157393746866e-02 -5.300879741206411033e+00
5.144109880923537076e-02 -5.283343279157241668e+00
5.158809604453327285e-02 -5.265738928355967907e+00
5.173509327983116801e-02 -5.248067338886801103e+00
5.188209051512907011e-02 -5.230329163293220063e+00
5.202908775042697220e-02 -5.212525056571529980e+00
5.217608498572487430e-02 -5.194655676168710379e+00
5.232308222102277639e-02 -5.176721681898385441e+00
5.247007945632067849e-02 -5.158723735873706140e+00
5.261707669161858059e-02 -5.140662502476036622e+00
5.276407392691647574e-02 -5.122538648390327687e+00
5.291107116221437784e-02 -5.104352842652954969e+00
5.305806839751227993e-02 -5.086105756660192156e+00
5.320506563281018203e-02 -5.067798064111943113e+00
5.335206286810808413e-02 -5.049430440987790369e+00
5.349906010340598622e-02 -5.031003565521697141e+00
5.364605733870388832e-02 -5.012518118136643608e+00
5.379305457400178347e-02 -4.993974781297352727e+00
5.394005180929968557e-02 -4.975374239432990287e+00
5.408704904459758767e-02 -4.956717179006391305e+00
5.423404627989548976e-02 -4.938004288795518448e+00
5.438104351519339186e-02 -4.919236260199435051e+00
5.452804075049129395e-02 -4.900413787122551490e+00
5.467503798578919605e-02 -4.881537565315410276e+00
5.482203522108709121e-02 -4.862608291899627844e+00
5.496903245638499330e-02 -4.843626665871624049e+00
5.511602969168289540e-02 -4.824593389008871469e+00
5.526302692698079749e-02 -4.805509165970764052e+00
5.541002416227869959e-02 -4.786374703694693977e+00
5.555702139757660168e-02 -4.767190711046100482e+00
5.570401863287450378e-02 -4.747957898569723056e+00
5.585101586817239894e-02 -4.728676977466086839e+00
5.599801310347030103e-02 -4.709348658404280741e+00
5.614501033876820313e-02 -4.689973651722818104e+00
5.629200757406610522e-02 -4.670552668856468692e+00
5.643900480936400732e-02 -4.651086423311163287e+00
5.658600204466190942e-02 -4.631575630586086234e+00
5.673299927995981151e-02 -4.612021008013551970e+00
5.687999651525770667e-02 -4.592423275049520193e+00
5.702699375055560876e-02 -4.572783153508525267e+00
5.717399098585351086e-02 -4.553101367298615365e+00
5.732098822115141296e-02 -4.533378641871691705e+00
5.746798545644931505e-02 -4.513615703706967963e+00
5.761498269174721715e-02 -4.493813279910722436e+00
5.776197992704511924e-02 -4.473972098257102736e+00
5.790897716234301440e-02 -4.454092888128735162e+00
5.805597439764091650e-02 -4.434176382033375496e+00
5.820297163293881859e-02 -4.414223316417636767e+00
5.834996886823672069e-02 -4.394234430803239277e+00
5.849696610353462278e-02 -4.374210465832324424e+00
5.864396333883252488e-02 -4.354152161492639728e+00
5.879096057413042697e-02 -4.334060256038990033e+00
5.893795780942832907e-02 -4.313935485929309088e+00
5.908495504472623117e-02 -4.293778587155564708e+00
5.923195228002413326e-02 -4.273590297093704748e+00
5.937894951532202148e-02 -4.253371355093158890e+00
5.952594675061992358e-02 -4.233122501885831390e+00
5.967294398591782567e-02 -4.212844479757318794e+00
5.981994122121572777e-02 -4.192538034500097766e+00
5.996693845651362986e-02 -4.172203918116352384e+00
6.011393569181153196e-02 -4.151842889919755919e+00
6.026093292710943405e-02 -4.131455713417999220e+00
6.040793016240733615e-02 -4.111043149069400826e+00
6.055492739770523825e-02 -4.090605948129104164e+00
6.070192463300314034e-02 -4.070144852510008349e+00
6.084892186830104244e-02 -4.049660598499448483e+00
6.099591910359894453e-02 -4.029153919737661127e+00
6.114291633889684663e-02 -4.008625549758740192e+00
6.128991357419474872e-02 -3.988076225915818895e+00
6.143691080949263694e-02 -3.967506693547521834e+00
6.158390804479053904e-02 -3.946917710028669646e+00
6.173090528008844113e-02 -3.926310049389812207e+00
6.187790251538634323e-02 -3.905684506314409887e+00
6.202489975068424533e-02 -3.885041900400258541e+00
6.217189698598214742e-02 -3.864383081003191833e+00
6.231889422128004952e-02 -3.843708918441560485e+00
6.246589145657795161e-02 -3.823020264875335528e+00
6.261288869187585371e-02 -3.802317905185528701e+00
6.275988592717375580e-02 -3.781602547786338420e+00
6.290688316247165790e-02 -3.760874867553566148e+00
6.305388039776956000e-02 -3.740135552537161345e+00
6.320087763306746209e-02 -3.719385310884371521e+00
6.334787486836536419e-02 -3.698624851329613605e+00
6.349487210366325241e-02 -3.677854874883703218e+00
6.364186933896115450e-02 -3.657076086429608353e+00
6.378886657425905660e-02 -3.636289206833247079e+00
6.393586380955695869e-02 -3.615494971227558807e+00
6.408286104485486079e-02 -3.594694115619532226e+00
6.422985828015276288e-02 -3.573887361048937450e+00
6.437685551545066498e-02 -3.553075406855700891e+00
6.452385275074856708e-02 -3.532258942615518649e+00
6.467084998604646917e-02 -3.511438673605828953e+00
6.481784722134437127e-02 -3.490615339205630718e+00
6.496484445664227336e-02 -3.469789710086397250e+00
6.511184169194017546e-02 -3.448962572094631085e+00
6.525883892723807755e-02 -3.428134710062357371e+00
6.540583616253597965e-02 -3.407306888841624470e+00
6.555283339783386787e-02 -3.386479830355080267e+00
6.569983063313176996e-02 -3.365654212933582912e+00
6.584682786842967206e-02 -3.344830718105331613e+00
6.599382510372757416e-02 -3.324010094420803085e+00
6.614082233902547625e-02 -3.303193167121815321e+00
6.628781957432337835e-02 -3.282380765736487405e+00
6.643481680962128044e-02 -3.261573625042565538e+00
6.658181404491918254e-02 -3.240772342076624568e+00
6.672881128021708463e-02 -3.219977428670574682e+00
6.687580851551498673e-02 -3.199189429750397551e+00
6.702280575081288883e-02 -3.178409020689807463e+00
6.716980298611079092e-02 -3.157637014381705853e+00
6.731680022140869302e-02 -3.136874303405136288e+00
6.746379745670659511e-02 -3.116121799232901779e+00
6.761079469200448333e-02 -3.095380360395814989e+00
6.775779192730238543e-02 -3.074650689650434643e+00
6.790478916260028752e-02 -3.053933280550447549e+00
6.805178639789818962e-02 -3.033228509044514354e+00
6.819878363319609171e-02 -3.012536833150141646e+00
6.834578086849399381e-02 -2.991858973436084312e+00
6.849277810379189591e-02 -2.971195950812798969e+00
6.863977533908979800e-02 -2.950548901853345285e+00
6.878677257438770010e-02 -2.929918794427697648e+00
6.893376980968560219e-02 -2.909306393195928209e+00
6.908076704498350429e-02 -2.888712591251064055e+00
6.922776428028140638e-02 -2.868138721248186584e+00
6.937476151557930848e-02 -2.847586520424203016e+00
6.952175875087721058e-02 -2.827057935601150263e+00
6.966875598617509879e-02 -2.806554936979503978e+00
6.981575322147300089e-02 -2.786079103800121359e+00
6.996275045677090298e-02 -2.765631018253436935e+00
7.010974769206880508e-02 -2.745210124040587729e+00
7.025674492736670718e-02 -2.724815348360277056e+00
7.040374216266460927e-02 -2.704445836223106525e+00
7.055073939796251137e-02 -2.684101156007061562e+00
7.069773663326041346e-02 -2.663781139154261624e+00
7.084473386855831556e-02 -2.643485726029961569e+00
7.099173110385621766e-02 -2.623214796225678214e+00
7.113872833915411975e-02 -2.602967932085853420e+00
7.128572557445202185e-02 -2.582744359624621566e+00
7.143272280974992394e-02 -2.562543242873788429e+00
7.157972004504781216e-02 -2.542364121060801452e+00
7.172671728034571426e-02 -2.522207120452588214e+00
7.187371451564361635e-02 -2.502072759190586027e+00
7.202071175094151845e-02 -2.481961443538343914e+00
7.216770898623942054e-02 -2.461873016891720667e+00
7.231470622153732264e-02 -2.441806840956543212e+00
7.246170345683522473e-02 -2.421762534549058543e+00
7.260870069213312683e-02 -2.401740766578473796e+00
7.275569792743102893e-02 -2.381743281793095690e+00
7.290269516272893102e-02 -2.361772113394369654e+00
7.304969239802683312e-02 -2.341828572168413558e+00
7.319668963332473521e-02 -2.321912133091737829e+00
7.334368686862263731e-02 -2.302019260983854565e+00
7.349068410392053941e-02 -2.282143544074314079e+00
7.363768133921842762e-02 -2.262278571588090870e+00
7.378467857451632972e-02 -2.242422191207289472e+00
7.393167580981423181e-02 -2.222578763030437443e+00
7.407867304511213391e-02 -2.202757728156344186e+00
7.422567028041003601e-02 -2.182969466072872677e+00
7.437266751570793810e-02 -2.163220359484814281e+00
7.451966475100584020e-02 -2.143509658402116713e+00
7.466666198630374229e-02 -2.123830588078813975e+00
7.481365922160164439e-02 -2.104174490715520207e+00
7.496065645689954648e-02 -2.084533677840669341e+00
7.510765369219744858e-02 -2.064901627233401982e+00
7.525465092749535068e-02 -2.045272839447074276e+00
7.540164816279325277e-02 -2.025642872057018096e+00
7.554864539809115487e-02 -2.006007628823059719e+00
7.569564263338904309e-02 -1.986364180734554452e+00
7.584263986868694518e-02 -1.966715913037617725e+00
7.598963710398484728e-02 -1.947079976424127779e+00
7.613663433928274937e-02 -1.927492337088503760e+00
7.628363157458065147e-02 -1.908005794953563594e+00
7.643062880987855356e-02 -1.888676096143386829e+00
7.657762604517645566e-02 -1.869538741046895325e+00
7.672462328047435776e-02 -1.850593487271916970e+00
7.687162051577225985e-02 -1.831811533293398853e+00
7.701861775107016195e-02 -1.813156798125039160e+00
7.716561498636806404e-02 -1.794599347617305440e+00
7.731261222166596614e-02 -1.776113220196270603e+00
7.745960945696386823e-02 -1.757668729344270986e+00
7.760660669226177033e-02 -1.739229185369676856e+00
7.775360392755965855e-02 -1.720753471728951212e+00
7.790060116285756064e-02 -1.702202682617615537e+00
7.804759839815546274e-02 -1.683547995420623167e+00
7.819459563345336484e-02 -1.664775005785898543e+00
7.834159286875126693e-02 -1.645882737510749649e+00
7.848859010404916903e-02 -1.626881044137844512e+00
7.863558733934707112e-02 -1.607787682165241705e+00
7.878258457464497322e-02 -1.588620380460483261e+00
7.892958180994287531e-02 -1.569383592967056984e+00
7.907657904524077741e-02 -1.550060128143391225e+00
7.922357628053867951e-02 -1.530617562271755716e+00
7.937057351583658160e-02 -1.511025689705242314e+00
7.951757075113448370e-02 -1.491268956650678490e+00
7.966456798643238579e-02 -1.471339798103969088e+00
7.981156522173027401e-02 -1.451214508795001024e+00
7.995856245702817611e-02 -1.430831730700301563e+00
8.010555969232607820e-02 -1.410097560135252337e+00
8.025255692762398030e-02 -1.388919115834543305e+00
8.039955416292188239e-02 -1.367239901922559397e+00
8.054655139821978449e-02 -1.345055417340628168e+00
8.069354863351768659e-02 -1.322420027801889830e+00
8.084054586881558868e-02 -1.299451680274639642e+00
8.098754310411349078e-02 -1.276294037439466678e+00
8.113454033941139287e-02 -1.253014194245341884e+00
8.128153757470929497e-02 -1.229524760162846064e+00
8.142853481000719706e-02 -1.205643358797644282e+00
8.157553204530509916e-02 -1.181245577015729964e+00
8.172252928060300126e-02 -1.156341543570018615e+00
8.186952651590088947e-02 -1.131004939794028274e+00
8.201652375119879157e-02 -1.105255067742124453e+00
8.216352098649669367e-02 -1.079008898840168484e+00
8.231051822179459576e-02 -1.052126315208159468e+00
8.245751545709249786e-02 -1.024507827351893496e+00
8.260451269239039995e-02 -9.961652913874381454e-01
8.275150992768830205e-02 -9.672042003935317211e-01
8.289850716298620414e-02 -9.377901634346024196e-01
8.304550439828410624e-02 -9.082146453559616361e-01
8.319250163358200834e-02 -8.789696861091584879e-01
8.333949886887991043e-02 -8.506435171470840828e-01
8.348649610417781253e-02 -8.237222121834051336e-01
8.363349333947571462e-02 -7.985564534724467478e-01
8.378049057477360284e-02 -7.754475376389855512e-01
8.392748781007150494e-02 -7.545701738001682202e-01
8.407448504536940703e-02 -7.357642065218072958e-01
8.422148228066730913e-02 -7.185127354730518334e-01
8.436847951596521122e-02 -7.021381095392378313e-01
8.451547675126311332e-02 -6.859349627078117351e-01
8.466247398656101542e-02 -6.691524003441635671e-01
8.480947122185891751e-02 -6.510020680989789810e-01
8.495646845715681961e-02 -6.307597165732268252e-01
8.510346569245472170e-02 -6.078304352690686585e-01
8.525046292775262380e-02 -5.816844684717210612e-01
8.539746016305052589e-02 -5.517241721334507076e-01
8.554445739834842799e-02 -5.172368816599508534e-01
8.569145463364633009e-02 -4.775647625723067335e-01
8.583845186894421830e-02 -4.324446429078676601e-01
8.598544910424212040e-02 -3.822771476921040801e-01
8.613244633954002250e-02 -3.281402574906699954e-01
8.627944357483792459e-02 -2.715938513433151513e-01
8.642644081013582669e-02 -2.143609517748572557e-01
8.657343804543372878e-02 -1.578233595090310359e-01
8.672043528073163088e-02 -1.023177085319950663e-01
8.686743251602953297e-02 -4.653696724332689882e-02
8.701442975132743507e-02 1.245461836238348496e-02
8.716142698662533717e-02 7.839310518475883782e-02
8.730842422192323926e-02 1.546651191608461318e-01
8.745542145722114136e-02 2.436796535767129512e-01
8.760241869251904345e-02 3.471351793844448252e-01
8.774941592781694555e-02 4.666582004295491970e-01
8.789641316311483377e-02 6.037614375962441216e-01
8.804341039841273586e-02 7.586082126266120440e-01
8.819040763371063796e-02 9.285546209788719807e-01
8.833740486900854005e-02 1.108083734080068439e+00
8.848440210430644215e-02 1.290140034999108565e+00
8.863139933960434425e-02 1.467518777055776269e+00
8.877839657490224634e-02 1.634835934579445649e+00
8.892539381020014844e-02 1.792821216406171203e+00
8.907239104549805053e-02 1.952305921717272241e+00
8.921938828079595263e-02 2.131672011885061835e+00
8.936638551609385472e-02 2.347422766712451647e+00
8.951338275139175682e-02 2.605974243707166238e+00
8.966037998668965892e-02 2.902922096859818168e+00
8.980737722198756101e-02 3.227104682514678302e+00
8.995437445728544923e-02 3.563531061058229810e+00
9.010137169258335132e-02 3.893417443146070411e+00
9.024836892788125342e-02 4.193725523945417422e+00
9.039536616317915552e-02 4.439614049914174743e+00
9.054236339847705761e-02 4.611010072450083541e+00
9.068936063377495971e-02 4.699098253079197818e+00
9.083635786907286180e-02 4.706670410391652126e+00
9.098335510437076390e-02 4.643643623990172387e+00
9.113035233966866600e-02 4.525449240146599550e+00
9.127734957496656809e-02 4.375951456332227707e+00
9.142434681026447019e-02 4.227424404728674645e+00
9.157134404556237228e-02 4.113140835160091768e+00
9.171834128086027438e-02 4.058007911442260252e+00
9.186533851615817647e-02 4.074149379543598570e+00
9.201233575145606469e-02 4.162309767466975785e+00
9.215933298675396679e-02 4.317055886789956887e+00
9.230633022205186888e-02 4.533608272584167764e+00
9.245332745734977098e-02 4.812222523833057153e+00
9.260032469264767307e-02 5.156390788592450036e+00
9.274732192794557517e-02 5.566358061212579145e+00
9.289431916324347727e-02 6.033940894708734959e+00
9.304131639854137936e-02 6.544429747559579624e+00
9.318831363383928146e-02 7.086539589631914993e+00
9.333531086913718355e-02 7.663246848357776031e+00
9.348230810443508565e-02 8.292639879783969548e+00
9.362930533973298775e-02 8.996855734194372900e+00
9.377630257503088984e-02 9.789726386290059423e+00
9.392329981032879194e-02 1.067177529290269433e+01
9.407029704562668015e-02 1.162938107829280199e+01
9.421729428092458225e-02 1.263635839152282614e+01
9.436429151622248435e-02 1.366748041428314764e+01
9.451128875152038644e-02 1.472588853640704976e+01
9.465828598681828854e-02 1.586207587657590246e+01
9.480528322211619063e-02 1.715798109830218010e+01
9.495228045741409273e-02 1.867881914389598563e+01
9.509927769271199482e-02 2.042782172563419607e+01
9.524627492800989692e-02 2.234217466960532761e+01
9.539327216330779902e-02 2.434170934978535783e+01
9.554026939860570111e-02 2.640714517645199066e+01
9.568726663390360321e-02 2.863842428478851687e+01
9.583426386920150530e-02 3.124479856997889016e+01
9.598126110449939352e-02 3.446444867303315363e+01
9.612825833979729562e-02 3.846216709743170981e+01
9.627525557509519771e-02 4.324073430283895902e+01
9.642225281039309981e-02 4.857481882198031542e+01
9.656925004569100190e-02 5.404016460847085312e+01
9.671624728098890400e-02 5.923757272253563144e+01
9.686324451628680610e-02 6.408560753966359869e+01
9.701024175158470819e-02 6.882516602859411137e+01
9.715723898688261029e-02 7.362569635448289773e+01
9.730423622218051238e-02 7.819388822500067704e+01
9.745123345747841448e-02 8.180583080754952618e+01
9.759823069277631657e-02 8.366897357144227954e+01
9.774522792807421867e-02 8.324934712643432988e+01
9.789222516337212077e-02 8.044579476893363790e+01
9.803922239867000898e-02 7.567239537994295517e+01
9.818621963396791108e-02 6.978246587644274257e+01
9.833321686926581318e-02 6.377889282752194333e+01
9.848021410456371527e-02 5.848671260131314398e+01
9.862721133986161737e-02 5.439440655062183794e+01
9.877420857515951946e-02 5.168559057922346511e+01
9.892120581045742156e-02 5.039642075491703110e+01
9.906820304575532365e-02 5.061822208233209608e+01
9.921520028105322575e-02 5.259504883522008356e+01
9.936219751635112785e-02 5.660353691724946401e+01
9.950919475164902994e-02 6.269916483564257703e+01
9.965619198694693204e-02 7.052446258735677986e+01
9.980318922224483413e-02 7.930674701467772536e+01
9.995018645754273623e-02 8.806068857731452226e+01
1.000971836928406244e-01 9.590517736989481534e+01
1.002441809281385265e-01 1.023340508968591820e+02
1.003911781634364286e-01 1.073281885401453479e+02
1.005381753987343307e-01 1.112880873007305951e+02
1.006851726340322328e-01 1.148476046140459772e+02
1.008321698693301349e-01 1.187967307413818929e+02
1.009791671046280370e-01 1.243360374750523505e+02
1.011261643399259391e-01 1.333945794786910994e+02
1.012731615752238412e-01 1.483865411345621794e+02
1.014201588105217433e-01 1.712811725501556452e+02
1.015671560458196454e-01 2.025583128812162101e+02
1.017141532811175475e-01 2.405357506119084690e+02
1.018611505164154496e-01 2.810834375639710174e+02
1.020081477517133517e-01 3.178326769322763994e+02
1.021551449870112399e-01 3.434498432640507417e+02
1.023021422223091420e-01 3.523054656979991819e+02
1.024491394576070441e-01 3.436180730588072834e+02
1.025961366929049462e-01 3.230355284910563682e+02
1.027431339282028483e-01 3.011867284479575915e+02
1.028901311635007504e-01 2.899792828964592672e+02
1.030371283987986525e-01 2.991478142193798817e+02
1.031841256340965546e-01 3.349998833084518424e+02
1.033311228693944567e-01 4.013689914811089920e+02
1.034781201046923588e-01 5.011047732550313185e+02
1.036251173399902609e-01 6.358257877900515496e+02
1.037721145752881630e-01 8.031800210326350680e+02
1.039191118105860651e-01 9.934292599491105875e+02
1.040661090458839672e-01 1.186802871094559805e+03
1.042131062811818554e-01 1.351487978942423069e+03
1.043601035164797575e-01 1.446280520201971740e+03
1.045071007517776596e-01 1.435427217388157487e+03
1.046540979870755617e-01 1.311096393788386422e+03
1.048010952223734638e-01 1.102688863595644762e+03
1.049480924576713659e-01 8.610178719029638614e+02
1.050950896929692679e-01 6.320652405481082496e+02
1.052420869282671700e-01 4.421897061772952497e+02
1.053890841635650721e-01 2.990515472066393841e+02
1.055360813988629742e-01 1.988775898451288526e+02
1.056830786341608763e-01 1.329156828802228461e+02
1.058300758694587784e-01 9.169466110099030232e+01
1.059770731047566805e-01 6.726841404184727935e+01
1.061240703400545826e-01 5.372267277867794633e+01
1.062710675753524708e-01 4.673193658636505177e+01
1.064180648106503729e-01 4.302073663086264332e+01
1.065650620459482750e-01 4.014321867521371701e+01
1.067120592812461771e-01 3.657022569270972667e+01
1.068590565165440792e-01 3.179732491235359149e+01
1.070060537518419813e-01 2.617427324174273195e+01
1.071530509871398834e-01 2.045197673655829007e+01
1.073000482224377855e-01 1.531832934739811947e+01
1.074470454577356876e-01 1.115749892143547228e+01
1.075940426930335897e-01 8.045082961029255131e+00
1.077410399283314918e-01 5.854875805260469690e+00
1.078880371636293939e-01 4.370853631794375360e+00
1.080350343989272960e-01 3.368517838786562635e+00
1.081820316342251842e-01 2.665553642872069418e+00
1.083290288695230863e-01 2.141986767650013945e+00
1.084760261048209884e-01 1.731522541365784207e+00
1.086230233401188905e-01 1.398862191074702110e+00
1.087700205754167926e-01 1.121998820579914735e+00
1.089170178107146947e-01 8.859021843595229484e-01
1.090640150460125968e-01 6.820313746155051149e-01
1.092110122813104989e-01 5.076604885593418715e-01
1.093580095166084010e-01 3.633172263406621028e-01
1.095050067519063031e-01 2.494051310989320314e-01
1.096520039872042052e-01 1.639147636310802625e-01
1.097990012225021073e-01 1.021891829750707359e-01
1.099459984578000094e-01 5.815560858411572553e-02
1.100929956930979114e-01 2.593412634462310962e-02
1.102399929283957997e-01 9.946939398872700622e-04
1.103869901636937018e-01 -1.963433596434782658e-02
1.105339873989916039e-01 -3.796138743055266218e-02
1.106809846342895060e-01 -5.566257710106725654e-02
1.108279818695874080e-01 -7.415173203912317490e-02
1.109749791048853101e-01 -9.420326172476123361e-02
1.111219763401832122e-01 -1.156506144125266644e-01
1.112689735754811143e-01 -1.375310627622212678e-01
1.114159708107790164e-01 -1.586188113676350042e-01
1.115629680460769185e-01 -1.779725232650832822e-01
1.117099652813748206e-01 -1.951827215166268559e-01
1.118569625166727227e-01 -2.103198512107020690e-01
1.120039597519706248e-01 -2.237607702335253634e-01
1.121509569872685269e-01 -2.359936878774568925e-01
1.122979542225664151e-01 -2.474310735295013330e-01
1.124449514578643172e-01 -2.583059109141814247e-01
1.125919486931622193e-01 -2.687063200005681551e-01
1.127389459284601214e-01 -2.786805800801452904e-01
1.128859431637580235e-01 -2.883030224277760567e-01
1.130329403990559256e-01 -2.976734327096330901e-01
1.131799376343538277e-01 -3.068901632830502990e-01
1.133269348696517298e-01 -3.160304607382080633e-01
1.134739321049496319e-01 -3.251452475937988140e-01
1.136209293402475340e-01 -3.342645961807306776e-01
1.137679265755454361e-01 -3.434072511929997518e-01
1.139149238108433382e-01 -3.525882320309143836e-01
1.140619210461412403e-01 -3.618224201401005757e-01
1.142089182814391424e-01 -3.711247878422057056e-01
1.143559155167370306e-01 -3.805085359552755619e-01
1.145029127520349327e-01 -3.899829684295355037e-01
1.146499099873328348e-01 -3.995529576915508585e-01
1.147969072226307369e-01 -4.092203292552518690e-01
1.149439044579286390e-01 -4.189858925952840707e-01
1.150909016932265411e-01 -4.288507604825433361e-01
1.152378989285244432e-01 -4.388165973720248303e-01
1.153848961638223453e-01 -4.488852611633333822e-01
1.155318933991202474e-01 -4.590584073674364163e-01
1.156788906344181495e-01 -4.693372922908132239e-01
1.158258878697160515e-01 -4.797227401289347881e-01
1.159728851050139536e-01 -4.902152035141256192e-01
1.161198823403118557e-01 -5.008148802739142980e-01
1.162668795756097578e-01 -5.115218275431310246e-01
1.164138768109076461e-01 -5.223360157499215006e-01
1.165608740462055481e-01 -5.332573302859557884e-01
1.167078712815034502e-01 -5.442855675677122917e-01
1.168548685168013523e-01 -5.554204470258419235e-01
1.170018657520992544e-01 -5.666616338737391345e-01
1.171488629873971565e-01 -5.780087656733243762e-01
1.172958602226950586e-01 -5.894614737987886599e-01
1.174428574579929607e-01 -6.010193897252911199e-01
1.175898546932908628e-01 -6.126821393444927821e-01
1.177368519285887649e-01 -6.244493381021278822e-01
1.178838491638866670e-01 -6.363205916362915104e-01
1.180308463991845691e-01 -6.482954974698564854e-01
1.181778436344824712e-01 -6.603736453556940944e-01
1.183248408697803733e-01 -6.725546167666607289e-01
1.184718381050782615e-01 -6.848379824387684778e-01
1.186188353403761636e-01 -6.972232982266959311e-01
1.187658325756740657e-01 -7.097101038571658194e-01
1.189128298109719678e-01 -7.222979276694161399e-01
1.190598270462698699e-01 -7.349862939716800270e-01
1.192068242815677720e-01 -7.477747275452557574e-01
1.193538215168656741e-01 -7.606627539745716149e-01
1.195008187521635762e-01 -7.736498981169823708e-01
1.196478159874614783e-01 -7.867356827596836411e-01
1.197948132227593804e-01 -7.999196278085456413e-01
1.199418104580572825e-01 -8.132012498122946909e-01
1.200888076933551846e-01 -8.265800616112919386e-01
1.202358049286530867e-01 -8.400555720365368018e-01
1.203828021639509749e-01 -8.536272857266453684e-01
1.205297993992488770e-01 -8.672947030834450288e-01
1.206767966345467791e-01 -8.810573203664056052e-01
1.208237938698446812e-01 -8.949146298002759181e-01
1.209707911051425833e-01 -9.088661197322984719e-01
1.211177883404404854e-01 -9.229112748112626718e-01
1.212647855757383875e-01 -9.370495761767401177e-01
1.214117828110362896e-01 -9.512805015713148293e-01
1.215587800463341916e-01 -9.656035253912449434e-01
1.217057772816320937e-01 -9.800181186880827511e-01
1.218527745169299958e-01 -9.945237491723162293e-01
1.219997717522278979e-01 -1.009119881212946268e+00
1.221467689875258000e-01 -1.023805975844840788e+00
1.222937662228237021e-01 -1.038581490771889548e+00
1.224407634581216042e-01 -1.053445880381776334e+00
1.225877606934195063e-01 -1.068398595764907810e+00
1.227347579287174084e-01 -1.083439084732866320e+00
1.228817551640153105e-01 -1.098566791849371782e+00
1.230287523993132126e-01 -1.113781158445554809e+00
1.231757496346111147e-01 -1.129081622651273875e+00
1.233227468699090168e-01 -1.144467619408580106e+00
1.234697441052068911e-01 -1.159938580506299388e+00
1.236167413405047932e-01 -1.175493934590974732e+00
1.237637385758026953e-01 -1.191133107195049945e+00
1.239107358111005974e-01 -1.206855520755880207e+00
1.240577330463984995e-01 -1.222660594641897802e+00
1.242047302816964016e-01 -1.238547745160989422e+00
1.243517275169943037e-01 -1.254516385587432836e+00
1.244987247522922058e-01 -1.270565926195239115e+00
1.246457219875901079e-01 -1.286695774266302550e+00
1.247927192228880100e-01 -1.302905334115461500e+00
1.249397164581859121e-01 -1.319194007106471389e+00
1.250867136934838142e-01 -1.335561191695227024e+00
1.252337109287817163e-01 -1.352006283431968825e+00
1.253807081640796184e-01 -1.368528674985864058e+00
1.255277053993775205e-01 -1.385127756176260050e+00
1.256747026346754226e-01 -1.401802913984408150e+00
1.258216998699733247e-01 -1.418553532595108635e+00
1.259686971052712268e-01 -1.435378993387338653e+00
1.261156943405691289e-01 -1.452278674992466989e+00
1.262626915758670310e-01 -1.469251953289049339e+00
1.264096888111649331e-01 -1.486298201450253487e+00
1.265566860464628351e-01 -1.503416789945099197e+00
1.267036832817607372e-01 -1.520607086565519239e+00
1.268506805170586393e-01 -1.537868456470583567e+00
1.269976777523565414e-01 -1.555200262187447890e+00
1.271446749876544435e-01 -1.572601863640400666e+00
1.272916722229523456e-01 -1.590072618174032115e+00
1.274386694582502477e-01 -1.607611880584395081e+00
1.275856666935481221e-01 -1.625219003140742302e+00
1.277326639288460242e-01 -1.642893335590311921e+00
1.278796611641439263e-01 -1.660634225217096471e+00
1.280266583994418284e-01 -1.678441016832040944e+00
1.281736556347397304e-01 -1.696313052825184187e+00
1.283206528700376325e-01 -1.714249673167794086e+00
1.284676501053355346e-01 -1.732250215449665731e+00
1.286146473406334367e-01 -1.750314014897364601e+00
1.287616445759313388e-01 -1.768440404405680511e+00
1.289086418112292409e-01 -1.786628714555391184e+00
1.290556390465271430e-01 -1.804878273639623387e+00
1.292026362818250451e-01 -1.823188407690281565e+00
1.293496335171229472e-01 -1.841558440503686001e+00
1.294966307524208493e-01 -1.859987693663919472e+00
1.296436279877187514e-01 -1.878475486565152508e+00
1.297906252230166535e-01 -1.897021136440734779e+00
1.299376224583145556e-01 -1.915623958389714332e+00
1.300846196936124577e-01 -1.934283265396075535e+00
1.302316169289103598e-01 -1.952998368361004822e+00
1.303786141642082619e-01 -1.971768576125057848e+00
1.305256113995061640e-01 -1.990593195487026179e+00
1.306726086348040661e-01 -2.009471531248506082e+00
1.308196058701019682e-01 -2.028402886217611112e+00
1.309666031053998703e-01 -2.047386561245765790e+00
1.311136003406977724e-01 -2.066421855256052709e+00
1.312605975759956745e-01 -2.085508065265145206e+00
1.314075948112935766e-01 -2.104644486399198655e+00
1.315545920465914786e-01 -2.123830411944529928e+00
1.317015892818893530e-01 -2.143065133352486384e+00
1.318485865171872551e-01 -2.162347940269954805e+00
1.319955837524851572e-01 -2.181678120571898916e+00
1.321425809877830593e-01 -2.201054960385910420e+00
1.322895782230809614e-01 -2.220477744103620310e+00
1.324365754583788635e-01 -2.239945754438513958e+00
1.325835726936767656e-01 -2.259458272422689262e+00
1.327305699289746677e-01 -2.279014577441747846e+00
1.328775671642725698e-01 -2.298613947273674185e+00
1.330245643995704719e-01 -2.318255658098630434e+00
1.331715616348683739e-01 -2.337938984537553111e+00
1.333185588701662760e-01 -2.357663199671630849e+00
1.334655561054641781e-01 -2.377427575069937404e+00
1.336125533407620802e-01 -2.397231380828438674e+00
1.337595505760599823e-01 -2.417073885574705372e+00
1.339065478113578844e-01 -2.436954356510886655e+00
1.340535450466557865e-01 -2.456872059446439494e+00
1.342005422819536886e-01 -2.476826258799823322e+00
1.343475395172515907e-01 -2.496816217651259606e+00
1.344945367525494928e-01 -2.516841197764643212e+00
1.346415339878473949e-01 -2.536900459599864988e+00
1.347885312231452970e-01 -2.556993262354382068e+00
1.349355284584431991e-01 -2.577118863992527764e+00
1.350825256937411012e-01 -2.597276521260262427e+00
1.352295229290390033e-01 -2.617465489722970773e+00
1.353765201643369054e-01 -2.637685023786646710e+00
1.355235173996348075e-01 -2.657934376733200210e+00
1.356705146349326818e-01 -2.678212800741061272e+00
1.358175118702305839e-01 -2.698519546915369105e+00
1.359645091055284860e-01 -2.718853865315820073e+00
1.361115063408263881e-01 -2.739215004981103263e+00
1.362585035761242902e-01 -2.759602213962425665e+00
1.364055008114221923e-01 -2.780014739346194474e+00
1.365524980467200944e-01 -2.800451827289876405e+00
1.366994952820179965e-01 -2.820912723029930902e+00
1.368464925173158986e-01 -2.841396670939657199e+00
1.369934897526138007e-01 -2.861902914532070241e+00
1.371404869879117028e-01 -2.882430696494944655e+00
1.372874842232096049e-01 -2.902979258729118328e+00
1.374344814585075070e-01 -2.923547842359983662e+00
1.375814786938054091e-01 -2.944135687777770016e+00
1.377284759291033112e-01 -2.964742034659259673e+00
1.378754731644012133e-01 -2.985366122000947087e+00
1.380224703996991154e-01 -3.006007188138914543e+00
1.381694676349970174e-01 -3.026664470790876749e+00
1.383164648702949195e-01 -3.047337207065321962e+00
1.384634621055928216e-01 -3.068024633505258336e+00
1.386104593408907237e-01 -3.088725986111683142e+00
1.387574565761886258e-01 -3.109440500371881910e+00
1.389044538114865279e-01 -3.130167411284009660e+00
1.390514510467844300e-01 -3.150905953389658620e+00
1.391984482820823321e-01 -3.171655360803260493e+00
1.393454455173802342e-01 -3.192414867233638986e+00
1.394924427526781363e-01 -3.213183706020730668e+00
1.396394399879760384e-01 -3.233961110156801766e+00
1.397864372232739127e-01 -3.254746312319998225e+00
1.399334344585718148e-01 -3.275538544900928883e+00
1.400804316938697169e-01 -3.296337040024578613e+00
1.402274289291676190e-01 -3.317141029596534452e+00
1.403744261644655211e-01 -3.337949745303802729e+00
1.405214233997634232e-01 -3.358762418673000738e+00
1.406684206350613253e-01 -3.379578281076350166e+00
1.408154178703592274e-01 -3.400396563773378844e+00
1.409624151056571295e-01 -3.421216497927769495e+00
1.411094123409550316e-01 -3.442037314649615709e+00
1.412564095762529337e-01 -3.462858245010755454e+00
1.414034068115508358e-01 -3.483678520081420871e+00
1.415504040468487379e-01 -3.504497370956618951e+00
1.416974012821466400e-01 -3.525314028780890396e+00
1.418443985174445421e-01 -3.546127724784767565e+00
1.419913957527424442e-01 -3.566937690301028141e+00
1.421383929880403463e-01 -3.587743156809484191e+00
