6.396548090860852687e-02 -3.302010747422173154e+00
6.403897952625747791e-02 -3.291656203089413424e+00
6.411247814390642896e-02 -3.281303075587167939e+00
6.418597676155538001e-02 -3.270951460503196628e+00
6.425947537920433106e-02 -3.260601453410272299e+00
6.433297399685328211e-02 -3.250253149866887625e+00
6.440647261450223315e-02 -3.239906645415938868e+00
6.447997123215118420e-02 -3.229562035582588919e+00
6.455346984980013525e-02 -3.219219415875768320e+00
6.462696846744908630e-02 -3.208878881785961923e+00
6.470046708509803735e-02 -3.198540528783450299e+00
6.477396570274698839e-02 -3.188204452319016724e+00
6.484746432039593944e-02 -3.177870747822572284e+00
6.492096293804489049e-02 -3.167539510701580241e+00
6.499446155569382766e-02 -3.157210836341842963e+00
6.506796017334277871e-02 -3.146884820103720060e+00
6.514145879099172975e-02 -3.136561557324654359e+00
6.521495740864068080e-02 -3.126241143315633408e+00
6.528845602628963185e-02 -3.115923673361990609e+00
6.536195464393858290e-02 -3.105609242721559582e+00
6.543545326158753395e-02 -3.095297946624224750e+00
6.550895187923648499e-02 -3.084989880270441631e+00
6.558245049688543604e-02 -3.074685138832503384e+00
6.565594911453438709e-02 -3.064383817449360947e+00
6.572944773218333814e-02 -3.054086011230085163e+00
6.580294634983228919e-02 -3.043791815251871924e+00
6.587644496748124023e-02 -3.033501324557256851e+00
6.594994358513019128e-02 -3.023214634154928859e+00
6.602344220277914233e-02 -3.012931839019040936e+00
6.609694082042809338e-02 -3.002653034086685935e+00
6.617043943807704443e-02 -2.992378314259552141e+00
6.624393805572599547e-02 -2.982107774400164502e+00
6.631743667337494652e-02 -2.971841509333298603e+00
6.639093529102389757e-02 -2.961579613844493863e+00
6.646443390867284862e-02 -2.951322182677939665e+00
6.653793252632179966e-02 -2.941069310537891113e+00
6.661143114397075071e-02 -2.930821092085574620e+00
6.668492976161970176e-02 -2.920577621939365542e+00
6.675842837926865281e-02 -2.910338994674139812e+00
6.683192699691760386e-02 -2.900105304819627250e+00
6.690542561456655490e-02 -2.889876646860345843e+00
6.697892423221550595e-02 -2.879653115234633631e+00
6.705242284986445700e-02 -2.869434804332451350e+00
6.712592146751339417e-02 -2.859221808496409167e+00
6.719942008516234522e-02 -2.849014222020102238e+00
6.727291870281129627e-02 -2.838812139146741131e+00
6.734641732046024731e-02 -2.828615654068235230e+00
6.741991593810919836e-02 -2.818424860926899811e+00
6.749341455575814941e-02 -2.808239853809814335e+00
6.756691317340710046e-02 -2.798060726752900962e+00
6.764041179105605150e-02 -2.787887573735464031e+00
6.771391040870500255e-02 -2.777720488684071398e+00
6.778740902635395360e-02 -2.767559565468371119e+00
6.786090764400290465e-02 -2.757404897899652596e+00
6.793440626165185570e-02 -2.747256579733601711e+00
6.800790487930080674e-02 -2.737114704666828047e+00
6.808140349694975779e-02 -2.726979366334976618e+00
6.815490211459870884e-02 -2.716850658315085099e+00
6.822840073224765989e-02 -2.706728674121913869e+00
6.830189934989661094e-02 -2.696613507208446947e+00
6.837539796754556198e-02 -2.686505250965630864e+00
6.844889658519451303e-02 -2.676403998718628330e+00
6.852239520284346408e-02 -2.666309843729308682e+00
6.859589382049241513e-02 -2.656222879194691799e+00
6.866939243814136618e-02 -2.646143198243574801e+00
6.874289105579031722e-02 -2.636070893938292414e+00
6.881638967343926827e-02 -2.626006059274251569e+00
6.888988829108821932e-02 -2.615948787175845780e+00
6.896338690873717037e-02 -2.605899170499144546e+00
6.903688552638612141e-02 -2.595857302028756308e+00
6.911038414403507246e-02 -2.585823274478286748e+00
6.918388276168402351e-02 -2.575797180489042049e+00
6.925738137933296068e-02 -2.565779112627350145e+00
6.933087999698191173e-02 -2.555769163388838194e+00
6.940437861463086278e-02 -2.545767425190494038e+00
6.947787723227981382e-02 -2.535773990375846054e+00
6.955137584992876487e-02 -2.525788951211369593e+00
6.962487446757771592e-02 -2.515812399885499318e+00
6.969837308522666697e-02 -2.505844428508154920e+00
6.977187170287561802e-02 -2.495885129111062639e+00
6.984537032052456906e-02 -2.485934593644669732e+00
6.991886893817352011e-02 -2.475992913979975896e+00
6.999236755582247116e-02 -2.466060181904170534e+00
7.006586617347142221e-02 -2.456136489123636579e+00
7.013936479112037325e-02 -2.446221927261230888e+00
7.021286340876932430e-02 -2.436316587853658788e+00
7.028636202641827535e-02 -2.426420562354774546e+00
7.035986064406722640e-02 -2.416533942131072976e+00
7.043335926171617745e-02 -2.406656818462193925e+00
7.050685787936512849e-02 -2.396789282541236688e+00
7.058035649701407954e-02 -2.386931425471388479e+00
7.065385511466303059e-02 -2.377083338267253154e+00
7.072735373231198164e-02 -2.367245111852943396e+00
7.080085234996093269e-02 -2.357416837061988346e+00
7.087435096760988373e-02 -2.347598604635502184e+00
7.094784958525883478e-02 -2.337790505221720494e+00
7.102134820290778583e-02 -2.327992629376556266e+00
7.109484682055673688e-02 -2.318205067560130672e+00
7.116834543820568793e-02 -2.308427910137645256e+00
7.124184405585462510e-02 -2.298661247378650074e+00
7.131534267350359002e-02 -2.288905169456079136e+00
7.138884129115252719e-02 -2.279159766444083246e+00
7.146233990880147824e-02 -2.269425128319245033e+00
7.153583852645042929e-02 -2.259701344958468638e+00
7.160933714409938033e-02 -2.249988506137878375e+00
7.168283576174833138e-02 -2.240286701533133140e+00
7.175633437939728243e-02 -2.230596020717966255e+00
7.182983299704623348e-02 -2.220916553163496232e+00
7.190333161469518453e-02 -2.211248388236938922e+00
7.197683023234413557e-02 -2.201591615201520469e+00
7.205032884999308662e-02 -2.191946323215017145e+00
7.212382746764203767e-02 -2.182312601329636337e+00
7.219732608529098872e-02 -2.172690538490019918e+00
7.227082470293993977e-02 -2.163080223534020519e+00
7.234432332058889081e-02 -2.153481745190040542e+00
7.241782193823784186e-02 -2.143895192078387524e+00
7.249132055588679291e-02 -2.134320652708350252e+00
7.256481917353574396e-02 -2.124758215478379952e+00
7.263831779118469500e-02 -2.115207968675793637e+00
7.271181640883364605e-02 -2.105670000474912484e+00
7.278531502648259710e-02 -2.096144398936282016e+00
7.285881364413154815e-02 -2.086631252007554949e+00
7.293231226178049920e-02 -2.077130647520112561e+00
7.300581087942945024e-02 -2.067642673189620695e+00
7.307930949707840129e-02 -2.058167416615882317e+00
7.315280811472735234e-02 -2.048704965281082480e+00
7.322630673237630339e-02 -2.039255406549031591e+00
7.329980535002525444e-02 -2.029818827663781633e+00
7.337330396767419161e-02 -2.020395315751184029e+00
7.344680258532315653e-02 -2.010984957814848428e+00
7.352030120297209370e-02 -2.001587840737752089e+00
7.359379982062104475e-02 -1.992204051280870303e+00
7.366729843826999580e-02 -1.982833676081446228e+00
7.374079705591894685e-02 -1.973476801652770618e+00
7.381429567356789789e-02 -1.964133514384602819e+00
7.388779429121684894e-02 -1.954803900540209582e+00
7.396129290886579999e-02 -1.945488046256354409e+00
7.403479152651475104e-02 -1.936186037544237237e+00
7.410829014416370208e-02 -1.926897960286197531e+00
7.418178876181265313e-02 -1.917623900235392753e+00
7.425528737946160418e-02 -1.908363943016940567e+00
7.432878599711055523e-02 -1.899118174125259628e+00
7.440228461475950628e-02 -1.889886678923247132e+00
7.447578323240845732e-02 -1.880669542641658865e+00
7.454928185005740837e-02 -1.871466850380121727e+00
7.462278046770635942e-02 -1.862278687104542030e+00
7.469627908535531047e-02 -1.853105137645382428e+00
7.476977770300426152e-02 -1.843946286698836090e+00
7.484327632065321256e-02 -1.834802218827094933e+00
7.491677493830216361e-02 -1.825673018453707996e+00
7.499027355595111466e-02 -1.816558769865007861e+00
7.506377217360006571e-02 -1.807459557210785661e+00
7.513727079124901675e-02 -1.798375464500914234e+00
7.521076940889796780e-02 -1.789306575605802863e+00
7.528426802654691885e-02 -1.780252974254851850e+00
7.535776664419585602e-02 -1.771214744038397626e+00
7.543126526184482095e-02 -1.762191968402939679e+00
7.550476387949375812e-02 -1.753184730652620260e+00
7.557826249714272304e-02 -1.744193113948929508e+00
7.565176111479166021e-02 -1.735217201308369539e+00
7.572525973244061126e-02 -1.726257075601937530e+00
7.579875835008956231e-02 -1.717312819556880754e+00
7.587225696773851336e-02 -1.708384515751621535e+00
7.594575558538746440e-02 -1.699472246618098481e+00
7.601925420303641545e-02 -1.690576094441755828e+00
7.609275282068536650e-02 -1.681696141356594509e+00
7.616625143833431755e-02 -1.672832469349282647e+00
7.623975005598326860e-02 -1.663985160254254581e+00
7.631324867363221964e-02 -1.655154295756284810e+00
7.638674729128117069e-02 -1.646339957388111230e+00
7.646024590893012174e-02 -1.637542226529429712e+00
7.653374452657907279e-02 -1.628761184407034435e+00
7.660724314422802383e-02 -1.619996912093215613e+00
7.668074176187697488e-02 -1.611249490505153759e+00
7.675424037952592593e-02 -1.602519000405772331e+00
7.682773899717487698e-02 -1.593805522400126407e+00
7.690123761482382803e-02 -1.585109136937186136e+00
7.697473623247277907e-02 -1.576429924308339281e+00
7.704823485012173012e-02 -1.567767964644376733e+00
7.712173346777068117e-02 -1.559123337919814389e+00
7.719523208541963222e-02 -1.550496123947034732e+00
7.726873070306858327e-02 -1.541886402377315335e+00
7.734222932071753431e-02 -1.533294252703335303e+00
7.741572793836648536e-02 -1.524719754251503190e+00
7.748922655601542253e-02 -1.516162986188447803e+00
7.756272517366438746e-02 -1.507624027515912957e+00
7.763622379131332463e-02 -1.499102957069862185e+00
7.770972240896227567e-02 -1.490599853524237517e+00
7.778322102661122672e-02 -1.482114795384188000e+00
7.785671964426017777e-02 -1.473647860989597547e+00
7.793021826190912882e-02 -1.465199128512672644e+00
7.800371687955807987e-02 -1.456768675957693659e+00
7.807721549720703091e-02 -1.448356581159234935e+00
7.815071411485598196e-02 -1.439962921783692451e+00
7.822421273250493301e-02 -1.431587775326896406e+00
7.829771135015388406e-02 -1.423231219113816337e+00
7.837120996780283511e-02 -1.414893330296791873e+00
7.844470858545178615e-02 -1.406574185855632209e+00
7.851820720310073720e-02 -1.398273862598855999e+00
7.859170582074968825e-02 -1.389992437159921934e+00
7.866520443839863930e-02 -1.381729985997157684e+00
7.873870305604759035e-02 -1.373486585395177428e+00
7.881220167369654139e-02 -1.365262311461684419e+00
7.888570029134549244e-02 -1.357057240126732012e+00
7.895919890899444349e-02 -1.348871447145569391e+00
7.903269752664339454e-02 -1.340705008091525485e+00
7.910619614429234558e-02 -1.332557998363110841e+00
7.917969476194129663e-02 -1.324430493177267465e+00
7.925319337959024768e-02 -1.316322567569248037e+00
7.932669199723919873e-02 -1.308234296396523888e+00
7.940019061488814978e-02 -1.300165754331992218e+00
7.947368923253710082e-02 -1.292117015866722340e+00
7.954718785018605187e-02 -1.284088155310673329e+00
7.962068646783498904e-02 -1.276079246786849808e+00
7.969418508548395397e-02 -1.268090364236265088e+00
7.976768370313289114e-02 -1.260121581411826952e+00
7.984118232078185606e-02 -1.252172971882437480e+00
7.991468093843079323e-02 -1.244244609030317861e+00
7.998817955607974428e-02 -1.236336566048308327e+00
8.006167817372869533e-02 -1.228448915942216502e+00
8.013517679137764638e-02 -1.220581731529197356e+00
8.020867540902659742e-02 -1.212735085435394211e+00
8.028217402667554847e-02 -1.204909050097032974e+00
8.035567264432449952e-02 -1.197103697759303031e+00
8.042917126197345057e-02 -1.189319100474804713e+00
8.050266987962240162e-02 -1.181555330101858203e+00
8.057616849727135266e-02 -1.173812458307633477e+00
8.064966711492030371e-02 -1.166090556562505043e+00
8.072316573256925476e-02 -1.158389696142254621e+00
8.079666435021820581e-02 -1.150709948125065551e+00
8.087016296786715686e-02 -1.143051383392695186e+00
8.094366158551610790e-02 -1.135414072627838777e+00
8.101716020316505895e-02 -1.127798086312900239e+00
8.109065882081401000e-02 -1.120203494731700999e+00
8.116415743846296105e-02 -1.112630367962999856e+00
8.123765605611191210e-02 -1.105078775885463216e+00
8.131115467376086314e-02 -1.097548788171266665e+00
8.138465329140981419e-02 -1.090040474289295958e+00
8.145815190905876524e-02 -1.082553903499089643e+00
8.153165052670771629e-02 -1.075089144853205170e+00
8.160514914435665346e-02 -1.067646267196550980e+00
8.167864776200561838e-02 -1.060225339159284630e+00
8.175214637965455555e-02 -1.052826429162848854e+00
8.182564499730352048e-02 -1.045449605413850236e+00
8.189914361495245765e-02 -1.038094935902304172e+00
8.197264223260142257e-02 -1.030762488404828758e+00
8.204614085025035974e-02 -1.023452330476530392e+00
8.211963946789931079e-02 -1.016164529454908205e+00
8.219313808554826184e-02 -1.008899152456020687e+00
8.226663670319721289e-02 -1.001656266369092663e+00
8.234013532084616394e-02 -9.944359378588814025e-01
8.241363393849511498e-02 -9.872382333592142345e-01
8.248713255614406603e-02 -9.800632190703595370e-01
8.256063117379301708e-02 -9.729109609546853221e-01
8.263412979144196813e-02 -9.657815247285093108e-01
8.270762840909091917e-02 -9.586749758605677130e-01
8.278112702673987022e-02 -9.515913795606358860e-01
8.285462564438882127e-02 -9.445308007707993170e-01
8.292812426203777232e-02 -9.374933041591724248e-01
8.300162287968672337e-02 -9.304789541066149638e-01
8.307512149733567441e-02 -9.234878146959069056e-01
8.314862011498462546e-02 -9.165199497001985662e-01
8.322211873263357651e-02 -9.095754225718231112e-01
8.329561735028252756e-02 -9.026542964284374193e-01
8.336911596793147861e-02 -8.957566340387153048e-01
8.344261458558042965e-02 -8.888824978169651558e-01
8.351611320322938070e-02 -8.820319498096331756e-01
8.358961182087831787e-02 -8.752050516881908493e-01
8.366311043852728280e-02 -8.684018647496429821e-01
8.373660905617621997e-02 -8.616224499140763271e-01
8.381010767382518489e-02 -8.548668677317152742e-01
8.388360629147412206e-02 -8.481351783962054469e-01
8.395710490912308699e-02 -8.414274417641109949e-01
8.403060352677202416e-02 -8.347437173868925697e-01
8.410410214442097521e-02 -8.280840645391727151e-01
8.417760076206992625e-02 -8.214485422696071737e-01
8.425109937971887730e-02 -8.148372094502498442e-01
8.432459799736782835e-02 -8.082501248304474473e-01
8.439809661501677940e-02 -8.016873470914340771e-01
8.447159523266573045e-02 -7.951489349095375303e-01
8.454509385031468149e-02 -7.886349469951845492e-01
8.461859246796363254e-02 -7.821454421365778842e-01
8.469209108561258359e-02 -7.756804792209841537e-01
8.476558970326153464e-02 -7.692401172357392625e-01
8.483908832091048569e-02 -7.628244152493692809e-01
8.491258693855943673e-02 -7.564334323676291660e-01
8.498608555620838778e-02 -7.500672276732380794e-01
8.505958417385733883e-02 -7.437258601358252008e-01
8.513308279150628988e-02 -7.374093885070251986e-01
8.520658140915524092e-02 -7.311178712037396110e-01
8.528008002680419197e-02 -7.248513661623832149e-01
8.535357864445314302e-02 -7.186099306887037130e-01
8.542707726210209407e-02 -7.123936212847681304e-01
8.550057587975104512e-02 -7.062024934702506584e-01
8.557407449739999616e-02 -7.000366015881489545e-01
8.564757311504894721e-02 -6.938959986239581212e-01
8.572107173269788438e-02 -6.877807360286531946e-01
8.579457035034684931e-02 -6.816908635788188064e-01
8.586806896799578648e-02 -6.756264292754501355e-01
8.594156758564475140e-02 -6.695874792979701340e-01
8.601506620329368857e-02 -6.635740580176126002e-01
8.608856482094265350e-02 -6.575862080618009031e-01
8.616206343859159067e-02 -6.516239704343611550e-01
8.623556205624054172e-02 -6.456873846608672807e-01
8.630906067388949277e-02 -6.397764889490566986e-01
8.638255929153844381e-02 -6.338913203346159264e-01
8.645605790918739486e-02 -6.280319147945441216e-01
8.652955652683634591e-02 -6.221983072977685936e-01
8.660305514448529696e-02 -6.163905317628923797e-01
8.667655376213424800e-02 -6.106086208962153705e-01
8.675005237978319905e-02 -6.048526058872987221e-01
8.682355099743215010e-02 -5.991225159248472210e-01
8.689704961508110115e-02 -5.934183775207166889e-01
8.697054823273005220e-02 -5.877402136302478652e-01
8.704404685037900324e-02 -5.820880425825585291e-01
8.711754546802795429e-02 -5.764618768168787710e-01
8.719104408567690534e-02 -5.708617214861213540e-01
8.726454270332585639e-02 -5.652875729483639589e-01
8.733804132097480744e-02 -5.597394172067708951e-01
8.741153993862375848e-02 -5.542172283462676319e-01
8.748503855627270953e-02 -5.487209670308850207e-01
8.755853717392166058e-02 -5.432505791141721829e-01
8.763203579157061163e-02 -5.378059944177024931e-01
8.770553440921956267e-02 -5.323871257638970178e-01
8.777903302686851372e-02 -5.269938682944470543e-01
8.785253164451745089e-02 -5.216260991396168833e-01
8.792603026216641582e-02 -5.162836774447221444e-01
8.799952887981535299e-02 -5.109664447276429655e-01
8.807302749746431791e-02 -5.056742254835882022e-01
8.814652611511325508e-02 -5.004068278376010426e-01
8.822002473276222001e-02 -4.951640440455520320e-01
8.829352335041115718e-02 -4.899456504883303865e-01
8.836702196806010823e-02 -4.847514068439480184e-01
8.844052058570905928e-02 -4.795810540722627024e-01
8.851401920335801032e-02 -4.744343109093307476e-01
8.858751782100696137e-02 -4.693108686806475305e-01
8.866101643865591242e-02 -4.642103843370719574e-01
8.873451505630486347e-02 -4.591324717873561667e-01
8.880801367395381452e-02 -4.540766917127001534e-01
8.888151229160276556e-02 -4.490425400877704476e-01
8.895501090925171661e-02 -4.440294356413119203e-01
8.902850952690066766e-02 -4.390367063446234397e-01
8.910200814454961871e-02 -4.340635747942975797e-01
8.917550676219856975e-02 -4.291091421317361210e-01
8.924900537984752080e-02 -4.241723698457029457e-01
8.932250399749647185e-02 -4.192520586610264388e-01
8.939600261514542290e-02 -4.143468236873175670e-01
8.946950123279437395e-02 -4.094550651561164045e-01
8.954299985044332499e-02 -4.045749344886111487e-01
8.961649846809227604e-02 -3.997042960187009442e-01
8.968999708574122709e-02 -3.948406854396644405e-01
8.976349570339017814e-02 -3.899812668798503523e-01
8.983699432103911531e-02 -3.851227912477988014e-01
8.991049293868808023e-02 -3.802615591579154852e-01
8.998399155633701740e-02 -3.753933920039926875e-01
9.005749017398598233e-02 -3.705136146570531253e-01
9.013098879163491950e-02 -3.656170526408182297e-01
9.020448740928388442e-02 -3.606980453133701303e-01
9.027798602693282159e-02 -3.557504748194304511e-01
9.035148464458178652e-02 -3.507678081818106364e-01
9.042498326223072369e-02 -3.457431474770551461e-01
9.049848187987967474e-02 -3.406692809009363998e-01
9.057198049752862579e-02 -3.355387263498030848e-01
9.064547911517757683e-02 -3.303437597908747136e-01
9.071897773282652788e-02 -3.250764235534582269e-01
9.079247635047547893e-02 -3.197285150348854188e-01
9.086597496812442998e-02 -3.142915635870764390e-01
9.093947358577338103e-02 -3.087568112578615853e-01
9.101297220342233207e-02 -3.031152195848747510e-01
9.108647082107128312e-02 -2.973575273651931639e-01
9.115996943872023417e-02 -2.914743814278466516e-01
9.123346805636918522e-02 -2.854565527656873769e-01
9.130696667401813627e-02 -2.792952345846693163e-01
9.138046529166708731e-02 -2.729823990930633215e-01
9.145396390931603836e-02 -2.665111695668471725e-01
9.152746252696498941e-02 -2.598761474764081925e-01
9.160096114461394046e-02 -2.530736244494065090e-01
9.167445976226289150e-02 -2.461016078740208002e-01
9.174795837991184255e-02 -2.389595973940394913e-01
9.182145699756079360e-02 -2.316480662777671284e-01
9.189495561520974465e-02 -2.241676244704500220e-01
9.196845423285868182e-02 -2.165178665017428727e-01
9.204195285050764674e-02 -2.086959342858776267e-01
9.211545146815658391e-02 -2.006948495647336017e-01
9.218895008580554884e-02 -1.925016902494434134e-01
9.226244870345448601e-02 -1.840956961927950886e-01
9.233594732110345094e-02 -1.754463903040885953e-01
9.240944593875238811e-02 -1.665117884214275534e-01
9.248294455640133915e-02 -1.572367462762898072e-01
9.255644317405029020e-02 -1.475514567085554063e-01
9.262994179169924125e-02 -1.373700704326843436e-01
9.270344040934819230e-02 -1.265893768346266768e-01
9.277693902699714334e-02 -1.150874560287427073e-01
9.285043764464609439e-02 -1.027222079150078571e-01
9.292393626229504544e-02 -8.932968387697570734e-02
9.299743487994399649e-02 -7.472219372894883804e-02
9.307093349759294754e-02 -5.868623130322703219e-02
9.314443211524189858e-02 -4.098034710699138827e-02
9.321793073289084963e-02 -2.133318153657981497e-02
9.329142935053980068e-02 5.580612319171507352e-04
9.336492796818875173e-02 2.502838990790579032e-02
9.343842658583770278e-02 5.244477046885620553e-02
9.351192520348665382e-02 8.320464727649934389e-02
9.358542382113560487e-02 1.177332095667509293e-01
9.365892243878455592e-02 1.564795916051409108e-01
9.373242105643350697e-02 1.999124570993302541e-01
9.380591967408245802e-02 2.485156979977425351e-01
9.387941829173140906e-02 3.027852441719645071e-01
9.395291690938036011e-02 3.632282005691678251e-01
9.402641552702931116e-02 4.303656695723034886e-01
9.409991414467824833e-02 5.047406504293938667e-01
9.417341276232721325e-02 5.869323160703423525e-01
9.424691137997615042e-02 6.775777474458912764e-01
9.432040999762511535e-02 7.774018754703071465e-01
9.439390861527405252e-02 8.872559828041488572e-01
9.446740723292301745e-02 1.008164713124962475e+00
9.454090585057195462e-02 1.141381190227534148e+00
9.461440446822090566e-02 1.288449611367674663e+00
9.468790308586985671e-02 1.451274552897491077e+00
9.476140170351880776e-02 1.632196150157025016e+00
9.483490032116775881e-02 1.834070155802262292e+00
9.490839893881670986e-02 2.060351458844102979e+00
9.498189755646566090e-02 2.315178774962255659e+00
9.505539617411461195e-02 2.603456776399784900e+00
9.512889479176356300e-02 2.930929930890119550e+00
9.520239340941251405e-02 3.304239960643101881e+00
9.527589202706146509e-02 3.730956501277233883e+00
9.534939064471041614e-02 4.219568769009281795e+00
9.542288926235936719e-02 4.779425425911075109e+00
9.549638788000831824e-02 5.420610923558751182e+00
9.556988649765726929e-02 6.153749841958086719e+00
9.564338511530622033e-02 6.989736398472986778e+00
9.571688373295517138e-02 7.939394488551279494e+00
9.579038235060412243e-02 9.013084280126486547e+00
9.586388096825307348e-02 1.022028426689124991e+01
9.593737958590201065e-02 1.156919225403627394e+01
9.601087820355097557e-02 1.306640401992742184e+01
9.608437682119991274e-02 1.471674277382895468e+01
9.615787543884887767e-02 1.652332373279653766e+01
9.623137405649781484e-02 1.848794333358300435e+01
9.630487267414677977e-02 2.061187879600027273e+01
9.637837129179571694e-02 2.289716852239271105e+01
9.645186990944468186e-02 2.534841609223201431e+01
9.652536852709361903e-02 2.797512146304037017e+01
9.659886714474258396e-02 3.079449600757819283e+01
9.667236576239152113e-02 3.383466906439930710e+01
9.674586438004048605e-02 3.713814990870936583e+01
9.681936299768942322e-02 4.076537729188367365e+01
9.689286161533837427e-02 4.479817354773364002e+01
9.696636023298732532e-02 4.934292240169776989e+01
9.703985885063627637e-02 5.453330490353068427e+01
9.711335746828522741e-02 6.053244765476506473e+01
9.718685608593417846e-02 6.753435011021855416e+01
9.726035470358312951e-02 7.576445136257696333e+01
9.733385332123208056e-02 8.547916266258505402e+01
9.740735193888103161e-02 9.696412727519950181e+01
9.748085055652998265e-02 1.105308796805658744e+02
9.755434917417893370e-02 1.265114761684921802e+02
9.762784779182788475e-02 1.452505813099866145e+02
9.770134640947683580e-02 1.670944484367305165e+02
9.777484502712578684e-02 1.923762590772552414e+02
9.784834364477473789e-02 2.213974182344732924e+02
9.792184226242368894e-02 2.544046680822113444e+02
9.799534088007263999e-02 2.915633033145130639e+02
9.806883949772157716e-02 3.329273544236330622e+02
9.814233811537054208e-02 3.784083343643325179e+02
9.821583673301947925e-02 4.277449663059091449e+02
9.828933535066844418e-02 4.804771225830212984e+02
9.836283396831738135e-02 5.359278492186952008e+02
9.843633258596634628e-02 5.931976240050760225e+02
9.850983120361528345e-02 6.511746878315382219e+02
9.858332982126424837e-02 7.085642382481921686e+02
9.865682843891318554e-02 7.639374428486136139e+02
9.873032705656215047e-02 8.157987615779371708e+02
9.880382567421108764e-02 8.626673064020018273e+02
9.887732429186005256e-02 9.031654175315678685e+02
9.895082290950898973e-02 9.361058534938981666e+02
9.902432152715794078e-02 9.605684395261639565e+02
9.909782014480689183e-02 9.759579211737008109e+02
9.917131876245584288e-02 9.820370325730101513e+02
9.924481738010479392e-02 9.789320012730433973e+02
9.931831599775374497e-02 9.671112490226137197e+02
9.939181461540269602e-02 9.473412370854490518e+02
9.946531323305164707e-02 9.206256963887652773e+02
9.953881185070059812e-02 8.881355783976099474e+02
9.961231046834954916e-02 8.511369545912826879e+02
9.968580908599850021e-02 8.109230187710739983e+02
9.975930770364745126e-02 7.687546857498929285e+02
9.983280632129640231e-02 7.258124318069257015e+02
9.990630493894535336e-02 6.831603128262788687e+02
9.997980355659430440e-02 6.417217311857617688e+02
1.000533021742432416e-01 6.022655877741657378e+02
1.001268007918922065e-01 5.654009461328523685e+02
1.002002994095411437e-01 5.315781945153877359e+02
1.002737980271901086e-01 5.010948391857264141e+02
1.003472966448390458e-01 4.741044124198194254e+02
1.004207952624880107e-01 4.506274431906833797e+02
1.004942938801369479e-01 4.305639279056387068e+02
1.005677924977859128e-01 4.137071658342070464e+02
1.006412911154348500e-01 3.997591136901632467e+02
1.007147897330838149e-01 3.883475151975795825e+02
1.007882883507327521e-01 3.790449593251843794e+02
1.008617869683817170e-01 3.713897419457740057e+02
1.009352855860306541e-01 3.649080153949079204e+02
1.010087842036796191e-01 3.591363004491756783e+02
1.010822828213285562e-01 3.536431041591649773e+02
1.011557814389775073e-01 3.480482182803454521e+02
1.012292800566264583e-01 3.420383163722709128e+02
1.013027786742754094e-01 3.353777276963452323e+02
1.013762772919243604e-01 3.279137024076469515e+02
1.014497759095733115e-01 3.195760201641055573e+02
1.015232745272222625e-01 3.103713417814573177e+02
1.015967731448712136e-01 3.003731741242586963e+02
1.016702717625201646e-01 2.897086477225470276e+02
1.017437703801691157e-01 2.785434634064407646e+02
1.018172689978180667e-01 2.670663517455949432e+02
1.018907676154670178e-01 2.554742379203788403e+02
1.019642662331159688e-01 2.439590609176425176e+02
1.020377648507649199e-01 2.326969082299893046e+02
1.021112634684138709e-01 2.218398366088864861e+02
1.021847620860628081e-01 2.115104843906230201e+02
1.022582607037117730e-01 2.017993575220462219e+02
1.023317593213607102e-01 1.927644967556306028e+02
1.024052579390096751e-01 1.844331101436926872e+02
1.024787565566586123e-01 1.768046840690032298e+02
1.025522551743075772e-01 1.698550678108842646e+02
1.026257537919565144e-01 1.635410586705017693e+02
1.026992524096054793e-01 1.578050895594395797e+02
1.027727510272544165e-01 1.525797249529155124e+02
1.028462496449033814e-01 1.477917852108267311e+02
1.029197482625523186e-01 1.433660227508454170e+02
1.029932468802012835e-01 1.392283489326006247e+02
1.030667454978502207e-01 1.353086480691637803e+02
1.031402441154991856e-01 1.315432151663229661e+02
1.032137427331481228e-01 1.278768267390195632e+02
1.032872413507970738e-01 1.242644153513819134e+02
1.033607399684460249e-01 1.206722854348391536e+02
1.034342385860949759e-01 1.170787938004931164e+02
1.035077372037439269e-01 1.134744295261232736e+02
1.035812358213928780e-01 1.098612633004001253e+02
1.036547344390418290e-01 1.062517882725047400e+02
1.037282330566907801e-01 1.026672319237721069e+02
1.038017316743397311e-01 9.913547007178168258e+01
1.038752302919886822e-01 9.568871071803852146e+01
1.039487289096376332e-01 9.236113164664720898e+01
1.040222275272865843e-01 8.918665003707788230e+01
1.040957261449355353e-01 8.619697681585067528e+01
1.041692247625844864e-01 8.342006739145766403e+01
1.042427233802334374e-01 8.087902959599065866e+01
1.043162219978823746e-01 7.859149561068230128e+01
1.043897206155313395e-01 7.656941405069261464e+01
1.044632192331802767e-01 7.481917750171412251e+01
1.045367178508292416e-01 7.334197483001653950e+01
1.046102164684781788e-01 7.213424982782250083e+01
1.046837150861271437e-01 7.118815887043574264e+01
1.047572137037760809e-01 7.049194789835748054e+01
1.048307123214250458e-01 7.003020804479774597e+01
1.049042109390739830e-01 6.978401251199414901e+01
1.049777095567229479e-01 6.973097713220590776e+01
1.050512081743718851e-01 6.984531650660429136e+01
1.051247067920208500e-01 7.009798178076553654e+01
1.051982054096697872e-01 7.045696283082071432e+01
1.052717040273187382e-01 7.088781771754841543e+01
1.053452026449676893e-01 7.135445924533867412e+01
1.054187012626166403e-01 7.182018792330443091e+01
1.054921998802655914e-01 7.224891926217460991e+01
1.055656984979145424e-01 7.260651783805303694e+01
1.056391971155634935e-01 7.286212646026569928e+01
1.057126957332124445e-01 7.298936960217858427e+01
1.057861943508613956e-01 7.296731701208055654e+01
1.058596929685103466e-01 7.278111478009391533e+01
1.059331915861592976e-01 7.242222401174655033e+01
1.060066902038082487e-01 7.188824760846040363e+01
1.060801888214571997e-01 7.118236910269897066e+01
1.061536874391061508e-01 7.031246956110476276e+01
1.062271860567551018e-01 6.929002459440192752e+01
1.063006846744040529e-01 6.812890862109236423e+01
1.063741832920530039e-01 6.684424303368392373e+01
1.064476819097019411e-01 6.545141535366983021e+01
1.065211805273509060e-01 6.396536706130105898e+01
1.065946791449998432e-01 6.240020170492270069e+01
1.066681777626488081e-01 6.076910951909165703e+01
1.067416763802977453e-01 5.908455061498675320e+01
1.068151749979467102e-01 5.735859704422524885e+01
1.068886736155956474e-01 5.560331352844458053e+01
1.069621722332446123e-01 5.383106131713182663e+01
1.070356708508935495e-01 5.205463731811346406e+01
1.071091694685425144e-01 5.028720377116211182e+01
1.071826680861914516e-01 4.854201163373313221e+01
1.072561667038404165e-01 4.683196280241085674e+01
1.073296653214893537e-01 4.516908431058418216e+01
1.074031639391383047e-01 4.356399807790728573e+01
1.074766625567872558e-01 4.202546349267174719e+01
1.075501611744362068e-01 4.056005132288581194e+01
1.076236597920851579e-01 3.917198203438577053e+01
1.076971584097341089e-01 3.786313528900222281e+01
1.077706570273830600e-01 3.663321463181318904e+01
1.078441556450320110e-01 3.548003478181416881e+01
1.079176542626809621e-01 3.439988946076650222e+01
1.079911528803299131e-01 3.338795504599459463e+01
1.080646514979788642e-01 3.243868850529834447e+01
1.081381501156278152e-01 3.154618571359149470e+01
1.082116487332767663e-01 3.070447687369561862e+01
1.082851473509257173e-01 2.990774782461861392e+01
1.083586459685746684e-01 2.915048795809823901e+01
1.084321445862236055e-01 2.842757576550149068e+01
1.085056432038725704e-01 2.773432036915918530e+01
1.085791418215215076e-01 2.706648078631316778e+01
1.086526404391704725e-01 2.642028372078643983e+01
1.087261390568194097e-01 2.579245567191066613e+01
1.087996376744683746e-01 2.518027711768348809e+01
1.088731362921173118e-01 2.458165709883420647e+01
1.089466349097662767e-01 2.399521764622071984e+01
1.090201335274152139e-01 2.342037101648250541e+01
1.090936321450641788e-01 2.285736999293046168e+01
1.091671307627131160e-01 2.230731311930343708e+01
1.092406293803620809e-01 2.177209227504738465e+01
1.093141279980110181e-01 2.125427825848554875e+01
1.093876266156599830e-01 2.075694929315558923e+01
1.094611252333089202e-01 2.028347579782400345e+01
1.095346238509578712e-01 1.983728086617603736e+01
1.096081224686068223e-01 1.942159879686637680e+01
1.096816210862557733e-01 1.903925351896901219e+01
1.097551197039047244e-01 1.869247533562260344e+01
1.098286183215536754e-01 1.838276897349532391e+01
1.099021169392026265e-01 1.811083959573898383e+01
1.099756155568515775e-01 1.787657729655625971e+01
1.100491141745005286e-01 1.767909550856697720e+01
1.101226127921494796e-01 1.751681523358342929e+01
1.101961114097984307e-01 1.738758516583948577e+01
1.102696100274473817e-01 1.728882735283478667e+01
1.103431086450963328e-01 1.721769850608863806e+01
1.104166072627452838e-01 1.717125781815556707e+01
1.104901058803942349e-01 1.714663266673502662e+01
1.105636044980431720e-01 1.714117368268517083e+01
1.106371031156921370e-01 1.715259047283710458e+01
1.107106017333410741e-01 1.717905925364933495e+01
1.107841003509900391e-01 1.721929429743799744e+01
1.108575989686389762e-01 1.727257680657549344e+01
1.109310975862879411e-01 1.733873766973420061e+01
1.110045962039368783e-01 1.741809418851278224e+01
1.110780948215858432e-01 1.751134468113867371e+01
1.111515934392347804e-01 1.761942819870623111e+01
1.112250920568837453e-01 1.774335893697286437e+01
1.112985906745326825e-01 1.788404614253753167e+01
1.113720892921816474e-01 1.804211059736829625e+01
1.114455879098305846e-01 1.821770852953460818e+01
1.115190865274795495e-01 1.841037342806148303e+01
1.115925851451284867e-01 1.861888588718435500e+01
1.116660837627774377e-01 1.884118108747214393e+01
1.117395823804263888e-01 1.907430239207877776e+01
1.118130809980753398e-01 1.931440730707431896e+01
1.118865796157242909e-01 1.955682847759382526e+01
1.119600782333732419e-01 1.979618768279738816e+01
1.120335768510221930e-01 2.002655568328362889e+01
1.121070754686711440e-01 2.024164634047492228e+01
1.121805740863200951e-01 2.043503073967919548e+01
1.122540727039690461e-01 2.060035677248856700e+01
1.123275713216179972e-01 2.073156174062238222e+01
1.124010699392669482e-01 2.082306926320752183e+01
1.124745685569158993e-01 2.086996583358719803e+01
1.125480671745648503e-01 2.086815545603460720e+01
1.126215657922138014e-01 2.081449199832850283e+01
1.126950644098627385e-01 2.070688807628564376e+01
1.127685630275117035e-01 2.054439708711027635e+01
1.128420616451606406e-01 2.032726261250172328e+01
1.129155602628096056e-01 2.005692809147018707e+01
1.129890588804585427e-01 1.973600031529479182e+01
1.130625574981075077e-01 1.936816314666380379e+01
1.131360561157564448e-01 1.895804241366252541e+01
1.132095547334054098e-01 1.851102815942079616e+01
1.132830533510543469e-01 1.803306515467791726e+01
1.133565519687033119e-01 1.753042581246524634e+01
1.134300505863522490e-01 1.700948083720125936e+01
1.135035492040012139e-01 1.647648207541702448e+01
1.135770478216501511e-01 1.593736953269484857e+01
1.136505464392991022e-01 1.539761105098429184e+01
1.137240450569480532e-01 1.486207940880373357e+01
1.137975436745970043e-01 1.433496818792469085e+01
1.138710422922459553e-01 1.381974499855429706e+01
1.139445409098949064e-01 1.331913870039849002e+01
1.140180395275438574e-01 1.283515605672663185e+01
1.140915381451928085e-01 1.236912267316666458e+01
1.141650367628417595e-01 1.192174293593528489e+01
1.142385353804907105e-01 1.149317382758724371e+01
1.143120339981396616e-01 1.108310785183313030e+01
1.143855326157886126e-01 1.069086076839095689e+01
1.144590312334375637e-01 1.031546037444349118e+01
1.145325298510865147e-01 9.955733132110864858e+00
1.146060284687354658e-01 9.610385996216550097e+00
1.146795270863844030e-01 9.278081310108760249e+00
1.147530257040333679e-01 8.957503084814941730e+00
1.148265243216823051e-01 8.647413349852282494e+00
1.149000229393312700e-01 8.346697578105972681e+00
1.149735215569802071e-01 8.054398480365993152e+00
1.150470201746291721e-01 7.769737788827043801e+00
1.151205187922781092e-01 7.492126048884450995e+00
1.151940174099270742e-01 7.221160934512417029e+00
1.152675160275760113e-01 6.956615172302877070e+00
1.153410146452249763e-01 6.698415738119846807e+00
1.154145132628739134e-01 6.446616485550093145e+00
1.154880118805228784e-01 6.201366683838099192e+00
1.155615104981718155e-01 5.962878021005131757e+00
1.156350091158207805e-01 5.731392452129483672e+00
1.157085077334697176e-01 5.507152884102080037e+00
1.157820063511186687e-01 5.290378167090665329e+00
1.158555049687676197e-01 5.081243303678206757e+00
1.159290035864165708e-01 4.879865269836187736e+00
1.160025022040655218e-01 4.686294416357505099e+00
1.160760008217144729e-01 4.500511098897712614e+00
1.161494994393634239e-01 4.322426956755908378e+00
1.162229980570123750e-01 4.151890102499850244e+00
1.162964966746613260e-01 3.988693378159899439e+00
1.163699952923102771e-01 3.832584772545693852e+00
1.164434939099592281e-01 3.683279081894760054e+00
1.165169925276081792e-01 3.540469939380258779e+00
1.165904911452571302e-01 3.403841439550589598e+00
1.166639897629060812e-01 3.273078732491141452e+00
1.167374883805550323e-01 3.147877140023767950e+00
1.168109869982039695e-01 3.027949527607153968e+00
1.168844856158529344e-01 2.913031826635712918e+00
1.169579842335018716e-01 2.802886726190195077e+00
1.170314828511508365e-01 2.697305634984029865e+00
1.171049814687997737e-01 2.596109058383667900e+00
1.171784800864487386e-01 2.499145554076877218e+00
1.172519787040976758e-01 2.406289438353200083e+00
1.173254773217466407e-01 2.317437424737063267e+00
1.173989759393955778e-01 2.232504393902949857e+00
1.174724745570445428e-01 2.151418516156727634e+00
1.175459731746934799e-01 2.074115968344063532e+00
1.176194717923424449e-01 2.000535496707481542e+00
1.176929704099913820e-01 1.930613070753519622e+00
1.177664690276403470e-01 1.864276851360873621e+00
1.178399676452892841e-01 1.801442666458417108e+00
1.179134662629382352e-01 1.742010159879413322e+00
1.179869648805871862e-01 1.685859761274485891e+00
1.180604634982361373e-01 1.632850617631213197e+00
1.181339621158850883e-01 1.582819620849676312e+00
1.182074607335340394e-01 1.535581645480064594e+00
1.182809593511829904e-01 1.490931060133338093e+00
1.183544579688319415e-01 1.448644487608948594e+00
1.184279565864808925e-01 1.408484669122149313e+00
1.185014552041298436e-01 1.370205158605546814e+00
1.185749538217787946e-01 1.333555465486476521e+00
1.186484524394277457e-01 1.298286209220698595e+00
1.187219510570766967e-01 1.264153865313623726e+00
1.187954496747256478e-01 1.230924769919500505e+00
1.188689482923745988e-01 1.198378187548151175e+00
1.189424469100235360e-01 1.166308399176646304e+00
1.190159455276725009e-01 1.134525899762632406e+00
1.190894441453214381e-01 1.102857878275543158e+00
1.191629427629704030e-01 1.071148181599628657e+00
1.192364413806193402e-01 1.039256946086627664e+00
1.193099399982683051e-01 1.007060038739730601e+00
1.193834386159172423e-01 9.744484072846866241e-01
1.194569372335662072e-01 9.413274093880765747e-01
1.195304358512151444e-01 9.076161781754130686e-01
1.196039344688641093e-01 8.732470751848850909e-01
1.196774330865130465e-01 8.381652704373223628e-01
1.197509317041620114e-01 8.023284642555736923e-01
1.198244303218109486e-01 7.657067285663821110e-01
1.198979289394598996e-01 7.282824082208243510e-01
1.199714275571088506e-01 6.900500012559049878e-01
1.200449261747578017e-01 6.510159436389173493e-01
1.201184247924067527e-01 6.111982611134116894e-01
1.201919234100557038e-01 5.706261076923802023e-01
1.202654220277046548e-01 5.293392670061507488e-01
1.203389206453536059e-01 4.873877259775802884e-01
1.204124192630025569e-01 4.448314234073826867e-01
1.204859178806515080e-01 4.017402246925385612e-01
1.205594164983004590e-01 3.581940886522296807e-01
1.206329151159494101e-01 3.142832960223529426e-01
1.207064137335983611e-01 2.701085297619592041e-01
1.207799123512473122e-01 2.257805597715254464e-01
1.208534109688962632e-01 1.814193037281306431e-01
1.209269095865452143e-01 1.371521113187021967e-01
1.210004082041941653e-01 9.311123654128294902e-02
1.210739068218431025e-01 4.943059693098561524e-02
1.211474054394920674e-01 6.242040486188926707e-03
1.212209040571410046e-01 -3.632857408106104913e-02
1.212944026747899695e-01 -7.816514574825816908e-02
1.213679012924389067e-01 -1.191646328835922475e-01
1.214413999100878716e-01 -1.592396409273781899e-01
1.215148985277368088e-01 -1.983201445511610927e-01
1.215883971453857737e-01 -2.363542955504023269e-01
1.216618957630347109e-01 -2.733083592780545246e-01
1.217353943806836758e-01 -3.091658905449143901e-01
1.218088929983326130e-01 -3.439263002043411177e-01
1.218823916159815779e-01 -3.776029779689196175e-01
1.219558902336305151e-01 -4.102211317214816688e-01
1.220293888512794661e-01 -4.418154861661314214e-01
1.221028874689284172e-01 -4.724279607920713886e-01
1.221763860865773682e-01 -5.021054231097359377e-01
1.222498847042263193e-01 -5.308975904534669610e-01
1.223233833218752703e-01 -5.588551328991862022e-01
1.223968819395242213e-01 -5.860280114585627587e-01
1.224703805571731724e-01 -6.124640700386265735e-01
1.225438791748221234e-01 -6.382078874447678629e-01
1.226173777924710745e-01 -6.632998876438378488e-01
1.226908764101200255e-01 -6.877757027930293532e-01
1.227643750277689766e-01 -7.116657833696855562e-01
1.228378736454179276e-01 -7.349952512748920697e-01
1.229113722630668787e-01 -7.577839927444429691e-01
1.229848708807158297e-01 -7.800469858446170690e-01
1.230583694983647669e-01 -8.017948508372754191e-01
1.231318681160137318e-01 -8.230346005135693588e-01
1.232053667336626690e-01 -8.437705530456653946e-01
1.232788653513116339e-01 -8.640053543724555141e-01
1.233523639689605711e-01 -8.837410437712271971e-01
1.234258625866095360e-01 -9.029800882699596798e-01
1.234993612042584732e-01 -9.217263112098557087e-01
1.235728598219074381e-01 -9.399856489126072745e-01
1.236463584395563753e-01 -9.577666864934748503e-01
1.237198570572053402e-01 -9.750809472776928999e-01
1.237933556748542774e-01 -9.919429364870993027e-01
1.238668542925032423e-01 -1.008369964553455844e+00
1.239403529101521795e-01 -1.024381794615045749e+00
1.240138515278011444e-01 -1.040000169627443682e+00
1.240873501454500816e-01 -1.055248276274706853e+00
1.241608487630990326e-01 -1.070150196859120939e+00
1.242343473807479837e-01 -1.084730389307196674e+00
1.243078459983969347e-01 -1.099013223139543527e+00
1.243813446160458858e-01 -1.113022588415095271e+00
1.244548432336948368e-01 -1.126781587151821640e+00
1.245283418513437879e-01 -1.140312312168344278e+00
1.246018404689927389e-01 -1.153635715436646336e+00
1.246753390866416900e-01 -1.166771564971746500e+00
1.247488377042906410e-01 -1.179738484593787717e+00
1.248223363219395921e-01 -1.192554064488568599e+00
1.248958349395885431e-01 -1.205235023463883337e+00
1.249693335572374941e-01 -1.217797398053761526e+00
1.250428321748864313e-01 -1.230256731132525871e+00
1.251163307925353962e-01 -1.242628234450293689e+00
1.251898294101843334e-01 -1.254926905236336765e+00
1.252633280278332983e-01 -1.267167585203589297e+00
1.253368266454822355e-01 -1.279364958587906997e+00
1.254103252631312004e-01 -1.291533492505474001e+00
1.254838238807801376e-01 -1.303687326696193693e+00
1.255573224984291025e-01 -1.315840121088152515e+00
1.256308211160780397e-01 -1.328004869910406782e+00
1.257043197337270046e-01 -1.340193692001456327e+00
1.257778183513759418e-01 -1.352417609860419034e+00
1.258513169690249067e-01 -1.364686334811352708e+00
1.259248155866738439e-01 -1.377008081394647476e+00
1.259983142043228088e-01 -1.389389438525936882e+00
1.260718128219717460e-01 -1.401835325820014688e+00
1.261453114396207109e-01 -1.414349059132621989e+00
1.262188100572696481e-01 -1.426932539423185986e+00
1.262923086749185853e-01 -1.439586564522464585e+00
1.263658072925675502e-01 -1.452311246817272306e+00
1.264393059102165151e-01 -1.465106504098537599e+00
1.265128045278654523e-01 -1.477972579301280120e+00
1.265863031455143894e-01 -1.490910539513054189e+00
1.266598017631633544e-01 -1.503922706665274944e+00
1.267333003808123193e-01 -1.517012980566203595e+00
1.268067989984612565e-01 -1.530187026963325536e+00
1.268802976161101936e-01 -1.543452315557448884e+00
1.269537962337591586e-01 -1.556818002105130105e+00
1.270272948514081235e-01 -1.570294653215139391e+00
1.271007934690570607e-01 -1.583893813005284201e+00
1.271742920867059978e-01 -1.597627410761928601e+00
1.272477907043549628e-01 -1.611507012840116104e+00
1.273212893220039277e-01 -1.625542934408112927e+00
1.273947879396528648e-01 -1.639743248414104571e+00
1.274682865573018020e-01 -1.654112757435797221e+00
1.275417851749507669e-01 -1.668652021773922911e+00
1.276152837925997319e-01 -1.683356555039939195e+00
1.276887824102486690e-01 -1.698216298655008671e+00
1.277622810278976062e-01 -1.713215464962958734e+00
1.278357796455465434e-01 -1.728332797358723028e+00
1.279092782631955083e-01 -1.743542242428809175e+00
1.279827768808444732e-01 -1.758813975141052310e+00
1.280562754984934104e-01 -1.774115674655060815e+00
1.281297741161423476e-01 -1.789413923637495074e+00
1.282032727337913125e-01 -1.804675600778516298e+00
1.282767713514402774e-01 -1.819869152597837214e+00
1.283502699690892146e-01 -1.834965659903442514e+00
1.284237685867381518e-01 -1.849939649488669957e+00
1.284972672043871167e-01 -1.864769635352720556e+00
1.285707658220360816e-01 -1.879438401565712624e+00
1.286442644396850188e-01 -1.893933058370869560e+00
1.287177630573339560e-01 -1.908244914127456227e+00
1.287912616749829209e-01 -1.922369209341230345e+00
1.288647602926318858e-01 -1.936304756989260412e+00
1.289382589102808230e-01 -1.950053527263296616e+00
1.290117575279297601e-01 -1.963620206472603158e+00
1.290852561455787251e-01 -1.977011750484379604e+00
1.291587547632276900e-01 -1.990236944156828613e+00
1.292322533808766272e-01 -2.003305971060598267e+00
1.293057519985255643e-01 -2.016229993112528263e+00
1.293792506161745293e-01 -2.029020738372985022e+00
1.294527492338234942e-01 -2.041690096832848411e+00
1.295262478514724314e-01 -2.054249728191935631e+00
1.295997464691213685e-01 -2.066710690853218679e+00
1.296732450867703335e-01 -2.079083106495112077e+00
1.297467437044192984e-01 -2.091375877829609209e+00
1.298202423220682356e-01 -2.103596477551295862e+00
1.298937409397171727e-01 -2.115750823433957706e+00
1.299672395573661099e-01 -2.127843248404770904e+00
1.300407381750150748e-01 -2.139876566055175289e+00
1.301142367926640397e-01 -2.151852223139812281e+00
1.301877354103129769e-01 -2.163770522513729588e+00
1.302612340279619141e-01 -2.175630894267573723e+00
1.303347326456108790e-01 -2.187432190108451024e+00
1.304082312632598439e-01 -2.199172976536500457e+00
1.304817298809087811e-01 -2.210851805640590584e+00
1.305552284985577183e-01 -2.222467447267550966e+00
1.306287271162066832e-01 -2.234019072161972375e+00
1.307022257338556481e-01 -2.245506381257682094e+00
1.307757243515045853e-01 -2.256929681266198529e+00
1.308492229691535225e-01 -2.268289910507697016e+00
1.309227215868024874e-01 -2.279588621765697098e+00
1.309962202044514523e-01 -2.290827930715897409e+00
1.310697188221003895e-01 -2.302010439388034513e+00
1.311432174397493267e-01 -2.313139144177496220e+00
1.312167160573982916e-01 -2.324217337212880707e+00
1.312902146750472565e-01 -2.335248508506435172e+00
1.313637132926961937e-01 -2.346236254392726650e+00
1.314372119103451308e-01 -2.357184195611868205e+00
1.315107105279940958e-01 -2.368095906470074397e+00
1.315842091456430607e-01 -2.378974854941825257e+00
1.316577077632919979e-01 -2.389824352732363266e+00
1.317312063809409350e-01 -2.400647514175531683e+00
1.318047049985899000e-01 -2.411447223167257903e+00
1.318782036162388649e-01 -2.422226107983117771e+00
1.319517022338878021e-01 -2.432986524290013719e+00
1.320252008515367392e-01 -2.443730547028282629e+00
1.320986994691856764e-01 -2.454459971664961770e+00
1.321721980868346413e-01 -2.465176324894242654e+00
1.322456967044836063e-01 -2.475880884279213490e+00
1.323191953221325434e-01 -2.486574705651163342e+00
1.323926939397814806e-01 -2.497258656598502213e+00
1.324661925574304455e-01 -2.507933453982465366e+00
1.325396911750794104e-01 -2.518599703316912297e+00
1.326131897927283476e-01 -2.529257937806372425e+00
1.326866884103772848e-01 -2.539908654992659720e+00
1.327601870280262497e-01 -2.550552349191399060e+00
1.328336856456752146e-01 -2.561189538292088841e+00
1.329071842633241518e-01 -2.571820783920973241e+00
1.329806828809730890e-01 -2.582446704617552768e+00
1.330541814986220539e-01 -2.593067982202406085e+00
1.331276801162710188e-01 -2.603685362097294842e+00
1.332011787339199560e-01 -2.614299648736501780e+00
1.332746773515688932e-01 -2.624911697311823389e+00
1.333481759692178581e-01 -2.635522403063440322e+00
1.334216745868668230e-01 -2.646132688926565280e+00
1.334951732045157602e-01 -2.656743492064141066e+00
1.335686718221646974e-01 -2.667355749296095979e+00
1.336421704398136623e-01 -2.677970381291370217e+00
1.337156690574626272e-01 -2.688588275201089672e+00
1.337891676751115644e-01 -2.699210265602092207e+00
1.338626662927605016e-01 -2.709837113872980652e+00
1.339361649104094665e-01 -2.720469486539130344e+00
1.340096635280584036e-01 -2.731107933531571774e+00
1.340831621457073686e-01 -2.741752867666823690e+00
1.341566607633563057e-01 -2.752404546793233209e+00
1.342301593810052429e-01 -2.763063060081279332e+00
1.343036579986542078e-01 -2.773728319684163779e+00
1.343771566163031728e-01 -2.784400058648394349e+00
1.344506552339521099e-01 -2.795077835468038785e+00
1.345241538516010471e-01 -2.805761045312427981e+00
1.345976524692500120e-01 -2.816448937460460655e+00
1.346711510868989770e-01 -2.827140638271718132e+00
1.347446497045479141e-01 -2.837835178630756516e+00
1.348181483221968513e-01 -2.848531524596694453e+00
1.348916469398458162e-01 -2.859228609604388183e+00
1.349651455574947811e-01 -2.869925366369955100e+00
1.350386441751437183e-01 -2.880620756409511429e+00
1.351121427927926555e-01 -2.891313795236342798e+00
1.351856414104416204e-01 -2.902003571625375145e+00
1.352591400280905853e-01 -2.912689260108443534e+00
1.353326386457395225e-01 -2.923370126700918448e+00
1.354061372633884597e-01 -2.934045528857515350e+00
1.354796358810374246e-01 -2.944714911299886495e+00
1.355531344986863895e-01 -2.955377799778576176e+00
1.356266331163353267e-01 -2.966033794680212665e+00
1.357001317339842639e-01 -2.976682565954376969e+00
1.357736303516332288e-01 -2.987323850036684547e+00
1.358471289692821937e-01 -2.997957448775522948e+00
1.359206275869311309e-01 -3.008583229644791857e+00
1.359941262045800681e-01 -3.019201126233836519e+00
1.360676248222290330e-01 -3.029811137949950606e+00
1.361411234398779702e-01 -3.040413328045348251e+00
1.362146220575269351e-01 -3.051007819460131998e+00
1.362881206751758723e-01 -3.061594788432554282e+00
1.363616192928248094e-01 -3.072174456128772491e+00
1.364351179104737743e-01 -3.082747078897277504e+00
1.365086165281227393e-01 -3.093312937842766175e+00
1.365821151457716764e-01 -3.103872328482301768e+00
1.366556137634206136e-01 -3.114425551134658576e+00
1.367291123810695785e-01 -3.124972902597669133e+00
1.368026109987185435e-01 -3.135514669436052060e+00
1.368761096163674806e-01 -3.146051123072417965e+00
1.369496082340164178e-01 -3.156582516635477731e+00
1.370231068516653827e-01 -3.167109083422092297e+00
1.370966054693143477e-01 -3.177631036663971287e+00
1.371701040869632848e-01 -3.188148570229886403e+00
1.372436027046122220e-01 -3.198661859859486256e+00
1.373171013222611869e-01 -3.209171064558915987e+00
1.373905999399101518e-01 -3.219676327868416621e+00
