3.63884715	1.1729
3.5879095	1.1602
3.52413227	1.1762
3.46287839	1.2141
3.40964632	1.2647
3.36308692	1.3202
3.34351214	1.3688
3.35910168	1.3897
3.40944072	1.3665
3.50766501	1.302
3.63883633	1.2245
3.74724785	1.1642
3.80279887	1.1275
3.80825861	1.1225
3.76758029	1.1552
3.67054005	1.2201
3.54991068	1.3051
3.45729818	1.3884
3.42744545	1.4262
3.44020443	1.4143
3.48666196	1.3778
3.56373702	1.3205
3.6636269	1.2574
3.75538689	1.1957
3.79517193	1.1635
3.76050175	1.173
3.68258486	1.2238
3.59146262	1.3019
3.51091889	1.382
3.4592581	1.4341
3.43318319	1.4489
3.43010486	1.4374
3.45484518	1.3889
3.50486312	1.3441
3.56741538	1.2934
3.61838513	1.256
3.63470781	1.2448
3.60713055	1.2717
3.56266035	1.3229
3.52365301	1.3796
3.51278777	1.4073
3.51583344	1.4041
3.53519257	1.3719
3.56986709	1.3235
3.60780998	1.2778
3.63789003	1.2325
3.64479945	1.2036
3.61209266	1.2191
3.56182288	1.2603
3.52131704	1.3095
3.50631014	1.3499
3.51539572	1.369
3.53953506	1.3648
3.58075358	1.3362
3.63969204	1.2899
3.70192532	1.2332
3.72009127	1.1988
3.68384082	1.2012
3.61201204	1.2514
3.53709203	1.3443
3.4746555	1.4336
3.43814749	1.4899
3.43094961	1.5048
3.46113268	1.487
3.52564636	1.4436
3.62479761	1.3762
3.75113637	1.2931
3.85102068	1.2193
3.89352864	1.1685
3.85442716	1.1596
3.75539005	1.2092
3.6477269	1.2902
3.55275298	1.3806
3.48757215	1.4554
3.46468297	1.4964
3.48422317	1.496
3.52542634	1.4559
3.59111655	1.3879
3.66827516	1.3091
3.70119862	1.245
3.68317353	1.2006
3.63168811	1.1904
3.58587643	1.2197
3.57026278	1.2629
3.55842413	1.2928
3.54455111	1.3117
3.55315342	1.3193
3.5922668	1.3204
3.64990484	1.3222
3.69726549	1.3247
3.70481393	1.3372
3.67050844	1.3635
3.60620972	1.394
3.54412055	1.418
3.50966585	1.4211
3.50143999	1.4114
3.50901327	1.4107
3.52828729	1.4004
3.56262137	1.3669
3.5970623	1.3254
3.61528667	1.3056
3.61221023	1.3108
3.56491416	1.3478
3.49929031	1.394
3.4384871	1.4326
3.39998224	1.459
3.38037106	1.4849
3.37373126	1.5044
3.37659037	1.4928
3.39183176	1.444
3.42328555	1.3827
3.46034568	1.3417
3.49319714	1.3282
3.52835836	1.3191
3.55046096	1.3135
3.54707062	1.33
3.52265811	1.3779
3.4926622	1.4278
3.4791007	1.4456
3.49249157	1.4178
3.52422609	1.37
3.56361117	1.3249
3.60445834	1.2917
3.65419288	1.2527
3.69574229	1.2142
3.6890106	1.1934
3.6239296	1.205
3.547201	1.2347
3.49170735	1.2718
3.47053583	1.2902
3.47164641	1.3135
3.492772	1.324
3.53473095	1.3262
3.59831168	1.3184
3.66463027	1.3053
3.70077289	1.2921
3.67950978	1.2825
3.6288183	1.2784
3.58673068	1.2882
3.56964267	1.2963
3.56434535	1.305
3.56737334	1.3116
3.59105339	1.2943
3.62256012	1.2697
3.65834873	1.2443
3.65394062	1.2409
3.62903536	1.2471
3.59980659	1.2503
3.57429198	1.2696
3.54427325	1.2972
3.51055138	1.3239
3.48787173	1.3234
3.49818387	1.2912
3.53577023	1.2503
3.57214099	1.221
3.58773394	1.2188
3.57958586	1.2262
3.56828801	1.2331
3.55381269	1.2653
3.52859001	1.3371
3.49497557	1.4172
3.47387366	1.4541
3.48150188	1.4365
3.50791195	1.3904
3.54544365	1.3354
3.5843691	1.2823
3.63033269	1.2224
3.66029224	1.1784
3.64490027	1.1743
3.58466161	1.2024
3.51216695	1.2618
3.46338399	1.3322
3.44332735	1.3787
3.43623318	1.4133
3.42374242	1.4541
3.42766777	1.4827
3.46932206	1.4669
3.54663235	1.41
3.610372	1.3477
3.62562875	1.3086
3.59597414	1.2878
3.55958345	1.2812
3.54063722	1.2791
3.51898769	1.2837
3.49572332	1.3087
3.47427276	1.3415
3.48562343	1.3623
3.51692817	1.3714
3.55535853	1.3564
3.5806723	1.3418
3.56630145	1.3353
3.54024526	1.3297
3.51597667	1.3306
3.5096549	1.3192
3.50655411	1.3068
3.5134803	1.2913
3.54498205	1.259
3.60461749	1.217
3.66550738	1.1853
3.70375109	1.1791
3.72084571	1.1791
3.71069808	1.1976
3.70132736	1.223
3.68495731	1.2477
3.65980939	1.2645
3.62472668	1.2788
3.6058717	1.2692
3.60602224	1.256
3.63066403	1.2429
3.66984513	1.2279
3.71126062	1.2077
3.74502336	1.1925
3.75961697	1.1822
3.73278105	1.1969
3.6867815	1.2162
3.63983203	1.2147
3.60215879	1.198
3.56682178	1.1816
3.53958731	1.1862
3.52844346	1.1921
3.5545923	1.184
3.61567801	1.16
3.67326509	1.167
3.70503374	1.1891
3.70003354	1.22
3.68236147	1.238
3.64932515	1.2529
3.60787362	1.2651
3.56599701	1.2872
3.53730272	1.2941
3.51867327	1.2825
3.52318323	1.2549
3.54852106	1.2224
3.58043772	1.2105
3.607334	1.2
3.63171897	1.1942
3.63296727	1.2021
3.59260335	1.2347
3.54277895	1.2843
3.52018452	1.3127
3.52993606	1.3029
3.55236165	1.2685
3.56812332	1.2357
3.59547416	1.1994
3.6463759	1.1698
3.70069753	1.1422
3.69343786	1.1309
3.62336482	1.1491
3.54201221	1.2094
3.50352671	1.2769
3.51296526	1.3147
3.53709954	1.3195
3.55664106	1.2994
3.57101203	1.2668
3.59325997	1.2374
3.64362811	1.2171
3.68641325	1.2067
3.6867321	1.2208
3.60913504	1.2604
3.50292926	1.3269
3.43018676	1.3828
3.40459947	1.4156
3.41713468	1.4108
3.44522932	1.3717
3.48230875	1.2987
3.54219853	1.2129
3.62720908	1.1348
3.69336319	1.0965
3.70229635	1.1004
3.64366141	1.1418
3.55668872	1.2252
3.48570087	1.3257
3.44247668	1.4107
3.42367347	1.4631
3.42792562	1.4939
3.45645958	1.4906
3.52200857	1.4277
3.6187848	1.3326
3.69872651	1.241
3.71765216	1.179
3.70531512	1.1578
3.67478323	1.172
3.63022637	1.2057
3.5540591	1.2511
3.48905789	1.3005
3.47548959	1.3331
3.50735725	1.3373
3.58836522	1.3141
3.66334522	1.286
3.69256221	1.2655
3.68063084	1.2612
3.6584902	1.2668
3.64127213	1.2771
3.61124377	1.2753
3.57268579	1.2637
3.54158416	1.2423
3.51994685	1.2073
3.54238485	1.1729
3.60520674	1.158
3.67283078	1.1601
3.68716644	1.202
3.67054725	1.2629
3.63755136	1.338
3.60486931	1.4098
3.57264372	1.4465
3.54423257	1.4362
3.53691131	1.385
3.57725688	1.2977
3.66662258	1.2095
3.74809732	1.1324
3.77300603	1.0849
3.76462548	1.0801
3.74093378	1.1385
3.68911641	1.2357
3.60909072	1.3448
3.52699248	1.451
3.48209061	1.5205
3.47820726	1.552
3.50909223	1.5306
3.56413113	1.4623
3.6289827	1.3627
3.6596124	1.2653
3.6771836	1.1852
3.68380867	1.1503
3.67420722	1.1854
3.62237805	1.2689
3.54551324	1.3623
3.46724109	1.4392
3.41375203	1.4801
3.40383243	1.4748
3.42037613	1.4426
3.45643802	1.3788
3.48905094	1.2922
3.50026346	1.205
3.49747358	1.1407
3.49459367	1.1238
3.49668475	1.1601
3.48315229	1.2233
3.46310532	1.2904
3.45377246	1.3593
3.46932188	1.4291
3.50768293	1.4611
3.55179328	1.4505
3.59878121	1.4128
3.63415178	1.3911
3.66045964	1.3711
3.67398402	1.3495
3.6435421	1.3237
3.57729536	1.2969
3.50907414	1.292
3.47332625	1.3157
3.47888544	1.3531
3.50839304	1.3761
3.54566489	1.3876
3.57207491	1.3985
3.59512301	1.4246
3.61797997	1.4505
3.64603503	1.4589
3.64902322	1.4552
3.61043403	1.4503
3.54934175	1.4509
3.49764327	1.4568
3.48032323	1.4532
3.48251268	1.4362
3.49954651	1.4209
3.52040147	1.406
3.55697091	1.3905
3.60651119	1.3791
3.6360092	1.376
3.62080751	1.3851
3.56338198	1.4062
3.48895969	1.4367
3.42258811	1.4539
3.38054487	1.4471
3.3598061	1.4245
3.37230591	1.3956
3.40975847	1.3622
3.47420612	1.3215
3.56630997	1.2846
3.66245315	1.276
3.74505489	1.2984
3.77084257	1.3509
3.72989447	1.4211
3.67282753	1.4563
3.63220028	1.4726
3.61734036	1.469
3.61574606	1.45
3.61290486	1.4151
3.62881128	1.3608
3.64747631	1.3051
3.66340903	1.2727
3.66175635	1.2687
3.64138691	1.2812
3.61084925	1.3065
3.59007922	1.3206
3.5705117	1.3293
3.55856941	1.3276
3.57440846	1.3164
3.60895049	1.3039
3.65744458	1.2898
3.66980909	1.2823
3.62408445	1.3079
3.5553948	1.3694
3.49075057	1.4691
3.46315735	1.5517
3.46744734	1.5996
3.48277619	1.6039
3.50621208	1.5695
3.54067534	1.5059
3.59670078	1.4142
3.66290772	1.3164
3.70302137	1.2208
3.67896958	1.173
3.59638304	1.1982
3.50033596	1.2735
3.44197775	1.3639
3.42907399	1.4253
3.44109503	1.4607
3.46949736	1.4854
3.53531419	1.4791
3.63040617	1.4405
3.7483038	1.3635
3.8409684	1.2881
3.88163022	1.2471
3.83498118	1.2674
3.73232367	1.3244
3.62814802	1.3909
3.54678806	1.4504
3.5020668	1.4898
3.49299739	1.5031
3.53078943	1.4864
3.59489957	1.4442
3.67453722	1.3744
3.75167667	1.2942
3.79003789	1.2414
3.76645653	1.2319
3.68638547	1.2615
3.60080729	1.3098
3.52525163	1.3644
3.47726299	1.411
3.46000887	1.43
3.469171	1.416
3.51967166	1.3543
3.59880811	1.2871
3.67883913	1.2315
3.72303697	1.1927
3.7064352	1.176
3.65737751	1.1764
3.59397205	1.2011
3.5257763	1.2557
3.47447843	1.3182
3.43966821	1.3618
3.43729329	1.3775
3.46408768	1.366
3.51536284	1.3413
3.57027961	1.3201
3.60207736	1.3137
3.61320167	1.3204
3.62565744	1.3346
3.63572604	1.3473
3.61842215	1.3753
3.58597285	1.408
3.56978626	1.4277
3.57911717	1.4374
3.59616841	1.4125
3.59661252	1.3672
3.58928537	1.3181
3.58600706	1.2905
3.59551335	1.2797
3.59970394	1.2853
3.57740249	1.3134
3.5450128	1.3487
3.53148792	1.3775
3.55687745	1.3873
3.60360065	1.3771
3.65475223	1.3429
3.71130042	1.284
3.77499125	1.2142
3.81821108	1.1617
3.82480394	1.139
3.79089019	1.1493
3.73840469	1.1888
3.68251255	1.2297
3.60822415	1.2815
3.53757615	1.3241
3.49662862	1.3425
3.49837218	1.3221
3.53329812	1.2783
3.56006508	1.2223
3.54306346	1.1675
3.51171561	1.1198
3.48845036	1.1029
3.49352514	1.1147
3.50125616	1.1435
3.49017978	1.1759
3.47189794	1.1875
3.4670008	1.1832
3.49635983	1.1639
3.55329395	1.1281
3.61408996	1.0857
3.65609286	1.0329
3.65196825	1.0017
3.60984741	0.995
3.57207293	1.0096
3.54953612	1.0332
3.54222698	1.045
3.53133335	1.0509
3.54564368	1.0393
3.58397628	1.0114
3.65157143	0.9686
3.71453548	0.9269
3.75948477	0.8964
3.77571731	0.9024
3.74679495	0.9416
3.69351112	1.0067
3.6447265	1.0702
3.60285576	1.1248
3.57661049	1.1641
3.56544889	1.1898
3.57794706	1.2056
3.61590227	1.2093
3.66847393	1.1965
3.73228189	1.1689
3.77155086	1.1449
3.7534623	1.139
3.67368235	1.1573
3.55716759	1.1859
3.45394168	1.2023
3.3936785	1.2042
3.38014032	1.1908
3.40041076	1.1682
3.44044888	1.137
3.51216474	1.097
3.61524	1.0731
3.71449207	1.0697
3.75208472	1.097
3.72553565	1.1479
3.66597403	1.2043
3.62079288	1.2529
3.60114926	1.2872
3.58405924	1.3085
3.5629109	1.3036
3.54056686	1.2748
3.53957657	1.227
3.55941202	1.1797
3.58878814	1.1512
3.59079797	1.1543
3.54957264	1.1745
3.5078138	1.198
3.47408253	1.2298
3.45200546	1.2636
3.4258404	1.2892
3.39226671	1.3066
3.37956346	1.298
3.38406081	1.2884
3.39698816	1.2747
3.40933924	1.2659
3.41787802	1.2756
3.41400016	1.2937
3.40633703	1.3112
3.39089004	1.3288
3.35913964	1.345
3.32868019	1.3547
3.32081268	1.359
3.33416297	1.3596
3.34473815	1.356
3.34128028	1.3562
3.33603182	1.3524
3.33755905	1.3597
3.34117784	1.3697
3.33943567	1.3908
3.33494353	1.4146
3.33460114	1.4464
3.34987016	1.4659
3.37581853	1.4733
3.41604959	1.4552
3.46589278	1.4257
3.51308902	1.4068
3.52889114	1.3897
3.52011639	1.3675
3.50717069	1.3561
3.49851119	1.3523
3.46449302	1.3797
3.4163026	1.4178
3.37495013	1.4515
3.36531375	1.4532
3.37380925	1.4449
3.39137204	1.4416
3.40137537	1.4514
3.40570414	1.4492
3.41456077	1.4341
3.42333473	1.4217
3.42784831	1.4165
3.42043729	1.4219
3.40697299	1.4179
3.39282009	1.4191
3.39098873	1.4077
3.40001274	1.3904
3.41118003	1.3802
3.42686219	1.3679
3.45940645	1.349
3.48987725	1.3372
3.50760335	1.3443
3.4993748	1.3754
3.4813343	1.4112
3.45820669	1.441
3.42866265	1.4733
3.41221864	1.4946
3.4099089	1.4925
3.42254122	1.4718
3.44638907	1.4344
3.47969989	1.401
3.51689866	1.3808
3.55111242	1.3648
3.58706391	1.3458
3.60870106	1.3373
3.59808307	1.3424
3.56075069	1.3679
3.51227199	1.411
3.48412348	1.4402
3.46874035	1.4469
3.45312366	1.4382
3.43811894	1.4197
3.43613911	1.3868
3.46706053	1.3465
3.50730598	1.3204
3.51902942	1.3307
3.49028102	1.3742
3.44723682	1.4285
3.42024799	1.4735
3.41460959	1.4909
3.41251722	1.4962
3.40037802	1.4845
3.38711545	1.4461
3.38615205	1.3835
3.41840536	1.3074
3.4696953	1.2544
3.48858088	1.2399
3.44747958	1.2674
3.38429829	1.3333
3.35297178	1.4047
3.35896146	1.4632
3.36536224	1.5024
3.36601982	1.5216
3.36401405	1.5222
3.3903264	1.4922
3.46117726	1.4368
3.54947429	1.3716
3.59548178	1.3352
3.59862382	1.3252
3.59707275	1.3246
3.59936416	1.3402
3.60472545	1.3686
3.58814529	1.3925
3.54980634	1.4021
3.52417028	1.3989
3.53899779	1.378
3.57315512	1.3662
3.5960397	1.357
3.58843202	1.3614
3.56315834	1.3835
3.5383299	1.4111
3.51367252	1.4348
3.48073028	1.4374
3.44015504	1.4216
3.40946039	1.4073
3.40387141	1.3901
3.41803174	1.3718
3.42981426	1.355
3.43519347	1.3575
3.45121233	1.379
3.4781864	1.4201
3.50000371	1.455
3.50297934	1.4798
3.49216649	1.4955
3.47679022	1.5103
3.46413334	1.5178
3.46424776	1.4936
3.46498143	1.4526
3.45734764	1.4152
3.44727595	1.3915
3.44584284	1.3752
3.44906945	1.3702
3.46417246	1.3793
3.49881726	1.3827
3.53458677	1.3845
3.56539196	1.3711
3.56500661	1.3639
3.57745775	1.3565
3.63029785	1.3465
3.69054346	1.351
3.71012741	1.3522
3.69616275	1.3558
3.67599331	1.3646
3.66019014	1.3838
3.65751421	1.4129
3.64831797	1.4311
3.63404461	1.4385
3.62091227	1.4338
3.61304345	1.4311
3.62468693	1.4184
3.63232718	1.404
3.62124515	1.3786
3.60530276	1.3539
3.5737436	1.3302
3.54003081	1.3089
3.51787049	1.2884
3.51218993	1.2784
3.51540981	1.2963
3.52149418	1.3286
3.53628172	1.3647
3.5558645	1.3937
3.57409427	1.4107
3.57991266	1.4183
3.58114173	1.4007
3.56949813	1.3759
3.55227768	1.3517
3.53610302	1.3278
3.52654096	1.3035
3.51358753	1.2716
3.48883704	1.2549
3.4561176	1.2606
3.42294541	1.2778
3.40565545	1.2931
3.42178932	1.3048
3.46776091	1.3193
3.52246284	1.3526
3.55542441	1.3782
3.5651081	1.3784
3.56479054	1.3508
3.56964259	1.3109
3.57024628	1.2565
3.54748416	1.2145
3.50497118	1.1749
3.45840967	1.1378
3.42474434	1.1185
3.40461737	1.1321
3.40031983	1.17
3.39413883	1.222
3.38878654	1.2614
3.38109	1.2947
3.36797893	1.334
3.35684093	1.3739
3.36095221	1.3853
3.37643754	1.3608
3.39347997	1.3288
3.40991973	1.2909
3.42047695	1.2525
3.42608949	1.2181
3.44189126	1.1909
3.46999292	1.1828
3.48493558	1.1997
3.48047656	1.221
3.46219949	1.2481
3.43802145	1.273
3.4147172	1.3155
3.40286006	1.3544
3.40208696	1.3816
3.39879535	1.3879
3.4030343	1.3725
3.41298256	1.3473
3.42474938	1.3279
3.44921176	1.3114
3.4858161	1.2904
3.5186704	1.2624
3.54237638	1.2326
3.55650067	1.2392
3.55937261	1.2777
3.5280993	1.3282
3.47941344	1.3607
3.44354722	1.3773
3.41401508	1.4006
3.38554915	1.421
3.36065513	1.427
3.34406003	1.4267
3.34412962	1.4048
3.36012494	1.3881
3.40252386	1.3709
3.4452982	1.3661
3.46596815	1.3545
3.45697722	1.3492
3.43693796	1.3423
3.42353573	1.3316
3.40999146	1.3086
3.39571754	1.2737
3.38643791	1.2338
3.38763319	1.2012
3.40231994	1.1856
3.4162264	1.1958
3.43930536	1.2195
3.47049347	1.25
3.49254621	1.2767
3.48870832	1.3085
3.45476635	1.3492
3.42994727	1.3801
3.42370777	1.3839
3.41549362	1.3762
3.3989546	1.3654
3.37204485	1.3659
3.34161767	1.3525
3.33554657	1.3227
3.35487159	1.2842
3.39966125	1.2567
3.43824934	1.2532
3.44606449	1.2628
3.44582006	1.2848
3.44213334	1.3247
3.43788767	1.377
3.42430444	1.4277
3.40305391	1.4494
3.38556914	1.4446
3.39325316	1.4137
3.41222069	1.3708
3.42652064	1.3211
3.41727601	1.2745
3.38543316	1.2358
3.35372634	1.2101
3.33605947	1.208
3.32553352	1.2495
3.30343157	1.3358
3.28696573	1.4359
3.2884566	1.4888
3.30632302	1.4782
3.33550625	1.4397
3.35279272	1.4017
3.34799336	1.3796
3.33829101	1.3689
3.33211529	1.3435
3.32200466	1.3294
3.3072688	1.3546
3.29559064	1.4131
3.29313697	1.4689
3.29693338	1.4932
3.31638979	1.4782
3.35372606	1.4394
3.40254609	1.4097
3.45825161	1.3883
3.5123249	1.3591
3.53669731	1.3348
3.53024925	1.3491
3.51305803	1.4045
3.48767283	1.4737
3.46050473	1.5198
3.43291432	1.5244
3.40780408	1.5093
3.39367232	1.473
3.42088921	1.3992
3.47498904	1.3174
3.50053221	1.2375
3.46343762	1.192
3.39703754	1.1937
3.35557995	1.2371
3.35747625	1.3039
3.36849185	1.3769
3.36490926	1.4385
3.35624185	1.4989
3.36798444	1.541
3.41131644	1.5499
3.46398957	1.5284
3.49748424	1.4969
3.49010078	1.4639
3.45098193	1.4307
3.41037263	1.3992
3.38171924	1.3769
3.35278821	1.3596
3.31823384	1.3464
3.2871849	1.3476
3.28714295	1.3587
3.32346982	1.3604
3.37704157	1.356
3.42148278	1.3666
3.44176905	1.3914
3.44580118	1.4382
3.44380142	1.4913
3.43198385	1.5279
3.40670475	1.5332
3.37835663	1.5101
3.3623419	1.4619
3.37494036	1.3923
3.42938899	1.2951
3.50258355	1.2171
3.54394572	1.1701
3.52616093	1.1749
3.49039053	1.2204
3.45661676	1.3061
3.43079942	1.4198
3.39389472	1.5074
3.35691669	1.5465
3.33714733	1.5419
3.33507628	1.5335
3.35896246	1.5109
3.40642644	1.4679
3.45957326	1.3983
3.47727485	1.3146
3.45092773	1.2467
3.4037295	1.205
3.34957214	1.2093
3.30074116	1.2689
3.27513792	1.3558
3.2683918	1.4506
3.2801228	1.5162
3.3080953	1.5574
3.33164222	1.5767
3.36342981	1.5775
3.39926809	1.547
3.43100194	1.4944
3.44916113	1.4485
3.43945791	1.4242
3.39561466	1.4344
3.34435826	1.47
3.31143836	1.5025
3.3054594	1.5339
3.31436911	1.5343
3.32634737	1.5208
3.34771614	1.4928
3.38525899	1.4603
3.44926763	1.4169
3.53735622	1.3671
3.6093165	1.336
3.63056732	1.328
3.60302973	1.3625
3.56526706	1.4322
3.54266272	1.4836
3.52714013	1.499
3.51419032	1.4709
3.49283579	1.4193
3.46774911	1.3384
3.4571363	1.2637
3.45810519	1.2149
3.46384571	1.1914
3.45294663	1.1997
3.41137568	1.2391
3.3809278	1.3076
3.38201815	1.3736
3.40319075	1.4319
3.42503183	1.4713
3.45283332	1.4883
3.48160385	1.4756
3.50490905	1.4319
3.51348703	1.3924
3.50975819	1.3557
3.48169353	1.3357
3.43170176	1.3424
3.36614152	1.357
3.30686007	1.3741
3.27203752	1.3824
3.26973077	1.3733
3.30138222	1.3494
3.35997096	1.3211
3.42615925	1.2843
3.48454	1.2513
3.52770444	1.2312
3.54936583	1.235
3.53187342	1.2738
3.4913931	1.3391
3.44952629	1.3998
3.42300894	1.4343
3.41375979	1.4342
3.42230731	1.389
3.45651357	1.3201
3.50918846	1.2442
3.56245997	1.1682
3.57920019	1.1139
3.56450522	1.1027
3.53652884	1.1477
3.51373612	1.225
3.491309	1.2861
3.4604949	1.3284
3.42907169	1.3646
3.4176397	1.4016
3.44654563	1.4188
3.50793557	1.3997
3.56421468	1.3608
3.58173414	1.3214
3.56380122	1.3051
3.53037617	1.3154
3.49748962	1.3374
3.4573082	1.3495
3.40635923	1.3531
3.35551449	1.3607
3.34148784	1.3655
3.36931191	1.3601
3.42026379	1.3376
3.46741711	1.3064
3.49175263	1.3014
3.5020345	1.3105
3.50551349	1.3319
3.49066506	1.3572
3.447738	1.387
3.39272034	1.4186
3.34530134	1.43
3.32761561	1.4063
3.33688742	1.3488
3.36348159	1.2793
3.3914046	1.2308
3.41884778	1.2202
3.45579482	1.24
3.49141078	1.2917
3.50979731	1.3613
3.5053621	1.4369
3.4818212	1.5017
3.4664482	1.5315
3.46735402	1.512
3.48606011	1.4511
3.515184	1.3581
3.53191424	1.2594
3.53737883	1.1709
3.54750736	1.1054
3.54670603	1.0811
3.51538044	1.0886
3.45566784	1.1254
3.40107317	1.1777
3.38238306	1.2296
3.41762269	1.2685
3.48028365	1.303
3.54100243	1.3351
3.56852717	1.357
3.5851618	1.3437
3.60553817	1.296
3.62877477	1.2445
3.61355896	1.2063
3.54617804	1.1863
3.46913882	1.172
3.41529128	1.1755
3.41117066	1.1907
3.44480755	1.2145
3.46907409	1.2524
3.4728336	1.2819
3.47038295	1.2834
3.48174285	1.2707
3.50809413	1.2606
3.51969965	1.2684
3.49912266	1.2845
3.45857234	1.2857
3.42671527	1.2638
3.41393724	1.2446
3.4247488	1.2404
3.44963565	1.2321
3.49374266	1.2043
3.53010177	1.1686
3.53306912	1.1477
3.48982781	1.156
3.426913	1.1808
3.38671254	1.2074
3.37642072	1.2197
3.37356184	1.2254
3.35043609	1.2504
3.33958915	1.2723
3.36022706	1.2814
3.41434496	1.2756
3.50076032	1.2602
3.58035773	1.2471
3.63177945	1.2361
3.64962476	1.2083
3.62184873	1.1778
3.55960172	1.1479
3.49656828	1.1172
3.45301943	1.1031
3.42890585	1.096
3.4001927	1.0866
3.37493832	1.086
3.38465568	1.09
3.42858578	1.1078
3.46682579	1.1382
3.4713791	1.1829
3.44898084	1.2374
3.43194958	1.2683
3.43498743	1.2631
3.43388196	1.2457
3.41028078	1.2222
3.36146238	1.1999
3.31681311	1.1567
3.28128619	1.1131
3.27126777	1.083
3.26919639	1.0643
3.27963634	1.0593
3.32421703	1.0756
3.39019571	1.1188
3.44270545	1.1675
3.45938001	1.2109
3.45838107	1.2387
3.47267622	1.2385
3.50082169	1.2137
3.51531087	1.1843
3.50398905	1.1692
3.48883884	1.1557
3.4899675	1.1392
3.50664781	1.1329
3.50813546	1.1393
3.48089575	1.1508
3.4492693	1.1656
3.43798316	1.1829
3.43878123	1.202
3.44772214	1.2287
3.47460639	1.2464
3.52042845	1.2604
3.56992301	1.2568
3.60125357	1.2493
3.58399211	1.2595
3.54502132	1.2871
3.51839748	1.3132
3.50916823	1.3267
3.49297092	1.3389
3.46687269	1.3441
3.44710014	1.33
3.46797838	1.2797
3.52500489	1.2138
3.60300849	1.1484
3.6717488	1.0981
3.70648569	1.0673
3.73376858	1.0648
3.74313191	1.0863
3.70580311	1.1405
3.62888804	1.2263
3.54396527	1.3125
3.49677732	1.3628
3.48325645	1.377
3.51236239	1.3498
3.56508166	1.3044
3.61702453	1.2497
3.65235338	1.1891
3.66219053	1.1494
3.64199873	1.1423
3.61496976	1.1576
3.55227459	1.1871
3.48757362	1.2272
3.43199466	1.2913
3.40434081	1.3683
3.41504957	1.4321
3.44177211	1.4724
3.47011497	1.476
3.47789836	1.4636
3.46489019	1.4451
3.44194321	1.4217
3.42094491	1.3969
3.4028679	1.3685
3.38118172	1.3408
3.3511522	1.3218
3.3450126	1.3119
3.37825799	1.3011
3.43551634	1.2945
3.49369781	1.2841
3.52483935	1.2803
3.53045178	1.2979
3.5376249	1.3208
3.5556714	1.3378
3.58182786	1.3259
3.59343835	1.2898
3.59625942	1.2506
3.58328841	1.2237
3.57599017	1.187
3.57893487	1.1531
3.57171621	1.1439
3.54293972	1.1666
3.50840555	1.2008
3.48562657	1.2379
3.45995277	1.2711
3.449283	1.2889
3.45736657	1.2924
3.48347699	1.267
3.51328473	1.2228
3.51936959	1.1667
3.49661965	1.1301
3.4695611	1.122
3.44722832	1.1555
3.43981174	1.2138
3.43032683	1.2652
3.41418059	1.2911
3.40069223	1.2952
3.39582611	1.2943
3.41214503	1.286
3.43209813	1.2685
3.46444973	1.2371
3.5065376	1.2094
3.54866102	1.1981
3.5567583	1.2171
3.52845886	1.2514
3.48294782	1.2903
3.44039479	1.3221
3.40587157	1.3765
3.39410856	1.4476
3.40855105	1.5015
3.44422137	1.499
3.49163161	1.4427
3.54203452	1.3639
3.58154732	1.2886
3.61573558	1.247
3.64737022	1.2254
3.6717099	1.2172
3.65880507	1.2034
3.60751946	1.206
3.54337209	1.2336
3.52136177	1.2842
3.51971924	1.332
3.51178831	1.3687
3.4963867	1.3871
3.46912193	1.4014
3.43908703	1.402
3.41869662	1.3953
3.41701053	1.3731
3.41853347	1.3548
3.39948871	1.3586
3.36222011	1.3601
3.31959105	1.3616
3.30595219	1.3722
3.31772804	1.3916
3.33924272	1.4214
3.37665057	1.4427
3.42409171	1.4453
3.4794597	1.4213
3.53700497	1.3787
3.58343988	1.3483
3.59520473	1.3343
3.57063214	1.3177
3.52857965	1.305
3.47814731	1.2971
3.42429289	1.2827
3.38941918	1.2676
3.39024335	1.2392
3.41553185	1.2022
3.4504754	1.15
3.48930248	1.1027
3.53194873	1.0842
3.56533271	1.1045
3.56303046	1.1625
3.50415571	1.2269
3.42439823	1.2889
3.34646483	1.3386
3.28531872	1.3367
3.23489336	1.3107
3.20088092	1.28
3.19104996	1.2617
3.21123854	1.2556
3.26755966	1.2647
3.3380995	1.2811
3.39268408	1.2906
3.42518494	1.2986
3.45600814	1.3084
3.48504754	1.3227
3.50429512	1.3431
3.50221555	1.3666
3.49443485	1.3886
3.48264273	1.4004
3.47561612	1.4081
3.48101463	1.4191
3.49213579	1.4212
3.49339405	1.4103
3.4981873	1.3723
3.514432	1.3254
3.52869065	1.2827
3.53996167	1.2511
3.53691737	1.2206
3.52477312	1.1888
3.49263758	1.1765
3.45044741	1.1958
3.41968362	1.2449
3.3982031	1.3134
3.37438764	1.3762
3.3577487	1.415
3.37000349	1.4344
3.41953062	1.4358
3.47737423	1.4192
3.53343667	1.3634
3.58026134	1.2813
3.62326782	1.2061
3.64727632	1.1745
3.64105363	1.2064
3.59749074	1.2711
3.53620394	1.3445
3.47292623	1.4272
3.4328838	1.4955
3.42629122	1.5363
3.43664502	1.5389
3.45663698	1.4907
3.47762507	1.4244
3.49449392	1.3395
3.51859661	1.2711
3.53228603	1.2306
3.51850581	1.221
3.47196261	1.2505
3.41803011	1.2945
3.35470381	1.339
3.30833391	1.3689
3.29242198	1.3712
3.31793771	1.3772
3.38539889	1.388
3.47705404	1.3912
3.57161732	1.359
3.64555321	1.305
3.68092704	1.2635
3.67644024	1.2552
3.64786433	1.2742
3.59881949	1.3034
3.53466533	1.3224
3.47112023	1.3375
3.42151053	1.3528
3.38979363	1.3556
3.38774521	1.347
3.40505088	1.3414
3.41898138	1.3267
3.43135555	1.3222
3.44910333	1.3101
3.48158237	1.3001
3.52254161	1.2891
3.55669824	1.2905
3.55364922	1.3052
3.52037439	1.3176
3.46582308	1.3267
3.40007832	1.334
3.3472434	1.3454
3.32343983	1.3602
3.3186719	1.3852
3.33407229	1.4168
3.36185364	1.4512
3.38671322	1.4526
3.41053375	1.4187
3.43577461	1.3543
3.45699513	1.298
3.47526231	1.2583
3.4771337	1.2361
3.45861809	1.2281
3.42552761	1.2409
3.38764672	1.2598
3.35112903	1.3061
3.32013806	1.3602
3.30461373	1.4026
3.31663583	1.4185
3.34301534	1.4051
3.38646273	1.3683
3.43942505	1.3184
3.48438164	1.2761
3.48925588	1.2506
3.43986609	1.2517
3.3705836	1.2766
3.31383789	1.3115
3.28185988	1.3517
3.27444269	1.4026
3.28998708	1.4585
3.31577612	1.5034
3.34722048	1.511
3.38426833	1.4701
3.44078173	1.3946
3.49686709	1.3352
3.51284368	1.3201
3.47924963	1.3379
3.42721814	1.3559
3.399885	1.352
3.38750546	1.3625
3.38455224	1.3864
3.40114632	1.4007
3.45123092	1.3898
3.52664343	1.3468
3.59837056	1.2846
3.61777837	1.2385
3.58465675	1.2315
3.55318994	1.2562
3.52324917	1.2779
3.46277139	1.3051
3.3905172	1.3413
3.34428414	1.3832
3.34498775	1.4039
3.3959264	1.3849
3.47484265	1.3225
3.53795321	1.2571
3.56390608	1.2163
3.56345389	1.203
3.54674079	1.2143
3.50033924	1.2489
3.43806252	1.2963
3.39065266	1.3546
3.37432268	1.3999
3.38806226	1.4213
3.42750538	1.403
3.47483607	1.3469
3.50839818	1.2716
3.53684596	1.2027
3.5811569	1.1568
3.61471204	1.1459
3.61623272	1.1479
3.60113235	1.1554
3.58786289	1.189
3.5783593	1.2567
3.56563471	1.3406
3.55048187	1.4056
3.53805011	1.432
3.53692039	1.4027
3.53627978	1.3345
3.52774053	1.2642
3.50019591	1.2253
3.47280778	1.2175
3.47169236	1.2133
3.49262851	1.2045
3.5114322	1.1891
3.50662352	1.2022
3.49276443	1.2221
3.48250574	1.2495
3.49278798	1.2543
3.50065915	1.2336
3.48237877	1.2091
3.43976998	1.2106
3.41524653	1.2289
3.43142154	1.2456
3.46312791	1.242
3.48053117	1.226
3.49458761	1.2153
3.52941299	1.2216
3.58872433	1.2271
3.66890456	1.2023
3.73879979	1.1506
3.76205283	1.1014
3.7418381	1.0725
3.68080453	1.0682
3.59217171	1.0884
3.48047665	1.1136
3.37818948	1.1476
3.30788775	1.1917
3.27981713	1.2212
3.29446765	1.2333
3.34783174	1.2131
3.41469855	1.1787
3.47268369	1.141
3.52133828	1.139
3.55357892	1.187
3.54700583	1.2646
3.49555219	1.3422
3.42255844	1.395
3.36932323	1.4151
3.34609587	1.4266
3.34621071	1.4393
3.34629977	1.4335
3.34693659	1.385
3.36697395	1.3077
3.42205581	1.2293
3.49253601	1.1865
3.51583103	1.1825
3.47142924	1.2049
3.39244792	1.2321
3.3030865	1.2758
3.23919559	1.3287
3.21911746	1.3688
3.2242659	1.3996
3.24848865	1.4112
3.2962962	1.3713
3.37944068	1.2968
3.47079853	1.2203
3.55422882	1.179
3.60193509	1.1806
3.59100361	1.2044
3.53236038	1.2238
3.44971753	1.2572
3.379827	1.2984
3.3474761	1.3511
3.35745081	1.3747
3.38913528	1.3656
3.4194474	1.3308
3.44354608	1.2872
3.47442997	1.2694
3.50966873	1.2746
3.54684171	1.2987
3.55424964	1.3339
3.50989023	1.3635
3.44291174	1.3769
3.40252337	1.368
3.40196985	1.3432
3.42209664	1.3112
3.44662201	1.2622
3.45786751	1.2061
3.47281604	1.1601
3.51605628	1.147
3.56808507	1.1787
3.57056187	1.2473
3.51547635	1.3274
3.46184209	1.3767
3.42556752	1.4102
3.40952203	1.4335
3.39661576	1.4494
3.38874366	1.4265
3.39816836	1.3568
3.44055315	1.2667
3.48587858	1.2019
3.49712522	1.1833
3.46064424	1.2113
3.41357071	1.2612
3.38027521	1.3158
3.35780638	1.374
3.34291698	1.4338
3.34054219	1.4893
3.35934048	1.5187
3.409788	1.498
3.47936589	1.4278
3.55583866	1.3399
3.62105064	1.2702
3.64771547	1.2414
3.62716898	1.2367
3.54744024	1.2571
3.44764508	1.3154
3.38537501	1.3956
3.38718159	1.4462
3.43863927	1.448
3.51670063	1.429
3.59842592	1.3926
3.65774416	1.3591
3.67269493	1.3302
3.66068113	1.3106
3.63122357	1.2913
3.55840345	1.2915
3.47061426	1.3171
3.40357491	1.357
3.37639923	1.3911
3.38327111	1.4007
3.42844361	1.3866
3.50141019	1.3534
3.56540193	1.3337
3.60342379	1.3195
3.6175275	1.2947
3.58578352	1.2716
3.53398871	1.258
3.4698675	1.2743
3.42782968	1.3127
3.41444815	1.3529
3.41513037	1.3891
3.42541813	1.4
3.4581622	1.3874
3.50530621	1.3667
3.55103833	1.3395
3.56869067	1.31
3.54248663	1.2911
3.46555022	1.2979
3.38893813	1.2932
3.33014219	1.2899
3.31437684	1.2769
3.32902959	1.2623
3.37067149	1.2495
3.45148093	1.2276
3.57700789	1.1913
3.70545461	1.1697
3.79792318	1.1756
3.80465654	1.2182
3.72364761	1.2595
3.60764197	1.2768
3.50423082	1.2755
3.41561301	1.2723
3.37271482	1.2705
3.37916001	1.252
3.42819774	1.209
3.49673169	1.1494
3.56567461	1.0882
3.592065	1.0808
3.58555933	1.1132
3.53757471	1.19
3.46053693	1.2707
3.38296654	1.3422
3.32367077	1.4081
3.28165955	1.4566
3.26742422	1.4822
3.2751803	1.4691
3.29729454	1.4079
3.33212787	1.3216
3.37080898	1.2443
3.39443261	1.2137
3.40321688	1.232
3.40425146	1.2792
3.39759247	1.3319
3.3839146	1.3729
3.38180539	1.3971
3.38880155	1.4133
3.41540125	1.4127
3.4350503	1.4154
3.44487542	1.3844
3.43418645	1.3438
3.41051945	1.3114
3.38592318	1.2949
3.3633129	1.2815
3.34330441	1.2716
3.32887892	1.2643
3.34052945	1.253
3.39563276	1.2223
3.47222776	1.1924
3.54706436	1.1711
3.59076699	1.1763
3.61895385	1.1872
3.6087604	1.1997
3.5615127	1.202
3.47634957	1.2193
3.40240705	1.2508
3.36396202	1.303
3.3692014	1.3444
3.41029213	1.3591
3.47124907	1.3418
3.56166863	1.3066
3.65724993	1.2725
3.72436285	1.2423
3.72732649	1.2236
3.68490518	1.211
3.59876081	1.2101
3.48389038	1.2326
3.38529143	1.2717
3.31905888	1.3207
3.30663465	1.3507
3.3276704	1.3541
3.37431197	1.3397
3.43935565	1.3309
3.50387048	1.3242
3.55174591	1.316
3.55978517	1.3114
3.50046072	1.3211
3.41215235	1.3433
3.34887664	1.3663
3.32286004	1.3747
3.32484386	1.3577
3.33617297	1.326
3.3632774	1.2867
3.42330609	1.2414
3.5001936	1.2017
3.57328971	1.1778
3.60743898	1.1863
3.58146984	1.227
3.50647118	1.2876
3.42380601	1.3399
3.36190757	1.3738
3.32285934	1.3818
3.30048709	1.3566
3.30660916	1.3029
3.34613463	1.2413
3.3977331	1.1891
3.44253965	1.1547
3.47681409	1.1575
3.4798562	1.1891
3.45221181	1.257
3.40638328	1.3503
3.36204074	1.4237
3.32867066	1.451
3.30975684	1.4326
3.31583251	1.3888
3.34877789	1.3327
3.38712783	1.2679
3.41398632	1.2044
3.43868935	1.1723
3.45631087	1.1903
3.43215189	1.2549
3.35794972	1.3546
3.29249079	1.4401
3.26060626	1.4841
3.26327399	1.498
3.29683684	1.5021
3.34037202	1.4756
3.38460429	1.4066
3.45083572	1.3107
3.54537101	1.2284
3.60416957	1.1868
3.58854393	1.1778
3.5130993	1.2164
3.42397603	1.2937
3.3619018	1.3839
3.32874795	1.4481
3.31202114	1.4797
3.31229919	1.4836
3.340051	1.459
3.38563336	1.4141
3.44058193	1.3429
3.46182177	1.2708
3.45100953	1.2395
3.43729671	1.2426
3.43047097	1.2776
3.40734927	1.3221
3.37737255	1.3688
3.35858334	1.4231
3.36797278	1.4651
3.39338427	1.4896
3.41974276	1.4847
3.44076037	1.4559
3.45800921	1.4182
3.48491716	1.3915
3.50044245	1.3647
3.48558498	1.3404
3.45272381	1.3145
3.42781012	1.2982
3.42857504	1.293
3.4421306	1.3031
3.45202271	1.3137
3.46449828	1.3243
3.49194214	1.3351
3.51090535	1.3727
3.50421328	1.4087
3.46922392	1.4234
3.42741958	1.4228
3.38695635	1.418
3.35851848	1.4114
3.34569395	1.4061
3.3558332	1.4002
3.3889206	1.3872
3.43301261	1.3764
3.48643479	1.3688
3.54442475	1.3696
3.58055914	1.382
3.57855725	1.4024
3.54282126	1.4232
3.48311446	1.442
3.42620336	1.4542
3.38418323	1.4575
3.34396639	1.4479
3.30867892	1.4319
3.28918663	1.4081
3.30108064	1.3861
3.33234062	1.3727
3.35964439	1.3595
3.37650391	1.3392
3.37585094	1.3258
3.37187782	1.3309
3.37559725	1.3483
3.38808231	1.3715
3.40217728	1.3796
3.40957324	1.3593
3.40660624	1.3218
3.40602492	1.304
3.41402192	1.3052
3.41278165	1.3367
3.39915435	1.3689
3.37369364	1.3922
3.34241622	1.4098
3.3083342	1.4126
3.28054348	1.4028
3.26188995	1.3791
3.26070394	1.3557
3.27865668	1.3561
3.29747406	1.3511
3.30713559	1.3483
3.31279131	1.3463
3.3286967	1.3443
3.33868708	1.3594
3.32509336	1.3843
3.2960071	1.4059
3.26283945	1.4254
3.2445091	1.4426
3.25338019	1.4488
3.26765626	1.4494
3.27605137	1.4197
3.27603597	1.3834
3.26483918	1.35
3.26078226	1.3152
3.27361974	1.2976
3.29097744	1.2936
3.28753479	1.3092
3.26506546	1.3484
3.2438536	1.4086
3.24341541	1.4628
3.26385197	1.4935
3.28692444	1.5014
3.30535212	1.4947
3.31008562	1.4695
3.31660086	1.4373
3.32583322	1.4024
3.33494164	1.3666
3.32674129	1.3445
3.28728869	1.3483
3.2429887	1.3836
3.22540851	1.4324
3.22638169	1.4679
3.22855698	1.4785
3.21759874	1.4658
3.20394669	1.4447
3.19665344	1.4228
3.20063632	1.4025
3.21577605	1.3738
3.23479405	1.3359
3.23694678	1.3103
3.23639028	1.3099
3.25180998	1.3475
3.28438396	1.3952
3.30773691	1.4341
3.30963607	1.4459
3.30490483	1.4378
3.30644278	1.418
3.31697625	1.3819
3.33764224	1.3356
3.34410157	1.2929
3.32379029	1.265
3.29012021	1.2595
3.26025439	1.2759
3.23843718	1.3038
3.21576567	1.3402
3.19439285	1.3725
3.19083705	1.3929
3.20198465	1.3927
3.2215873	1.3779
3.24423187	1.357
3.26036154	1.3377
3.2684973	1.3401
3.27176788	1.3505
3.27702276	1.3663
3.27974113	1.3736
3.27105299	1.3742
3.26637612	1.3829
3.27081363	1.396
3.28209012	1.3946
3.30283412	1.38
3.31909977	1.3722
3.33041346	1.3623
3.33592722	1.3521
3.33722618	1.3429
3.33893498	1.3507
3.33618936	1.3814
3.32546443	1.4223
3.3050003	1.4547
3.28818343	1.4635
3.27243457	1.4604
3.25971148	1.448
3.25888379	1.4218
3.27580492	1.3705
3.29640913	1.3249
3.31349613	1.2917
3.3310132	1.271
3.36379133	1.2753
3.39726255	1.307
3.4172783	1.3534
3.42243213	1.4163
3.41538974	1.4732
3.40822649	1.504
3.41066775	1.5008
3.42164308	1.4909
3.43563708	1.4749
3.44283847	1.4476
3.43239355	1.4016
3.41322098	1.3532
3.38654267	1.3235
3.35440739	1.3187
3.32327183	1.3197
3.28719435	1.3225
3.25259792	1.321
3.24741251	1.3426
3.26743252	1.3748
3.29601397	1.4005
3.3236649	1.4086
3.35169734	1.3899
3.38536938	1.358
3.40695599	1.3282
3.41174003	1.2937
3.40514034	1.2247
3.40473983	1.1454
3.41670069	1.153
3.42683965	1.2118
3.42163663	1.2541
3.41798227	1.2587
3.41938244	1.2563
3.42564111	1.2582
3.42032336	1.2835
3.41906841	1.3111
3.42191423	1.3355
3.42605919	1.3608
3.42767163	1.3838
3.42518665	1.3935
3.41895363	1.3896
3.4140571	1.3778
3.40951701	1.3635
3.40168205	1.3527
3.3969115	1.3549
3.393352	1.3706
3.39201319	1.3993
3.38838573	1.4369
3.38669108	1.4714
3.39517664	1.4873
3.40773636	1.4857
3.42415798	1.4764
3.45597549	1.4429
3.50023231	1.3861
3.5432231	1.3199
3.57888586	1.2594
3.60293347	1.2274
3.61295451	1.22
3.58063755	1.2234
3.52048733	1.243
3.46643685	1.2851
3.42138253	1.3318
3.40539459	1.3602
3.40132857	1.3693
3.40412356	1.368
3.40699033	1.3522
3.39858722	1.3166
3.40120002	1.2737
3.41699322	1.249
3.42450168	1.2432
3.40572923	1.2702
3.39267723	1.3027
3.38082299	1.3471
3.38421401	1.3904
3.39372263	1.4354
3.40826187	1.463
3.43051638	1.4527
3.45798872	1.4193
3.4885913	1.3742
3.51772296	1.327
3.53445891	1.2784
3.53003194	1.2485
3.52394913	1.2487
3.51073738	1.2648
3.47982726	1.2908
3.43145125	1.3211
3.40474852	1.3382
3.41846596	1.3388
3.46210307	1.3234
3.50822817	1.3024
3.53404244	1.2798
3.52797006	1.265
3.50722194	1.2528
3.48353917	1.2572
3.46169307	1.2717
3.43204398	1.2965
3.39066252	1.3226
3.37594761	1.3257
3.40350094	1.3078
3.45895446	1.2688
3.50356915	1.2238
3.52684245	1.1898
3.50765614	1.1942
3.47799483	1.2275
3.45445965	1.2637
3.42657781	1.2909
3.38209055	1.3245
3.34458003	1.3646
3.33405108	1.3844
3.35292427	1.3589
3.39580709	1.2932
3.43753544	1.2316
3.46240641	1.1841
3.47870091	1.1843
3.49834433	1.2157
3.5128495	1.2571
3.48350985	1.3071
3.43044066	1.3499
3.39046452	1.3797
3.37015554	1.3905
3.37422856	1.3652
3.37601006	1.3138
3.36837491	1.265
3.36091223	1.2369
3.37257846	1.2295
3.4035585	1.2414
3.4274203	1.2612
3.41786419	1.3024
3.38494406	1.3537
3.36540789	1.3945
3.3665257	1.3965
3.37367531	1.3558
3.38000342	1.3016
3.38695734	1.2611
3.3885512	1.2441
3.36786892	1.2395
3.33110997	1.2419
3.28767738	1.2562
3.2480331	1.2882
3.21497834	1.3225
3.20752385	1.3441
3.22411343	1.3375
3.27377279	1.2981
3.34971166	1.2378
3.42587286	1.188
3.46068713	1.1618
3.44698311	1.1636
3.41536421	1.2041
3.38253405	1.2784
3.34890299	1.3609
3.31641653	1.4099
3.30425944	1.4203
3.32122164	1.3998
3.36784535	1.3514
3.43632218	1.2765
3.52120934	1.196
3.60667602	1.1394
3.64430092	1.1107
3.60376639	1.1228
3.52046794	1.1817
3.43331631	1.2676
3.36253295	1.3299
3.31306734	1.3609
3.28570056	1.3635
3.28265606	1.3567
3.30348094	1.3407
3.35662946	1.3049
3.44276186	1.2544
3.52231284	1.2129
3.5289487	1.1965
3.47750648	1.2282
3.42019238	1.2981
3.3840753	1.3475
3.35502852	1.3699
3.32187319	1.3607
3.2936653	1.3424
3.28667083	1.3148
3.30909322	1.2764
3.35700739	1.2326
3.40936472	1.2069
3.43932269	1.2007
3.43710313	1.2306
3.41059721	1.2861
3.39018845	1.3282
3.38861544	1.3456
3.40299556	1.3254
3.43247206	1.2767
3.45878563	1.2287
3.47568969	1.1823
3.51932113	1.1514
3.5765786	1.1506
3.62508495	1.181
3.63798432	1.2406
3.60643627	1.2877
3.54219784	1.3107
3.49179975	1.2866
3.47699949	1.2344
3.50078819	1.1641
3.53443156	1.0983
3.54041941	1.0476
3.51111685	1.0345
3.4621155	1.0542
3.40077942	1.1225
3.33603642	1.2372
3.27761565	1.3616
3.24048268	1.4494
3.22148821	1.4847
3.22782406	1.4916
3.25051434	1.4706
3.27575897	1.4075
3.3064882	1.3116
3.35309327	1.2096
3.39863933	1.1491
3.40715574	1.1651
3.37596729	1.244
3.33130997	1.3329
3.29782751	1.3922
3.27486395	1.4352
3.26080612	1.4637
3.25578725	1.4767
3.26627259	1.4434
3.30210944	1.3685
3.36502996	1.2837
3.43758359	1.2377
3.46335892	1.2472
3.44278584	1.3
3.41183703	1.369
3.38754773	1.4242
3.36738149	1.4582
3.35349708	1.4745
3.34686019	1.4742
3.35236944	1.4487
3.38847438	1.4109
3.46053994	1.3609
3.53014952	1.3369
3.55072744	1.3442
3.52007562	1.377
3.46844928	1.4157
3.41813816	1.4261
3.3703895	1.4127
3.3375324	1.3859
3.32682323	1.3488
3.33112881	1.2991
3.34275096	1.243
3.3579232	1.1943
3.38072264	1.1848
3.41453367	1.2158
3.43307381	1.2745
3.42533805	1.3421
3.40377098	1.4012
3.37555845	1.4366
3.35708349	1.4602
3.35093305	1.4567
3.3493519	1.4249
3.34445236	1.3584
3.34901999	1.2883
3.37377133	1.2437
3.40867911	1.2269
3.44194376	1.2339
3.47203575	1.2484
3.4825724	1.2731
3.47609457	1.3039
3.46971818	1.3276
3.46389138	1.3336
3.46096483	1.3191
3.4460662	1.3041
3.42665519	1.2959
3.41673686	1.2867
3.42410803	1.2648
3.43313288	1.2377
3.44561448	1.2177
3.46637806	1.2107
3.50456118	1.2154
3.55646029	1.2088
3.58184335	1.1851
3.57285923	1.1862
3.55811456	1.2116
3.54232559	1.2641
3.5146994	1.3158
3.47327604	1.3446
3.4219742	1.3599
3.38675622	1.3791
3.3848646	1.4007
3.41736881	1.4034
3.4571078	1.3706
3.47984068	1.3186
3.51029241	1.2583
3.56097544	1.2132
3.60307729	1.1938
3.59380627	1.195
3.53473312	1.2116
3.46972748	1.2368
3.42227143	1.2712
3.39984944	1.2985
3.40340882	1.3248
3.41947079	1.3407
3.44783667	1.3292
3.48755451	1.3226
3.53928434	1.3108
3.59840702	1.2941
3.65323713	1.2637
3.67442957	1.2307
3.66300988	1.2241
3.62654809	1.2506
3.57239011	1.2922
3.51440479	1.324
3.45238104	1.3287
3.4046678	1.3318
3.38562287	1.3548
3.37472913	1.3946
3.37742284	1.4194
3.40424169	1.4213
3.44448748	1.4048
3.48243402	1.3791
3.5026839	1.3368
3.50663002	1.2941
3.50052902	1.258
3.49462771	1.2451
3.47243412	1.2575
3.42203368	1.2965
3.37533996	1.3391
3.35870203	1.3637
3.37540771	1.3592
3.40571189	1.3422
3.45686911	1.3143
3.53862545	1.2655
3.62153223	1.2062
3.66669222	1.1525
3.64898939	1.1326
3.57937999	1.1563
3.47622362	1.2149
3.39718817	1.2644
3.35452305	1.2806
3.34713112	1.2772
3.36780153	1.2534
3.41476153	1.2297
3.49786401	1.1976
3.59017027	1.1613
3.66099942	1.1233
3.68206328	1.1154
3.66230546	1.1434
3.63036626	1.1993
3.57855954	1.2576
3.51455916	1.3101
3.45431095	1.3387
3.41792966	1.3422
3.39867253	1.3272
3.40328035	1.296
3.41656097	1.2619
3.43902966	1.2391
3.46633635	1.2408
3.49042187	1.2638
3.49967001	1.3023
3.49560911	1.3346
3.48751554	1.3367
3.49624067	1.311
3.51877653	1.2834
3.54165539	1.2405
3.55558899	1.1933
3.56673088	1.1642
3.56415248	1.1598
3.5457065	1.1822
3.50900765	1.2272
3.46595691	1.2844
3.43763439	1.3293
3.42706605	1.3584
3.42480456	1.3574
3.42596121	1.3236
3.43441485	1.2746
3.45956086	1.2094
3.50146143	1.1415
3.54446964	1.0905
3.56725984	1.0734
3.55155463	1.107
3.5167466	1.18
3.49562212	1.2616
3.48741681	1.3247
3.48470954	1.3578
3.48971597	1.3738
3.51062738	1.3591
3.53089152	1.3004
3.55726638	1.2173
3.56580636	1.1388
3.55371643	1.1022
3.51311152	1.1141
3.46084255	1.1504
3.41213564	1.1915
3.36275626	1.2553
3.33491116	1.3108
3.33397661	1.3651
3.36129606	1.3836
3.39994497	1.3637
3.44285938	1.3254
3.4853204	1.2911
3.52457251	1.2864
3.54090602	1.2789
3.52568025	1.2686
3.47931957	1.2568
3.42003564	1.2666
3.37864251	1.2952
3.36459738	1.3149
3.3722944	1.3165
3.38439601	1.288
3.39736871	1.2587
3.41274615	1.2578
3.42635227	1.2787
3.42884018	1.312
3.41125688	1.3286
3.37554564	1.3367
3.33722753	1.3611
3.31776915	1.3903
3.32330158	1.3905
3.35779207	1.3618
3.42683587	1.3055
3.53358593	1.2456
3.62749017	1.2102
3.69026908	1.1849
3.70321424	1.1735
3.66809336	1.1838
3.59600308	1.2193
3.51903455	1.2717
3.45573423	1.3196
3.41841003	1.3323
3.40816177	1.3016
3.42265066	1.2449
3.46351197	1.1875
3.52330524	1.1441
3.59038264	1.1286
3.64435859	1.1425
3.66507521	1.1732
3.62997597	1.227
3.57367639	1.2823
3.52534229	1.3304
3.4928249	1.3489
3.4632972	1.3505
3.44002487	1.3274
3.44029156	1.3079
3.48080865	1.3036
3.53817396	1.3113
3.57617353	1.3141
3.57498494	1.3273
3.54173857	1.3509
3.50729134	1.3827
3.49136988	1.3843
3.47768981	1.3586
3.46085663	1.3668
3.45025602	1.3869
3.45691473	1.381
3.47849227	1.3414
3.49061461	1.3044
3.4756275	1.2548
3.4500657	1.2215
3.44188867	1.2054
3.449433	1.2097
3.46411687	1.2297
3.46424116	1.2548
3.45786995	1.2701
3.43450356	1.2952
3.41834874	1.3163
3.41887477	1.3269
3.42443245	1.3287
3.41787425	1.3288
3.39356571	1.3327
3.37014714	1.352
3.37037717	1.3669
3.3959526	1.3679
3.4242946	1.3585
3.43676486	1.3503
3.42866306	1.3338
3.41571575	1.3222
3.42517461	1.3155
3.46200239	1.3112
3.49246739	1.3116
3.48420598	1.316
3.43548743	1.3464
3.38921909	1.3917
3.36399407	1.4214
3.32984684	1.435
3.2857959	1.44
3.26758495	1.4384
3.28544672	1.4412
3.32423939	1.4336
3.36954024	1.4049
3.41016572	1.3688
3.43105192	1.3247
3.43501942	1.3093
3.42903725	1.3209
3.41885074	1.3543
3.39904885	1.3959
3.38135203	1.4309
3.35531827	1.4595
3.3370973	1.4805
3.32419818	1.4861
3.30487635	1.4779
3.27462864	1.4754
3.23719108	1.4796
3.21475895	1.4958
3.2110712	1.5086
3.21840017	1.5091
3.22390947	1.5081
3.21575848	1.509
3.21971464	1.4961
3.23357093	1.4658
3.24525533	1.4282
3.25660305	1.4088
3.27199353	1.4102
3.30221251	1.4318
3.33831556	1.4595
3.35804377	1.4874
3.34847771	1.5168
3.3270361	1.5231
3.30779753	1.5076
3.28926476	1.4801
3.27889934	1.443
3.26722252	1.4026
3.27138296	1.3607
3.28587939	1.3163
3.30609732	1.2831
3.30878593	1.2804
3.30583395	1.3192
3.32247335	1.3681
3.31189523	1.429
3.30728037	1.4805
3.31540421	1.5148
3.33618104	1.5281
3.36914984	1.5119
3.4093293	1.4592
3.46332091	1.3742
3.51337563	1.2847
3.55939297	1.2369
3.5776665	1.2163
3.54245546	1.2226
3.48074916	1.2724
3.41828587	1.3317
3.38079136	1.4034
3.37450515	1.4572
3.37686122	1.4833
3.37657701	1.4927
3.38112897	1.4811
3.39909776	1.4462
3.42956411	1.3898
3.46101244	1.3274
3.49741603	1.2825
3.51448392	1.2458
3.50442162	1.2306
3.47951361	1.2346
3.45749541	1.2514
3.45084394	1.2862
3.46968908	1.3038
3.49444314	1.321
3.51764146	1.323
3.54284909	1.318
3.54314252	1.3045
3.52097671	1.285
3.49495833	1.2662
3.48171625	1.2573
3.40361267	1.2739
3.40390864	1.3059
3.40699994	1.3287
3.41140817	1.3355
3.41638892	1.3232
3.42233334	1.302
3.42365672	1.2871
3.41454979	1.2596
3.40800097	1.2489
3.41028784	1.247
3.41595364	1.2619
3.42880886	1.2796
3.44262521	1.3017
3.4556779	1.3314
3.46291761	1.3469
3.46840755	1.3379
3.4712602	1.325
3.47498487	1.318
3.4754595	1.3283
3.46614415	1.3384
3.44674615	1.3358
3.42252346	1.3381
3.38777086	1.3418
3.35410315	1.3434
3.33437142	1.3434
3.33676774	1.3127
3.36685604	1.2558
3.42277455	1.1962
3.49493612	1.1509
3.55045005	1.1267
3.55913512	1.123
3.52454098	1.1475
3.46480386	1.2049
3.4049624	1.2815
3.37242559	1.3493
3.36674941	1.3809
3.37533668	1.3928
3.38378952	1.3742
3.3946124	1.3401
3.39206367	1.308
3.37445455	1.2816
3.33354978	1.2722
3.28538205	1.2885
3.25724921	1.3417
3.26317081	1.3991
3.28698056	1.4525
3.32095572	1.4853
3.36190117	1.5053
3.40330424	1.5247
3.4374072	1.516
3.46207209	1.4777
3.4668742	1.4366
3.443723	1.4176
3.40764631	1.4261
3.37900064	1.4389
3.36291296	1.4337
3.34727461	1.4115
3.32965038	1.387
3.31438674	1.3631
3.30816574	1.3264
3.31930631	1.2737
3.35611307	1.2228
3.40186758	1.1886
3.41967691	1.1998
3.41613389	1.2523
3.41402053	1.327
3.41834084	1.4015
3.41394447	1.4458
3.40824376	1.4664
3.41275928	1.4603
3.44381734	1.4171
3.49139269	1.3529
3.52678625	1.2867
3.53244618	1.2233
3.50737638	1.1872
3.46255095	1.1865
3.41978673	1.2314
3.38723933	1.3075
3.35976248	1.3853
3.34250691	1.4342
3.33912702	1.449
3.353784	1.4578
3.377911	1.4521
3.42026232	1.4131
3.4426332	1.3661
3.45624467	1.3107
3.46829657	1.2727
3.50018766	1.2541
3.52824443	1.2638
3.54070533	1.2891
3.52542606	1.3171
3.50241515	1.3353
3.50053754	1.3452
3.50562127	1.3442
3.50554678	1.3294
3.48978131	1.305
3.45461045	1.2813
3.43659571	1.264
3.42937438	1.2739
3.41552552	1.307
3.39779471	1.3495
3.37597851	1.3539
3.37118506	1.337
3.39301306	1.3096
3.42434119	1.2752
3.43939517	1.2642
3.43839449	1.2535
3.4274695	1.2677
3.41963099	1.2889
3.40598072	1.3353
3.39055529	1.3914
3.38680213	1.4475
3.40153783	1.4784
3.42774157	1.4789
3.44953415	1.453
3.45995591	1.4075
3.46472223	1.378
3.46713448	1.3379
3.46283873	1.3073
3.43112185	1.2807
3.37270053	1.2901
3.31346671	1.3178
3.26352486	1.3477
3.23682813	1.3535
3.25095166	1.328
3.29977016	1.3044
3.35247998	1.2667
3.38867787	1.2305
3.40816608	1.2014
3.42249763	1.2019
3.44554611	1.2422
3.45261982	1.2909
3.43216216	1.3303
3.38841806	1.3441
3.34773266	1.3436
3.3285943	1.3225
3.31360507	1.2852
3.29476721	1.2286
3.28057901	1.1747
3.27223098	1.1249
3.28186446	1.1106
3.30520829	1.1236
3.31845483	1.1573
3.32207475	1.2066
3.33489871	1.2474
3.35934047	1.2752
3.40042782	1.2656
3.43428042	1.2358
3.43670589	1.1935
3.40474145	1.1508
3.34854392	1.1434
3.30582402	1.1701
3.29314544	1.2208
3.2871577	1.2812
3.28501383	1.326
3.29355626	1.3451
3.31737976	1.3519
3.35271143	1.357
3.37980781	1.352
3.40560707	1.3209
3.4218627	1.2694
3.41230296	1.2354
3.37805728	1.2527
3.33977729	1.3076
3.31652486	1.372
3.31031727	1.4114
3.30562652	1.4289
3.31205675	1.4271
3.31569861	1.4034
3.31831325	1.3498
3.33241197	1.2741
3.34330107	1.2105
3.33299007	1.1823
3.29773463	1.195
3.26393776	1.243
3.2466775	1.2924
3.24304173	1.3442
3.2536283	1.3825
3.26870768	1.4128
3.28149509	1.4328
3.28059967	1.4268
3.26671184	1.4053
3.26965532	1.3611
3.29503207	1.3104
3.32486805	1.2763
3.33400898	1.2754
3.32330165	1.2831
3.3064682	1.2918
3.30119761	1.2959
3.31744606	1.294
3.3438424	1.296
3.35947327	1.3021
3.37211045	1.3121
3.38592867	1.3244
3.39658889	1.3211
3.39711516	1.3337
3.39479547	1.3517
3.38555464	1.3631
3.36474805	1.3443
3.34465694	1.3119
3.32493703	1.2856
3.32124361	1.2603
3.35359647	1.2156
3.42187381	1.1666
3.49251817	1.1407
3.52760885	1.166
3.51468657	1.2288
3.48771056	1.323
3.45981091	1.4058
3.41656019	1.4723
3.37809329	1.5062
3.35101906	1.5067
3.34454508	1.4714
3.35101624	1.3746
3.35635998	1.2513
3.35341995	1.1483
3.35192584	1.0914
3.37143384	1.0811
3.40010742	1.1168
3.41557768	1.1882
3.40887277	1.2788
3.39614065	1.3604
3.40664975	1.4147
3.43870866	1.4253
3.47710434	1.3939
3.50972671	1.3359
3.52317118	1.2757
3.53470215	1.2305
3.53950357	1.2163
3.50959011	1.2383
3.46599007	1.2678
3.42056532	1.3047
3.40024267	1.3281
3.41705317	1.3259
3.46124905	1.2819
3.51497411	1.2087
3.5812229	1.1405
3.62999682	1.105
3.6199821	1.1248
3.55927661	1.1891
3.48797852	1.2662
3.4091723	1.341
3.32100758	1.4109
3.26636198	1.4617
3.25936541	1.4905
3.2830193	1.4868
3.3249713	1.4242
3.38707004	1.2973
3.45899729	1.1481
3.53093895	1.0367
3.55930107	1.0554
3.52421272	1.1275
3.44452711	1.1922
3.37490617	1.2596
3.33334664	1.3255
3.32022807	1.378
3.33081695	1.4095
3.3596493	1.4151
3.41264154	1.3926
3.47573902	1.3679
3.54603135	1.3498
3.58937211	1.3451
3.59687613	1.3447
3.57424	1.355
3.51720402	1.3688
3.43809834	1.3781
3.35864258	1.3667
3.29540613	1.339
3.26356343	1.3105
3.26453179	1.2873
3.30663891	1.2522
3.38002211	1.221
3.46580682	1.2095
3.54254814	1.2236
3.58531454	1.2787
3.59738725	1.3265
3.58094816	1.3347
3.53183029	1.2954
3.46467025	1.2543
3.40719855	1.2338
3.38167302	1.2422
3.3944109	1.2399
3.43236039	1.2355
3.47226969	1.229
3.48455307	1.2462
3.47458189	1.2846
3.4581666	1.3288
3.43684972	1.3585
3.40187519	1.3872
3.36131309	1.4164
3.313548	1.444
3.27361233	1.4489
3.25885036	1.4209
3.27373787	1.3774
3.30193907	1.3493
3.33435973	1.3507
3.36153448	1.375
3.38543241	1.3968
3.40248485	1.4159
3.41209759	1.4283
3.40433371	1.443
3.38236971	1.4531
3.36184994	1.4428
3.36314173	1.3954
3.37521467	1.3344
3.38045304	1.292
3.37234114	1.2713
3.35919829	1.2584
3.34095796	1.2413
3.31098338	1.2292
3.26752688	1.2351
3.22531858	1.2681
3.19359621	1.3092
3.19448811	1.3247
3.21853911	1.3055
3.24461703	1.2872
3.26669017	1.2757
3.29456619	1.2531
3.32929131	1.2201
3.38754624	1.1751
3.43587402	1.1418
3.4452065	1.1476
3.43427856	1.185
3.42035576	1.2298
3.41198583	1.2668
3.40710612	1.2948
3.40930735	1.3189
3.41258965	1.3336
3.40650675	1.3297
3.37442532	1.3117
3.33345112	1.2746
3.28143534	1.2359
3.24026943	1.2002
3.21938737	1.1703
3.2212616	1.1422
3.24162598	1.1134
3.27339564	1.1152
3.33849928	1.1252
3.43280878	1.1529
3.5188392	1.2077
3.56258932	1.2759
3.54735368	1.3464
3.50030028	1.4084
3.44923672	1.4423
3.39724567	1.451
3.34879031	1.4365
3.30860222	1.3925
3.29140178	1.326
3.30697855	1.2539
3.34553143	1.2024
3.39091765	1.1746
3.42360822	1.1732
3.44406245	1.1948
3.43699821	1.2406
3.40216316	1.3102
3.3492605	1.3947
3.30643204	1.4551
3.29649853	1.4618
3.31902004	1.4217
3.36728808	1.3655
3.43346837	1.3014
3.52675223	1.2254
3.62121576	1.1629
3.68016001	1.1334
3.66309408	1.151
3.57838832	1.2043
3.46683014	1.2759
3.37952113	1.352
3.3330689	1.4055
3.31091384	1.4209
3.28591146	1.407
3.25826405	1.3776
3.24468343	1.3415
3.25887294	1.3027
3.29822201	1.2583
3.34072645	1.2095
3.37431276	1.1579
3.39584779	1.1075
3.39355182	1.0999
3.37021848	1.1319
3.32960773	1.1927
3.28254505	1.2543
3.24957698	1.2903
3.23431797	1.2976
3.22783623	1.2899
3.22136948	1.2925
3.21110583	1.304
3.20167087	1.301
3.20170326	1.2814
3.20826332	1.2686
3.22756231	1.2755
3.25303508	1.3058
3.27606948	1.3424
3.28998111	1.3579
3.3029138	1.3453
3.30946688	1.3236
3.31366719	1.3036
3.3309778	1.2893
3.3709669	1.2718
3.40123724	1.2506
3.40084389	1.2435
3.37923951	1.2624
3.36626906	1.287
3.37275711	1.2897
3.39416896	1.259
3.40065866	1.221
3.38605295	1.1868
3.36850346	1.1604
3.36235174	1.129
3.36177402	1.0984
3.34579981	1.1021
3.33561081	1.1458
3.33566363	1.2141
3.34437073	1.2743
3.34670211	1.3093
3.34275543	1.3325
3.35409473	1.3512
3.38736663	1.3607
3.42802514	1.3484
3.44747202	1.3149
3.43808623	1.2764
3.41821261	1.2649
3.40349541	1.2803
3.37958148	1.3064
3.33803163	1.33
3.28820998	1.3448
3.26227532	1.3393
3.2611663	1.3253
3.27771339	1.3074
3.30051332	1.2862
3.32346178	1.2602
3.35296432	1.2438
3.40058442	1.2484
3.4427013	1.2822
3.46737987	1.3273
3.47123165	1.3642
3.46674082	1.3848
3.47918557	1.3708
3.5053462	1.323
3.5418921	1.2476
3.56257664	1.177
3.55386946	1.1675
3.52667844	1.2158
3.50111545	1.2958
3.47070287	1.3833
3.44198526	1.4465
3.41312737	1.4711
3.38970103	1.4609
3.3867581	1.4336
3.40435596	1.3939
3.43399072	1.3396
3.47805971	1.2687
3.52168586	1.2006
3.55811254	1.161
3.57258845	1.1683
3.55392181	1.2191
3.50049651	1.2917
3.42982521	1.358
3.37384015	1.3994
3.36723007	1.4086
3.39994917	1.3806
3.4700855	1.307
3.55464686	1.2151
3.62262119	1.1452
3.6494274	1.1196
3.63002369	1.1305
3.58988264	1.1593
3.53358092	1.1977
3.4658435	1.2483
3.4081742	1.295
3.36454433	1.3327
3.34466694	1.3465
3.33881797	1.333
3.33598299	1.3121
3.34711567	1.2882
3.36825133	1.27
3.37262718	1.281
3.35196016	1.3049
3.3150817	1.3344
3.28583847	1.3611
3.28194943	1.371
3.293322	1.3617
3.30396571	1.3394
3.30281203	1.332
3.2983668	1.3383
3.30437631	1.3483
3.31627947	1.3547
3.32122095	1.3746
3.31727675	1.3976
3.30464275	1.4122
3.29163394	1.4032
3.28429969	1.3626
3.28744775	1.294
3.30759621	1.2118
3.34481012	1.1352
3.35984192	1.0827
3.33576033	1.0698
3.28776392	1.1151
3.24451006	1.2044
3.21388109	1.3144
3.1908069	1.4005
3.17091244	1.4495
3.15692838	1.4612
3.15967463	1.4481
3.18438629	1.4035
3.2239248	1.3254
3.25620382	1.2406
3.26599028	1.1858
3.25191758	1.1742
3.23656718	1.2114
3.22677749	1.2817
3.21906389	1.3662
3.20651203	1.4478
3.19116441	1.5091
3.18016626	1.5448
3.18627671	1.5476
3.20603054	1.5143
3.22644976	1.4467
3.23543441	1.3722
3.22223998	1.3173
3.21689398	1.2938
3.22078958	1.2931
3.22491117	1.3121
3.22290694	1.3523
3.21432622	1.3964
3.20567001	1.4161
3.2268314	1.3797
3.28086459	1.29
3.33750659	1.2009
3.37042809	1.1345
3.37730552	1.1042
3.35760465	1.1066
3.31437559	1.1525
3.26007622	1.2184
3.22484924	1.2894
3.21676402	1.3517
3.2256433	1.3874
3.24667628	1.3937
3.28365278	1.3697
3.33575506	1.3132
3.38492716	1.2637
3.44024937	1.2343
3.44700932	1.2381
3.39665266	1.2738
3.32182497	1.3207
3.25474839	1.3768
3.22259902	1.4104
3.21460028	1.4123
3.23938543	1.3911
3.29431543	1.3552
3.3777098	1.3232
3.45891247	1.3173
3.52670515	1.3115
3.5563065	1.3084
3.53752721	1.3124
3.47298864	1.3457
3.38831209	1.399
3.30901096	1.4442
3.25838917	1.4442
3.24220709	1.4138
3.2580833	1.3611
3.29552083	1.3109
3.35768621	1.2582
3.4329819	1.2088
3.5219855	1.1753
3.60436829	1.1595
3.64109959	1.1658
3.61789647	1.1845
3.55205935	1.1984
3.45812546	1.2166
3.36380778	1.242
3.29158242	1.2634
3.26137346	1.2791
3.26457061	1.2844
3.28148472	1.295
3.30433516	1.3152
3.32722151	1.3667
3.34698574	1.4349
3.36271624	1.4982
3.38109224	1.5317
3.39518633	1.5324
3.40113124	1.4926
3.41926337	1.4358
3.4462848	1.385
3.48114371	1.3293
3.50030941	1.2809
3.49766672	1.2649
3.48211015	1.2939
3.46416532	1.3483
3.43650565	1.4007
3.39707488	1.4369
3.37072867	1.4422
3.38449109	1.4307
3.46641871	1.4013
3.58313307	1.3392
3.68095008	1.2523
3.72723733	1.173
3.69322261	1.1159
3.58514273	1.1078
3.44429615	1.1358
3.3221405	1.1881
3.24943696	1.2468
3.23157132	1.298
3.26050008	1.3516
3.31491199	1.3975
3.37759683	1.4129
3.4436587	1.394
3.50005415	1.3589
3.54294649	1.3189
3.53320586	1.3023
3.45284238	1.3049
3.3515759	1.3332
3.27903987	1.379
3.26024998	1.4174
3.27997925	1.4448
3.3177819	1.4456
3.36616355	1.4252
3.43151134	1.3832
3.51127369	1.3282
3.59220268	1.2761
3.64427804	1.2277
3.63873036	1.1864
3.56878391	1.1809
3.47478539	1.2128
3.41040883	1.2556
3.38793987	1.2937
3.39577478	1.3103
3.42481733	1.3145
3.46846001	1.3162
3.53350088	1.3195
3.60474726	1.3268
3.64904303	1.3304
3.62553581	1.3345
3.53399359	1.359
3.42679385	1.394
3.33836447	1.4237
3.2763981	1.422
3.23664682	1.3936
3.21563045	1.3468
3.22550329	1.305
3.26256432	1.2875
3.30830219	1.2901
3.33338172	1.3127
3.33754999	1.3597
3.33192237	1.4363
3.33709197	1.515
3.34878374	1.5648
3.34934176	1.5641
3.34622837	1.5353
3.35737907	1.4798
3.4005035	1.3776
3.46255439	1.2608
3.50714245	1.1641
3.50440507	1.1003
3.45693999	1.0851
3.4023058	1.1229
3.35493608	1.2028
3.32162588	1.3053
3.3071757	1.3887
3.30967894	1.4422
3.33441666	1.4559
3.37261759	1.4385
3.41009799	1.3793
3.440249	1.2983
3.45977642	1.2244
3.45366822	1.1785
3.41300098	1.1687
3.37431948	1.1788
3.35298194	1.2015
3.34163872	1.2307
3.35235738	1.2632
3.36764394	1.2939
3.38575206	1.3205
3.40233261	1.3299
3.38647046	1.3482
3.34586938	1.3836
3.29636353	1.4288
3.24851088	1.4516
3.21327828	1.4434
3.19163234	1.4273
3.18044714	1.413
3.18316795	1.4096
3.2006619	1.3992
3.23431651	1.3631
3.26634171	1.3067
3.27550543	1.2533
3.26223187	1.2559
3.2401203	1.2965
3.21709962	1.3411
3.19196342	1.3829
3.17632091	1.4071
3.17626366	1.4186
3.19332111	1.4148
3.2275002	1.3902
3.29104469	1.3513
3.36988574	1.3031
3.43786397	1.2664
3.48202156	1.2544
3.49504226	1.2794
3.46984927	1.3305
3.41482285	1.3843
3.35062771	1.4226
3.30013497	1.4467
3.26540884	1.4537
3.25449946	1.4476
3.26846897	1.4271
3.30222171	1.3857
3.34266972	1.3421
3.3852736	1.3238
3.41496686	1.3308
3.43474787	1.3513
3.42970461	1.3728
3.41544733	1.3961
3.39115594	1.429
3.35508681	1.4559
3.32498985	1.4642
3.31096934	1.4485
3.3125878	1.4124
3.31046006	1.3671
3.30474482	1.3232
3.28312261	1.2889
3.27327127	1.2684
3.29611853	1.2652
3.35370416	1.2854
3.41364826	1.3148
3.45119815	1.347
3.46113603	1.3638
3.4727905	1.3672
3.46897386	1.3703
3.44623948	1.3663
3.40186681	1.3524
3.34619847	1.3444
3.3071097	1.3364
3.30247575	1.3319
3.3252691	1.3335
3.36478645	1.3406
3.42916283	1.3295
3.50827355	1.2946
3.58874467	1.2658
3.63899624	1.2596
3.64030346	1.2876
3.59933146	1.3398
3.53687096	1.3842
3.46439898	1.4074
3.4081979	1.4272
3.3652063	1.4527
3.34326091	1.4619
3.34247462	1.4525
3.37224445	1.4102
3.4335602	1.3478
3.53429453	1.2759
3.63720907	1.2201
3.71048511	1.1842
3.72641339	1.1731
3.69724158	1.1773
3.62005429	1.2065
3.50966189	1.2524
3.40353794	1.304
3.33691852	1.3366
3.31052635	1.3351
3.33180692	1.3037
3.38831201	1.2627
3.46099319	1.2243
3.53508053	1.1788
3.59564141	1.1383
3.63530074	1.1137
3.6233089	1.1256
3.56500215	1.1618
3.49632021	1.1953
3.44800394	1.203
3.4348821	1.1862
3.46670364	1.1467
3.5183306	1.1199
3.57538369	1.0988
3.63910585	1.0791
3.70619925	1.0721
3.74927419	1.0907
3.73241982	1.1331
3.67674487	1.1901
3.61266679	1.2363
3.55207504	1.256
3.54431417	1.224
3.56806827	1.1787
3.61849321	1.1193
3.67758519	1.0526
3.73618156	1.0009
3.78030141	0.984
3.79773233	1.0216
3.77102101	1.0948
3.69737533	1.1839
3.59762647	1.2692
3.51392015	1.3246
3.46308273	1.35
3.45893976	1.3415
3.49595588	1.307
3.53529256	1.2505
3.56246213	1.18
3.57759789	1.1212
3.57924966	1.1053
3.55500757	1.1385
3.50339201	1.1921
3.43626756	1.2499
3.37960667	1.3052
3.36615169	1.339
3.38693345	1.3565
3.41301094	1.3591
3.44090706	1.3423
3.48072266	1.3042
3.52233039	1.2684
3.57017975	1.2448
3.59081649	1.2506
3.57426648	1.2651
3.52934548	1.285
3.48428693	1.3053
3.44880056	1.3221
3.42122856	1.3285
3.40721978	1.3159
3.41041042	1.2836
3.42402808	1.2441
3.43212709	1.213
3.42482709	1.2042
3.38985339	1.2121
3.3362433	1.2302
3.29166948	1.2435
3.27092126	1.2613
3.26963733	1.2727
3.28694191	1.2639
3.3230893	1.2282
3.38120421	1.1839
3.44956901	1.1583
3.49935467	1.1586
3.50443078	1.1787
3.47459929	1.2154
3.42930582	1.2638
3.38201026	1.3244
3.32996123	1.3662
3.28105388	1.3811
3.25590319	1.3627
3.24704434	1.3289
3.26009545	1.2847
3.29735607	1.2359
3.35239905	1.1989
3.41456506	1.1705
3.477303	1.1518
3.5169442	1.1735
3.50230548	1.2313
3.43907099	1.2874
3.37150322	1.3133
3.3154466	1.3204
3.28442327	1.3073
3.26722883	1.2923
3.28301549	1.2595
3.32921777	1.2147
3.38982517	1.1919
3.45009913	1.1983
3.50647891	1.2318
3.53100855	1.289
3.51631647	1.3458
3.47549997	1.3943
3.43212756	1.4284
3.38883195	1.4464
3.35488274	1.4341
3.33861349	1.3923
3.34202695	1.3531
3.36841479	1.3214
3.41993338	1.3087
3.48545852	1.3138
3.54402804	1.3313
3.57226721	1.3447
3.56263048	1.3595
3.52583804	1.377
3.48226252	1.3889
3.437705	1.392
3.4007711	1.3769
3.37044721	1.3512
3.35226141	1.3215
3.35209006	1.3014
3.36718473	1.2991
3.39211228	1.2963
3.42363879	1.276
3.45168027	1.2467
3.49060574	1.215
3.5499047	1.184
3.60342646	1.1596
3.62574589	1.1401
3.6141117	1.1279
3.58500657	1.1348
3.54555277	1.176
3.48541148	1.2335
3.41022949	1.3028
3.35038901	1.3431
3.32373981	1.3599
3.33788734	1.3497
3.39436838	1.3236
3.46508103	1.2725
3.52995609	1.2039
3.59926309	1.1398
3.65473414	1.1047
3.65324085	1.1161
3.57398553	1.1605
3.45453212	1.2369
3.36980955	1.3213
3.32895406	1.3834
3.30730829	1.4313
3.29773448	1.4625
3.311085	1.4814
3.36048878	1.4772
3.43101843	1.452
3.48905337	1.409
3.49406799	1.3772
3.4605605	1.3771
3.41464229	1.3983
3.35136238	1.4282
3.26862219	1.4542
3.1935115	1.464
3.15845942	1.4502
3.1691384	1.4329
3.2158145	1.3937
3.26259898	1.3497
3.2926679	1.3124
3.30929308	1.2853
3.32104823	1.2797
3.31099243	1.3175
3.27315924	1.403
3.23466349	1.4891
3.20924263	1.5382
3.21019484	1.5398
3.22823524	1.5164
3.24997718	1.4685
3.2787213	1.4151
3.31379335	1.3509
3.35113913	1.3036
3.35689944	1.2984
3.32532448	1.345
3.28340353	1.4295
3.25901578	1.4953
3.25282843	1.5217
3.24045968	1.518
3.22047873	1.5079
3.20756172	1.4859
3.21692076	1.4206
3.25573078	1.3184
3.29872882	1.2176
3.30448657	1.1593
3.26502469	1.1591
3.20952839	1.2029
3.16941039	1.2584
3.15321415	1.3094
3.15286654	1.3483
3.16073395	1.3721
3.17595718	1.3532
3.21416747	1.2646
3.28759811	1.1348
3.35932572	1.0266
3.3707424	0.9692
3.31855539	0.965
3.26851295	0.9985
3.23979739	1.0604
3.22529498	1.1676
3.2244765	1.2859
3.23113985	1.3638
3.24733652	1.3871
3.28972475	1.3558
3.358029	1.2774
3.41674257	1.1805
3.43181316	1.1016
3.40347791	1.0546
3.3505457	1.0574
3.30265368	1.1055
3.26456101	1.1804
3.24371623	1.272
3.24556088	1.3524
3.27275094	1.4034
3.32134765	1.4124
3.37482206	1.3876
3.41047374	1.3473
3.42635101	1.3007
3.41593113	1.267
3.39146842	1.2496
3.3523136	1.2531
3.30972869	1.2903
3.28199151	1.3412
3.2781028	1.3888
3.30176191	1.41
3.35001536	1.4056
3.41233806	1.3748
3.47009842	1.3386
3.51087145	1.3068
3.51322162	1.2967
3.48637386	1.3116
3.43974144	1.3448
3.38603272	1.3898
3.33750478	1.4233
3.29636777	1.4314
3.27028519	1.4093
3.27240252	1.3667
3.30033824	1.3107
3.36133896	1.2465
3.45941655	1.1762
3.57626644	1.1268
3.6433525	1.1134
3.62248469	1.1504
3.56130982	1.233
3.50434723	1.3272
3.44901867	1.402
3.39538071	1.4417
3.36167922	1.4516
3.36425404	1.4182
3.41083011	1.3349
3.49478157	1.2391
3.60618463	1.1545
3.69785953	1.0904
3.72425485	1.0591
3.68151422	1.0655
3.59946971	1.1085
3.4851211	1.19
3.38377798	1.2766
3.31571021	1.3511
3.29012284	1.3894
3.29125093	1.4036
3.32302812	1.4014
3.38211403	1.387
3.45155464	1.3674
3.50063009	1.3437
3.50865833	1.3301
3.48886118	1.3423
3.44872336	1.3777
3.40761998	1.4067
3.37420262	1.4187
3.34734982	1.4265
3.32261239	1.4308
3.30706504	1.4235
3.31143434	1.3953
3.33825697	1.3528
3.36582659	1.3177
3.38306089	1.3046
3.39211604	1.3203
3.39828525	1.3467
3.40299255	1.3667
3.41159469	1.373
3.4110887	1.3781
3.41084605	1.3727
3.42119171	1.3488
3.44656533	1.3128
3.45524567	1.2843
3.43128589	1.2764
3.36665552	1.2957
3.29994618	1.3344
3.26048608	1.3866
3.24859845	1.4418
3.24463877	1.4804
3.2456542	1.498
3.25104363	1.4896
3.27642693	1.4557
3.32214703	1.4135
3.37699886	1.3794
3.40425053	1.3576
3.39017499	1.3479
3.35005942	1.354
3.30388354	1.3761
3.26046359	1.4082
3.22209562	1.44
3.19380923	1.4678
3.18723208	1.4766
3.21355141	1.468
3.27354977	1.4475
3.35219244	1.4155
3.42340794	1.3739
3.47187908	1.3365
3.49633426	1.3028
3.48617673	1.2923
3.45455483	1.3026
3.41672305	1.3159
3.37921035	1.3169
3.34542271	1.3034
3.32232462	1.2971
3.31809279	1.2904
3.33389041	1.2822
3.36005248	1.2591
3.37201415	1.2364
3.38026821	1.2244
3.38760142	1.2421
3.39178869	1.2783
3.38201332	1.3311
3.36180772	1.3751
3.3401232	1.4076
3.32886223	1.4218
3.33009031	1.4251
3.33854817	1.4195
3.35051449	1.398
3.35727609	1.3723
3.35462942	1.3603
3.33691297	1.3778
3.32252344	1.4093
3.31776007	1.4418
3.3095342	1.4709
3.30582093	1.4949
3.30418451	1.5105
3.31297792	1.5113
3.33448605	1.4904
3.36676875	1.4634
3.39822609	1.4483
3.41111419	1.4555
3.40198644	1.4737
3.38445527	1.484
3.36369775	1.479
3.34267644	1.4688
3.3088071	1.464
3.27438166	1.4514
3.26330146	1.4107
3.29106466	1.35
3.33498642	1.2953
3.3695517	1.2696
3.40073325	1.255
3.43167835	1.2577
3.46626714	1.2664
3.48253153	1.2804
3.48438854	1.2943
3.46839226	1.3209
3.45578741	1.3653
3.45319336	1.4016
3.4513649	1.417
3.44128872	1.4119
3.4267811	1.3803
3.40820592	1.3344
3.39658334	1.2858
3.39234724	1.2539
3.40792911	1.2405
3.42372414	1.2386
3.43341524	1.2465
3.4359422	1.264
3.43715224	1.2874
3.43775241	1.321
3.43463187	1.36
3.42517084	1.3911
3.41256812	1.4102
3.40494025	1.4129
3.40977659	1.4001
3.42662408	1.3738
3.44848666	1.3406
3.48005897	1.3031
3.517108	1.2522
3.54990082	1.1915
3.58287121	1.1383
3.60022134	1.1114
3.59147274	1.1244
3.56070478	1.1627
3.51039775	1.217
3.4572651	1.2652
3.4092165	1.2947
3.37292768	1.3021
3.35127578	1.3041
3.35534399	1.3035
3.39194066	1.2948
3.4429707	1.2591
3.50165127	1.2035
3.58161489	1.1276
3.67053704	1.0642
3.73570181	1.024
3.75555698	1.0012
3.73431027	0.9987
3.70986338	1.0159
3.70170128	1.0465
3.68612302	1.0832
3.64327995	1.1229
3.58183264	1.1547
3.50772565	1.1825
3.46620028	1.189
3.47400614	1.1874
3.50996006	1.1808
3.55073714	1.1649
3.56716538	1.139
3.58045593	1.0977
3.60299	1.062
3.62907336	1.0402
3.62074141	1.0467
3.56924036	1.0746
3.49976762	1.1159
3.41700513	1.1814
3.35465364	1.2698
3.32394679	1.3636
3.31896562	1.4241
3.32473718	1.4436
3.33724245	1.4381
3.35830486	1.4133
3.39215049	1.3547
3.43032426	1.2621
3.45026426	1.1793
3.43211483	1.1404
3.37996745	1.1484
3.33143994	1.1874
3.29527415	1.2451
3.2598359	1.3117
3.24260312	1.374
3.25773746	1.4324
3.29346346	1.471
3.32714042	1.4794
3.35354753	1.4407
3.36842003	1.3716
3.37356555	1.3026
3.38074479	1.2492
3.37888219	1.2207
3.34472579	1.2224
3.2803845	1.2642
3.22530953	1.3262
3.19094624	1.3883
3.18415939	1.4386
3.19665049	1.4741
3.2145115	1.5024
3.23334696	1.5273
3.2480552	1.5374
3.2622599	1.5266
3.27693247	1.4976
3.28284174	1.4686
3.28323115	1.4191
3.29149582	1.3652
3.29498343	1.3265
3.27457262	1.32
3.23833758	1.3439
3.20944593	1.3795
3.1985619	1.4114
3.19958456	1.4306
3.20399606	1.4507
3.21413185	1.4715
3.23460651	1.4722
3.27123984	1.4429
3.32256586	1.3795
3.3670684	1.3025
3.38001569	1.2502
3.3551765	1.2356
3.32379034	1.2459
3.30237989	1.2683
3.28910955	1.3113
3.28011898	1.3823
3.27741541	1.4575
3.28367988	1.5059
3.28796136	1.5218
3.2981115	1.5143
3.32157225	1.482
3.36239074	1.4079
3.41978014	1.2921
3.48013667	1.1739
3.51739558	1.095
3.52197854	1.0765
3.49098825	1.1218
3.45044421	1.203
3.42170265	1.2991
3.39030773	1.3833
3.37588169	1.4318
3.37838641	1.4508
3.39057183	1.4369
3.40598218	1.3738
3.42954781	1.283
3.45355077	1.2164
3.45722327	1.2094
3.43619927	1.2481
3.39994164	1.3084
3.37522368	1.3705
3.37906646	1.4312
3.39506682	1.4951
3.41954985	1.5326
3.44360941	1.5289
3.48208032	1.4769
3.53000703	1.4058
3.56697449	1.3296
3.56137827	1.2839
3.52107512	1.2695
3.47332259	1.2671
3.42602785	1.2804
3.38092037	1.3049
3.35314431	1.3277
3.36040366	1.3312
3.40463932	1.3239
3.48406749	1.3028
3.57450045	1.2883
3.6453236	1.276
3.68413961	1.2755
3.68655679	1.2955
3.6488751	1.3403
3.58918499	1.3857
3.52416413	1.4271
3.47602596	1.4485
3.4424646	1.4603
3.43074658	1.4489
3.43805529	1.4231
3.47893052	1.3799
3.52635559	1.3513
3.57179323	1.3458
3.60752035	1.3573
3.63755284	1.3685
3.65999593	1.3724
3.67892909	1.3672
3.66753948	1.3719
3.63340163	1.3817
3.59032838	1.3935
3.55706883	1.4029
3.53911417	1.408
3.52312108	1.4216
3.51401281	1.4325
3.52661917	1.4345
3.57027327	1.423
3.6340252	1.3919
3.6975127	1.3595
3.73246569	1.3196
3.7329352	1.2851
3.69636477	1.2638
3.64540985	1.2648
3.57841768	1.2913
3.52009469	1.3317
3.49022896	1.3642
3.48768722	1.3827
3.51244781	1.3877
3.55533636	1.373
3.60257606	1.3441
3.6436963	1.3101
3.68521353	1.2505
3.71762062	1.1912
3.73187624	1.157
3.69836811	1.1695
3.6002302	1.2279
3.48128527	1.2788
3.40033099	1.3132
3.37163825	1.3327
3.37482399	1.3469
3.39152697	1.3633
3.42898166	1.3733
3.48405566	1.3642
3.54209175	1.325
3.58442344	1.2684
3.5919211	1.2237
3.56477444	1.2087
3.51757713	1.2207
3.47718553	1.2494
3.4508295	1.2825
3.42211103	1.3101
3.40319914	1.3308
3.40337226	1.3401
3.44242309	1.3171
3.5017697	1.2718
3.54688674	1.2266
3.57242891	1.1858
3.5880595	1.1618
3.58858432	1.1589
3.57468894	1.1728
3.52922288	1.2089
3.47579849	1.2611
3.43628483	1.3153
3.4177971	1.3495
3.41647951	1.3758
3.43121608	1.3966
3.43996107	1.4059
3.44261635	1.4015
3.45382507	1.3739
3.46764276	1.3331
3.48358197	1.2843
3.49930814	1.2334
3.48803303	1.1899
3.44666278	1.1458
3.40465354	1.1114
3.39140106	1.1014
3.40335613	1.1194
3.41626147	1.1652
3.42944831	1.2106
3.44731847	1.2504
3.47508138	1.2779
3.50590652	1.3091
3.53923809	1.3378
3.56668587	1.3523
3.57605438	1.3328
3.5698867	1.2849
3.56901135	1.234
3.57445253	1.2181
3.57523046	1.2286
3.53499513	1.2516
3.48183741	1.2606
3.43798672	1.2579
3.43105717	1.2582
3.44328266	1.2864
3.45853901	1.3238
3.46527193	1.355
3.47736727	1.3505
3.48076411	1.327
3.47103255	1.3118
3.45536655	1.3202
3.43363428	1.3194
3.41931158	1.3015
3.42534542	1.26
3.4513733	1.2265
3.49146645	1.2226
3.52148639	1.2299
3.5492619	1.2366
3.56977912	1.2326
3.59348118	1.2248
3.60564915	1.2323
3.58640745	1.252
3.54120341	1.2747
3.49238578	1.2819
3.45475338	1.2679
3.43146278	1.2414
3.4163511	1.2195
3.41350574	1.1964
3.42158623	1.1665
3.44162061	1.1449
3.4790714	1.1422
3.51945642	1.161
3.54897122	1.1792
3.55281044	1.2099
3.51601304	1.2503
3.47564443	1.288
3.44472305	1.3232
3.43034433	1.3572
3.4344084	1.3751
3.44591107	1.3723
3.45872364	1.3725
3.48314249	1.3657
3.51307746	1.3609
3.54127145	1.3576
3.55830133	1.3574
3.56246967	1.3562
3.55701713	1.3658
3.5462347	1.3868
3.52293253	1.4178
3.4943391	1.4372
3.45322132	1.4508
3.41382053	1.4662
3.38371383	1.4806
3.3733191	1.4695
3.38762534	1.4431
3.42425871	1.3907
3.50310019	1.3287
3.60125344	1.2798
3.68835211	1.2395
3.72685346	1.2119
3.70243121	1.1998
3.63379509	1.2051
3.53616856	1.2368
3.43711379	1.2858
3.37102658	1.321
3.33533443	1.3473
3.33589058	1.3452
3.36448582	1.3186
3.42302799	1.2742
3.4950266	1.2307
3.56870472	1.1974
3.61911763	1.1835
3.62718257	1.1871
3.59976299	1.2071
3.55638003	1.2455
3.51493849	1.2988
3.46615348	1.3511
3.41811523	1.3978
3.38254763	1.4204
3.36616692	1.4096
3.37652961	1.3704
3.41005229	1.332
3.45918867	1.2897
3.52582386	1.2464
3.59862449	1.2159
3.66239005	1.2033
3.68952751	1.209
3.66686154	1.2262
3.61957573	1.257
3.57810531	1.2925
3.55729022	1.3242
3.54988947	1.3447
3.53322556	1.3584
3.51972668	1.36
3.50442803	1.3598
3.51394356	1.3555
3.54618028	1.34
3.57029279	1.3118
3.56524994	1.2771
3.53088104	1.2562
3.4983025	1.253
3.48771777	1.2602
3.4822488	1.2642
3.45337687	1.2417
3.40548471	1.2253
3.35515239	1.2437
3.33305783	1.3007
3.34080222	1.3678
3.37385327	1.4097
3.41341973	1.422
3.44770087	1.4238
3.4689951	1.4301
3.48685308	1.4279
3.4958969	1.4059
3.48603461	1.3653
3.45271386	1.3288
3.40199176	1.313
3.35158238	1.3241
3.31518193	1.35
3.3044145	1.37
3.31279722	1.3793
3.32478842	1.3804
3.32868873	1.383
3.32818609	1.3779
3.34701601	1.363
3.400901	1.3423
3.45290029	1.3368
3.4510113	1.3483
3.40332338	1.3642
3.34739666	1.3844
3.32888108	1.4024
3.35063776	1.4163
3.38535414	1.4364
3.40005533	1.4491
3.39905524	1.4405
3.39778096	1.4118
3.4282274	1.3712
3.45441352	1.347
3.44478935	1.3397
3.40280853	1.3532
3.34327504	1.3853
3.30731938	1.413
3.30568187	1.4293
3.32371104	1.422
3.34768866	1.4055
3.37638319	1.38
3.41581187	1.343
3.47587738	1.2954
3.54186568	1.2553
3.60010842	1.2436
3.62777773	1.2478
3.60325295	1.2865
3.55007428	1.317
3.50247197	1.3263
3.48545284	1.3076
3.48694407	1.2861
3.50211522	1.2607
3.53392656	1.2448
3.60871596	1.2244
3.72186369	1.2068
3.80519288	1.193
3.80141977	1.1924
3.72209602	1.2225
3.61731342	1.2836
3.54854743	1.3516
3.49825861	1.3951
3.45512926	1.405
3.42474668	1.4036
3.41464691	1.3945
3.43479956	1.3553
3.4664129	1.2871
3.48761412	1.2294
3.49267797	1.2043
3.49537508	1.2209
3.4878791	1.2572
3.47399919	1.2863
3.44926676	1.3053
3.43338469	1.3273
3.4226355	1.3591
3.41578493	1.3952
3.40095788	1.4128
3.38397727	1.4079
3.37237475	1.3975
3.36773112	1.3963
3.3723652	1.4052
3.38531371	1.4124
3.39895661	1.3995
3.41048324	1.3652
3.43313179	1.3114
3.47473533	1.2639
3.52448805	1.235
3.54818054	1.221
3.51600901	1.2066
3.42702359	1.2181
3.34963984	1.2638
3.3140581	1.3306
3.31695557	1.3986
3.33420099	1.4278
3.35965947	1.4281
3.38906828	1.4083
3.44766824	1.3878
3.53393966	1.3536
3.6232224	1.3094
3.6610987	1.2709
3.63180824	1.2622
3.56452967	1.3002
3.49853971	1.3618
3.4497331	1.4206
3.41906653	1.462
3.40485645	1.484
3.41402345	1.494
3.4476493	1.4801
3.50824896	1.4382
3.57251775	1.388
3.61298079	1.3489
3.62065936	1.3332
3.59008617	1.3248
3.53752487	1.3263
3.47587886	1.3434
3.41803321	1.3817
3.38426763	1.4077
3.37341927	1.3995
3.39609549	1.3559
3.45978473	1.2967
3.55485495	1.2338
3.64595979	1.2003
3.7072945	1.1793
3.71988309	1.1787
3.68588096	1.2057
3.61700336	1.2716
3.52553134	1.3517
3.43683828	1.4082
3.37167645	1.4183
3.3294544	1.3867
3.31499775	1.3316
3.31893121	1.272
3.32579192	1.2407
3.32615748	1.2269
3.31657077	1.2242
3.30077271	1.2319
3.28585595	1.2638
3.28829777	1.3118
3.29673436	1.3702
3.30969724	1.409
3.3280777	1.4255
3.36025392	1.4184
3.4039212	1.4114
3.4417453	1.3964
3.45417836	1.3693
3.43276705	1.3193
3.40722101	1.2728
3.38890803	1.2467
3.38471933	1.2516
3.36895067	1.272
3.3357745	1.2833
3.31081863	1.2835
3.30507495	1.2797
3.298077	1.2875
3.28313931	1.3081
3.25826199	1.3363
