3.4489267	1.4121
3.51439655	1.3341
3.60245204	1.2451
3.68241858	1.1804
3.70912249	1.1619
3.66935792	1.1841
3.59705747	1.2167
3.5081113	1.2585
3.43120044	1.2874
3.37919213	1.2933
3.35517017	1.2794
3.36218803	1.2413
3.411341	1.1944
3.49544612	1.1539
3.59352395	1.1443
3.66951733	1.1693
3.71071125	1.2136
3.71023803	1.2734
3.70214531	1.3311
3.68928975	1.3769
3.66802935	1.3927
3.64961952	1.3692
3.64127319	1.3237
3.66119164	1.2734
3.68722092	1.2369
3.69375771	1.2162
3.68515313	1.2041
3.68358201	1.2039
3.68288651	1.2187
3.66859748	1.2372
3.63979018	1.2522
3.6105459	1.2538
3.61433799	1.237
3.64245226	1.2138
3.67461184	1.2011
3.70046218	1.2006
3.72542286	1.204
3.7444145	1.2167
3.74484665	1.2363
3.72916691	1.259
3.72248275	1.2664
3.73189117	1.2592
3.74819943	1.2395
3.77355221	1.2076
3.77759711	1.1772
3.75453353	1.1657
3.71400319	1.1727
3.66447977	1.1989
3.59091511	1.2335
3.50714685	1.2671
3.4446622	1.2977
3.41077526	1.3283
3.41385402	1.3299
3.4485948	1.2934
3.5079401	1.2323
3.57850374	1.1776
3.65764187	1.1409
3.72363288	1.1231
3.75696861	1.11
3.72029974	1.1242
3.63122939	1.1778
3.54392745	1.2529
3.48453767	1.3128
3.45038927	1.3441
3.44095964	1.3541
3.45022281	1.3624
3.48813563	1.3589
3.55772268	1.3206
3.62909808	1.2707
3.66371291	1.2446
3.64399258	1.2508
3.57854264	1.2726
3.49658571	1.2997
3.42552845	1.316
3.36592421	1.3366
3.32713525	1.3643
3.31774736	1.3792
3.35972227	1.3607
3.4371695	1.331
3.5152308	1.3039
3.54718274	1.296
3.53234815	1.3033
3.4926413	1.3229
3.46210709	1.3546
3.42384721	1.4089
3.38272004	1.4651
3.35717085	1.4823
3.34923406	1.4604
3.36473676	1.4294
3.3924608	1.3946
3.41674989	1.3494
3.43604656	1.3002
3.45527033	1.2617
3.46432508	1.2637
3.46824647	1.2891
3.44810812	1.3348
3.42677148	1.3705
3.41672644	1.3851
3.41250969	1.3908
3.41485067	1.3821
3.43980849	1.3453
3.48935235	1.2995
3.53673315	1.253
3.55400358	1.225
3.53429994	1.2135
3.50455758	1.2261
3.49388632	1.2564
3.48309284	1.2978
3.45875534	1.3409
3.43351787	1.3667
3.43200666	1.3603
3.46098824	1.3336
3.49419805	1.3135
3.49007813	1.3081
3.44564632	1.3189
3.41136456	1.3431
3.39969919	1.3818
3.39048178	1.4158
3.36414423	1.4514
3.3455747	1.472
3.3527633	1.4527
3.3940973	1.3992
3.43602563	1.3371
3.44111229	1.2865
3.411482	1.278
3.40235653	1.296
3.402559	1.3501
3.40396314	1.4157
3.4068403	1.4721
3.42610838	1.4964
3.46465189	1.5026
3.52313176	1.4819
3.59556199	1.4418
3.65064659	1.3784
3.66533785	1.3147
3.63900727	1.2848
3.57284358	1.304
3.4911924	1.3406
3.42150551	1.3695
3.3773318	1.392
3.36088866	1.4071
3.372448	1.4161
3.39449843	1.4146
3.43379691	1.3925
3.47884763	1.3558
3.51281073	1.3237
3.51302566	1.3308
3.47799121	1.3539
3.42985331	1.3767
3.38360724	1.3869
3.33175556	1.3889
3.29170909	1.3935
3.27813072	1.3913
3.30769181	1.365
3.38958168	1.3068
3.48433395	1.2566
3.55123539	1.2371
3.58256306	1.2512
3.57416652	1.2834
3.5230357	1.3222
3.45007965	1.3811
3.37653971	1.4548
3.31536261	1.4991
3.2703871	1.5052
3.2459188	1.4767
3.24397002	1.4196
3.26367105	1.3475
3.3015108	1.2769
3.34513678	1.2126
3.37617173	1.1802
3.4024854	1.1884
3.42457843	1.2326
3.43240683	1.3052
3.4224437	1.3924
3.41730023	1.4574
3.42477806	1.4824
3.44294081	1.4698
3.45794254	1.4369
3.46970525	1.4125
3.4753892	1.3964
3.47926861	1.3731
3.47534243	1.3495
3.45320733	1.3365
3.41921762	1.3427
3.38687085	1.3556
3.37160487	1.3607
3.37300724	1.3509
3.37980015	1.3373
3.39335201	1.3411
3.4260809	1.3532
3.46336428	1.3698
3.48911273	1.3706
3.48949056	1.3757
3.47484903	1.3986
3.45682786	1.4329
3.44094698	1.4671
3.42454229	1.4812
3.41186589	1.4739
3.40745829	1.4401
3.41618135	1.4041
3.42924332	1.3776
3.4232264	1.3523
3.42188423	1.3161
3.41772366	1.3002
3.4197813	1.3104
3.41608484	1.3455
3.40795621	1.3736
3.4003248	1.3925
3.40453959	1.4001
3.43217322	1.4099
3.47486985	1.4159
3.51695188	1.4002
3.54238267	1.3676
3.54651194	1.3343
3.53904919	1.3127
3.53552419	1.3075
3.54650312	1.3059
3.55687518	1.2976
3.56606027	1.2791
3.59057328	1.2638
3.63744891	1.2617
3.69730438	1.2663
3.72054114	1.2797
3.69918096	1.3233
3.66253374	1.3905
3.62458239	1.4533
3.59980798	1.4975
3.56613557	1.5166
3.52046355	1.4875
3.48857534	1.4135
3.50453241	1.3246
3.56572547	1.2432
3.6158657	1.1998
3.61305814	1.1755
3.58448212	1.1611
3.57465867	1.1794
3.56528516	1.24
3.53020983	1.3265
3.48120152	1.4053
3.46023886	1.4446
3.47586811	1.4515
3.517518	1.4252
3.56619257	1.3844
3.61742958	1.3502
3.66267738	1.3076
3.69219428	1.2754
3.68536493	1.2789
3.62671504	1.302
3.55677203	1.3363
3.5088391	1.3697
3.48298428	1.3853
3.47167711	1.3885
3.48283975	1.3769
3.52274188	1.349
3.5773675	1.312
3.62036169	1.2849
3.62647398	1.2735
3.60106237	1.2931
3.55603226	1.337
3.49624664	1.4002
3.43566357	1.4448
3.39008919	1.4588
3.38040056	1.4419
3.39656998	1.414
3.42380268	1.3792
3.45125217	1.3344
3.4778862	1.2907
3.50355706	1.2577
3.53100437	1.256
3.5178593	1.2907
3.46183303	1.3386
3.39313246	1.376
3.34673811	1.398
3.33207762	1.4175
3.34157196	1.4239
3.36198855	1.3945
3.3989818	1.3256
3.44999905	1.2434
3.50106138	1.1883
3.52933388	1.1669
3.51730473	1.171
3.48260251	1.1802
3.44402382	1.1998
3.41184726	1.247
3.40653825	1.3029
3.4217469	1.3471
3.44675297	1.3671
3.47718365	1.3618
3.51211778	1.3539
3.56240377	1.3443
3.5992416	1.3439
3.60248702	1.3385
3.56879615	1.3154
3.51955077	1.2781
3.47794261	1.2503
3.4535301	1.2355
3.43309192	1.2185
3.42927482	1.1792
3.46105749	1.1354
3.53811202	1.1031
3.61671475	1.115
3.66157188	1.1503
3.66420425	1.1993
3.65169918	1.2465
3.6180621	1.2798
3.57333113	1.3036
3.54407972	1.3244
3.54940736	1.3009
3.58882014	1.2272
3.63951578	1.1483
3.67083846	1.1059
3.66771656	1.1197
3.63629652	1.1531
3.58282807	1.1845
3.52084196	1.2381
3.47753359	1.2973
3.45688207	1.3491
3.46446986	1.3735
3.50121175	1.3475
3.57010989	1.2868
3.67542003	1.2223
3.78369473	1.1906
3.84648399	1.1888
3.80876875	1.2088
3.70580282	1.2583
3.6178998	1.3069
3.5663236	1.3484
3.55469642	1.3687
3.56890589	1.3591
3.61808386	1.2968
3.70060249	1.1913
3.80016092	1.0907
3.87570279	1.0263
3.87183108	1.017
3.78410636	1.0503
3.65810869	1.1088
3.53812002	1.1772
3.46035332	1.2511
3.4430295	1.3088
3.47352331	1.3191
3.5446968	1.2647
3.63908386	1.1769
3.73804429	1.0962
3.80413608	1.0659
3.81613239	1.0793
3.76063291	1.098
3.65409742	1.115
3.55498498	1.1354
3.49985095	1.1805
3.47338272	1.2379
3.4744112	1.261
3.49821007	1.2529
3.57341026	1.2268
3.66039845	1.2254
3.74078814	1.2454
3.76477579	1.2725
3.73358476	1.2853
3.67606225	1.2756
3.62201963	1.2683
3.59229103	1.2761
3.58169059	1.2883
3.57794734	1.2721
3.59367144	1.2304
3.64392389	1.1844
3.71596783	1.1669
3.77130267	1.1816
3.7864186	1.1969
3.76548727	1.1973
3.71529054	1.1893
3.65376574	1.1846
3.61185015	1.1931
3.59609693	1.1937
3.60573891	1.162
3.64197275	1.1077
3.69543181	1.0616
3.76836408	1.0535
3.83267267	1.071
3.83876876	1.0966
3.79558498	1.1272
3.72334118	1.1715
3.6567185	1.2254
3.6117955	1.2752
3.58966306	1.2989
3.58652079	1.2858
3.60020271	1.2397
3.63393255	1.1831
3.67569687	1.1538
3.68684964	1.1475
3.6564854	1.1564
3.60512726	1.1854
3.53692793	1.2369
3.48117845	1.3033
3.44931189	1.3537
3.45042963	1.3652
3.49555167	1.3351
3.57964551	1.2809
3.68288697	1.2193
3.76750401	1.1923
3.80355837	1.1893
3.75696806	1.2056
3.62711224	1.2512
3.48402142	1.3417
3.39872017	1.4409
3.36272932	1.504
3.36503931	1.5066
3.40486627	1.4732
3.47674007	1.4147
3.58756965	1.3383
3.71095657	1.2706
3.76923119	1.214
3.71355425	1.1928
3.60515269	1.2227
3.50390273	1.2997
3.42532119	1.3849
3.35572405	1.4405
3.32186756	1.4481
3.3350545	1.4243
3.40220648	1.3757
3.51857049	1.3168
3.6370642	1.2693
3.70761516	1.2295
3.70736605	1.2089
3.64328446	1.2262
3.56193014	1.2814
3.49497801	1.3533
3.44905236	1.4058
3.42516701	1.4097
3.42242021	1.387
3.45198456	1.3479
3.50809302	1.3065
3.58310616	1.2795
3.63484818	1.2722
3.63253686	1.273
3.58471094	1.2937
3.53437085	1.3384
3.50914624	1.3805
3.48230358	1.3998
3.45847065	1.3877
3.44153044	1.3507
3.44405439	1.2998
3.46219684	1.2573
3.47880411	1.2504
3.47680163	1.2684
3.46631032	1.3053
3.45581037	1.3598
3.44600497	1.4197
3.43505499	1.4675
3.42285495	1.4749
3.42541333	1.4354
3.44236053	1.36
3.4790734	1.2929
3.52680043	1.248
3.55589875	1.2168
3.55479226	1.2052
3.52559386	1.2209
3.47412172	1.2708
3.4315291	1.3396
3.41993942	1.3863
3.4304705	1.3895
3.44700071	1.3551
3.48547638	1.3124
3.54039819	1.2826
3.59232326	1.2532
3.59451789	1.2374
3.55171887	1.2527
3.50132168	1.3014
3.45491974	1.3904
3.41666332	1.4689
3.39323599	1.5022
3.39282074	1.5008
3.43027925	1.4664
3.48506123	1.4151
3.54162839	1.3519
3.57453042	1.277
3.58616471	1.218
3.58045735	1.2139
3.55508921	1.2513
3.50153333	1.316
3.44982072	1.3726
3.42115685	1.4137
3.41385735	1.4267
3.42221969	1.4121
3.45184882	1.3727
3.49422077	1.3138
3.5531045	1.2495
3.60045699	1.1955
3.6104341	1.1724
3.58150284	1.1751
3.53095623	1.2203
3.48083176	1.2838
3.44626822	1.3448
3.43594251	1.3878
3.43880773	1.3994
3.45715393	1.3928
3.49401802	1.3794
3.55065728	1.3563
3.59711561	1.3208
3.5967715	1.285
3.53587968	1.3051
3.46572296	1.3706
3.4309238	1.4557
3.41547394	1.5007
3.39136289	1.4912
3.35686696	1.4629
3.34521192	1.4333
3.38056054	1.3843
3.45715477	1.3106
3.53425267	1.232
3.57234752	1.1812
3.56928693	1.1867
3.57192058	1.2292
3.57284291	1.2786
3.56152818	1.3001
3.54265921	1.3137
3.53732638	1.3291
3.57264624	1.3504
3.62322542	1.3433
3.65244695	1.3008
3.65104534	1.2512
3.62531371	1.2447
3.61023974	1.2903
3.59667482	1.3414
3.57060957	1.3483
3.52875793	1.3271
3.50274534	1.312
3.51389624	1.3052
3.54321331	1.3088
3.55682509	1.3022
3.54581356	1.3071
3.5347481	1.3383
3.51469359	1.4043
3.48171798	1.4699
3.44845832	1.502
3.43655243	1.4984
3.44263009	1.4699
3.47332467	1.4105
3.54347281	1.3354
3.63817596	1.2724
3.71696851	1.2214
3.7345585	1.2009
3.7028682	1.2137
3.63022134	1.282
3.55121915	1.3726
3.46997991	1.4638
3.42510817	1.5157
3.4050034	1.5159
3.4183937	1.4718
3.46298287	1.4066
3.52884835	1.3299
3.59830413	1.2353
3.64819249	1.1413
3.68347414	1.0876
3.67612116	1.1092
3.60195739	1.1902
3.50404959	1.2892
3.43607982	1.3735
3.40673137	1.4305
3.40766108	1.4644
3.42134998	1.4879
3.46402264	1.4847
3.52756426	1.4474
3.59797879	1.377
3.66818618	1.3134
3.69668523	1.2833
3.66560379	1.302
3.61229502	1.3358
3.56618473	1.3677
3.53183359	1.3968
3.49406085	1.4189
3.46715171	1.4241
3.46289301	1.405
3.49697647	1.3438
3.54890662	1.2609
3.59138535	1.1898
3.5850814	1.167
3.55697155	1.1784
3.5279598	1.2113
3.51247523	1.2377
3.49957338	1.2619
3.47924071	1.3022
3.47297222	1.337
3.49393587	1.3489
3.53741735	1.3145
3.57809451	1.2655
3.57874017	1.2518
3.55090401	1.278
3.52313538	1.3204
3.50867759	1.3361
3.49126416	1.3281
3.47481449	1.3276
3.4741458	1.3438
3.5005204	1.3444
3.56215143	1.3047
3.63590207	1.2498
3.6854538	1.2139
3.67260764	1.2167
3.63454581	1.2497
3.61446033	1.2917
3.60892614	1.3298
3.57015498	1.3745
3.52325343	1.4077
3.49573836	1.4266
3.51545321	1.4083
3.56646896	1.3564
3.60434366	1.3085
3.60608709	1.2737
3.59281931	1.2565
3.58255021	1.2523
3.57235542	1.2763
3.53541286	1.3295
3.49312155	1.3802
3.46153549	1.4209
3.46887605	1.4258
3.50588099	1.4094
3.55952127	1.3582
3.62237518	1.2864
3.67692192	1.2435
3.70805343	1.2466
3.71299841	1.2619
3.68325053	1.2777
3.61748092	1.3086
3.56500811	1.3549
3.53314495	1.4132
3.52293715	1.4493
3.55596862	1.4234
3.60750913	1.3532
3.66694036	1.2782
3.7244232	1.2473
3.75351608	1.2428
3.74905362	1.2483
3.69509459	1.2607
3.5971668	1.2966
3.4982217	1.3577
3.43258221	1.4145
3.41715671	1.4374
3.45280196	1.4133
3.52190781	1.352
3.60508967	1.2857
3.68381671	1.2461
3.73149575	1.2193
3.72283738	1.2215
3.66199186	1.2664
3.57905511	1.3501
3.49853204	1.4571
3.43379721	1.5547
3.40262186	1.6099
3.40488876	1.6192
3.44814861	1.5792
3.52690828	1.5041
3.62247381	1.4114
3.69373513	1.3248
3.73602283	1.251
3.72737986	1.226
3.67115234	1.2666
3.5859866	1.3638
3.50609807	1.4874
3.45304672	1.5748
3.44132226	1.5818
3.47005015	1.5326
3.52800439	1.462
3.58954735	1.3729
3.64763793	1.2724
3.69256138	1.1755
3.69652204	1.1165
3.64189609	1.1245
3.56181562	1.1925
3.49990152	1.2769
3.48551249	1.3384
3.51448299	1.369
3.55886968	1.3945
3.61986075	1.4079
3.67560577	1.396
3.72631726	1.3606
3.75274209	1.3349
3.71371731	1.3465
3.62293834	1.4001
3.54073042	1.4729
3.4948163	1.5218
3.48642276	1.5187
3.50074331	1.4767
3.54859185	1.4181
3.62020323	1.3486
3.68345099	1.2802
3.71130162	1.2206
3.67849662	1.1888
3.59029048	1.2082
3.47183173	1.2894
3.37240961	1.3971
3.31897186	1.4581
3.30094901	1.4677
3.32141805	1.4335
3.38400994	1.356
3.47283412	1.2693
3.57523313	1.1822
3.66772128	1.1341
3.71128812	1.1323
3.65889318	1.1787
3.55582427	1.2582
3.46213503	1.3454
3.41199123	1.4139
3.40193425	1.4458
3.42686623	1.4328
3.48423759	1.3752
3.55680711	1.2853
3.63489759	1.2016
3.67852838	1.1648
3.64660237	1.1988
3.54900739	1.2891
3.44354276	1.3962
3.35163665	1.4651
3.28982397	1.4837
3.26321705	1.4782
3.26614843	1.4597
3.29587927	1.3978
3.35769487	1.2941
3.43043919	1.171
3.47508242	1.1129
3.47085369	1.1333
3.44838225	1.2521
3.43150781	1.401
3.4045817	1.5042
3.36238656	1.5438
3.33188183	1.5442
3.33562433	1.5244
3.38639499	1.4477
3.48310432	1.2961
3.58423321	1.1288
3.62287723	1.0008
3.58504635	0.9457
3.50306841	0.9851
3.42149697	1.0799
3.33673871	1.1812
3.2652561	1.2686
3.22931085	1.3428
3.24422585	1.396
3.30438499	1.4108
3.39902669	1.3733
3.50176936	1.2931
3.56485403	1.2147
3.56571319	1.1685
3.51825061	1.1916
3.44752092	1.2601
3.37242652	1.3346
3.2987095	1.4021
3.25742439	1.4572
3.25731355	1.4894
3.29428052	1.4721
3.35192346	1.4144
3.4193476	1.3411
3.45865593	1.2853
3.46599834	1.2534
3.45360181	1.2439
3.4263053	1.2513
3.37900706	1.2756
3.33113406	1.2969
3.31376972	1.311
3.347128	1.2919
3.41944134	1.2497
3.49682742	1.2029
3.54260821	1.1882
3.56061692	1.2048
3.55263392	1.246
3.50449298	1.2982
3.43516288	1.3456
3.38079193	1.382
3.36344375	1.4055
3.37895713	1.41
3.41637163	1.3877
3.46297096	1.3413
3.50776808	1.2966
3.53415897	1.2887
3.54018311	1.3287
3.52082572	1.3918
3.46555257	1.4497
3.4028869	1.4766
3.3520582	1.4892
3.33956414	1.4769
3.36117187	1.449
3.41537324	1.3908
3.49140793	1.3063
3.57533606	1.2306
3.67791635	1.2016
3.76268312	1.2472
3.78576913	1.3399
3.72965487	1.4489
3.64238122	1.5221
3.5801659	1.5484
3.54879599	1.5489
3.5400149	1.5295
3.54080437	1.4807
3.55024631	1.3793
3.57784088	1.2458
3.62478914	1.155
3.66352603	1.1455
3.66546814	1.2033
3.62970109	1.2823
3.56528581	1.356
3.4920198	1.4228
3.44317205	1.4813
3.41813695	1.5278
3.427559	1.527
3.46063433	1.4806
3.49671593	1.4218
3.52004249	1.3637
3.55975499	1.3024
3.61528208	1.2514
3.65131502	1.2239
3.64911447	1.2358
3.61048967	1.2791
3.58327465	1.3256
3.5816455	1.3593
3.58742836	1.3974
3.58005705	1.4417
3.58013646	1.4919
3.61782302	1.4973
3.66108726	1.4694
3.6801957	1.3994
3.65658589	1.3103
3.61513521	1.2291
3.59717176	1.1802
3.60666733	1.1517
3.61594534	1.1306
3.61803932	1.1227
3.64731625	1.1367
3.70791672	1.1857
3.75438617	1.2496
3.75508457	1.2956
3.73962803	1.3123
3.7352146	1.3122
3.73840564	1.3118
3.73299455	1.2985
3.68627552	1.2873
3.62103246	1.288
3.59120121	1.3033
3.60880962	1.3304
3.6449774	1.3383
3.66377051	1.3178
3.67567812	1.2632
3.69525447	1.1905
3.71426323	1.1094
3.69331115	1.0417
3.59912193	0.9978
3.4839038	0.995
3.39959526	1.0196
3.34979848	1.0652
3.33379124	1.1184
3.3422162	1.1811
3.3586441	1.2398
3.38013091	1.2832
3.40870645	1.3102
3.44790748	1.3161
3.48987959	1.2953
3.51687502	1.2438
3.52417816	1.1687
3.51588551	1.0898
3.50275171	1.0404
3.49004142	1.0339
3.48524693	1.05
3.48145311	1.0693
3.47464384	1.0839
3.46861918	1.1128
3.45093047	1.1712
3.44215515	1.2274
3.4342361	1.2492
3.43157999	1.2218
3.4322895	1.1728
3.44001564	1.1454
3.46822005	1.1349
3.5089782	1.1264
3.54364863	1.0863
3.54692121	1.0242
3.50659442	0.9787
3.45705745	0.9954
3.41761507	1.0615
3.39893966	1.1387
3.38858174	1.1922
3.38492733	1.2203
3.39686116	1.2345
3.43110259	1.2416
3.4736428	1.232
3.49656421	1.1775
3.48513867	1.0988
3.44835372	1.0349
3.41876743	1.0147
3.39369153	1.0366
3.35910368	1.0689
3.31238542	1.0938
3.27611326	1.1043
3.27126541	1.121
3.28735363	1.1347
3.31633434	1.1318
3.3553616	1.1059
3.41762763	1.0483
3.49648086	0.9803
3.56071434	0.9231
3.60715155	0.905
3.63707347	0.9265
3.62415507	0.9801
3.56602971	1.0588
3.48785512	1.164
3.433387	1.2738
3.40304862	1.3608
3.40017799	1.4107
3.42114328	1.4254
3.46704692	1.3926
3.52874052	1.2926
3.61011734	1.1627
3.70280003	1.0416
3.74656625	0.9678
3.72795965	0.9446
3.64784654	0.9784
3.55040601	1.0533
3.47789447	1.1493
3.42298602	1.26
3.39682542	1.3561
3.39522419	1.4255
3.42322039	1.4356
3.48158752	1.3965
3.55792197	1.3271
3.63504933	1.2408
3.6817297	1.1637
3.67163334	1.1101
3.63058507	1.0989
3.57637658	1.1324
3.51237246	1.1964
3.4537097	1.2727
3.41959918	1.342
3.40150173	1.3979
3.40343481	1.4276
3.42573086	1.4319
3.45869329	1.4188
3.48210337	1.3891
3.4803583	1.3578
3.4557051	1.3285
3.43031092	1.2918
3.42359189	1.251
3.42854711	1.2275
3.44328311	1.224
3.46552735	1.2442
3.50286537	1.2892
3.54910296	1.3405
3.57826307	1.3859
3.57934126	1.4184
3.55994462	1.4566
3.54901345	1.4795
3.54770765	1.4832
3.5546736	1.4544
3.56639348	1.403
3.59327697	1.338
3.63927962	1.2903
3.65627548	1.2768
3.62698281	1.2857
3.58319806	1.291
3.55971237	1.2814
3.55553946	1.2588
3.54020608	1.2552
3.4964581	1.2697
3.45236809	1.285
3.43248132	1.2716
3.41713622	1.2483
3.3871613	1.2338
3.35606622	1.2313
3.3621058	1.229
3.3941734	1.2275
3.40422702	1.2306
3.38230878	1.2473
3.3576758	1.2774
3.36849914	1.3027
3.40685236	1.3054
3.43513341	1.2769
3.44223887	1.224
3.46491606	1.1651
3.54208627	1.1223
3.61317596	1.1084
3.60230241	1.1136
3.52352226	1.1299
3.4615718	1.1513
3.42789743	1.1771
3.39764003	1.2158
3.35354245	1.2542
3.32829585	1.2705
3.36427392	1.2603
3.4569405	1.2361
3.51900223	1.2147
3.50898572	1.2175
3.4719071	1.2359
3.47007613	1.2465
3.48012065	1.2501
3.44370419	1.2772
3.36715927	1.33
3.32489994	1.3858
3.33732091	1.4128
3.39186575	1.41
3.43891039	1.3857
3.45078716	1.3475
3.45469674	1.3149
3.49007763	1.287
3.50816439	1.2789
3.45038223	1.2802
3.33823303	1.2937
3.25097805	1.3238
3.23357716	1.3505
3.25880177	1.3593
3.28466086	1.366
3.31040107	1.3678
3.36398321	1.3437
3.4626902	1.3016
3.58201399	1.2634
3.65654052	1.2349
3.64450107	1.2189
3.5867512	1.2187
3.5384918	1.2416
3.49982389	1.2821
3.45819052	1.3378
3.41601038	1.3743
3.3921816	1.3839
3.39535921	1.3592
3.42292923	1.3124
3.47046372	1.2614
3.53169557	1.2104
3.58540018	1.1635
3.60891145	1.129
3.58441925	1.1238
3.52714446	1.153
3.46747533	1.2088
3.42531291	1.2662
3.40659526	1.3094
3.40334056	1.3267
3.41029036	1.3247
3.43016893	1.3046
3.4639277	1.2684
3.48881681	1.2315
3.49422741	1.2122
3.48153208	1.2085
3.47216309	1.2223
3.46965952	1.2352
3.47293381	1.2407
3.47238164	1.2449
3.46314233	1.2592
3.44595949	1.2789
3.42347356	1.2897
3.3917533	1.2823
3.34403368	1.2713
3.30583675	1.2681
3.29875112	1.2655
3.32587514	1.245
3.39403154	1.2061
3.49115964	1.171
3.60552052	1.1433
3.70164261	1.113
3.75111307	1.0881
3.72797967	1.1
3.63511026	1.1494
3.51028598	1.2328
3.41095287	1.3109
3.3586353	1.3705
3.35702076	1.4115
3.39365315	1.4335
3.44338743	1.4161
3.50679833	1.3484
3.58432457	1.2539
3.65783216	1.1845
3.69091047	1.1602
3.66241537	1.1831
3.5792885	1.2363
3.47835284	1.3008
3.39354471	1.3644
3.34469262	1.3997
3.3246795	1.4124
3.34754005	1.3928
3.41298417	1.3475
3.49743064	1.2779
3.5693023	1.1822
3.58763017	1.1003
3.55175959	1.068
3.48351848	1.1113
3.41573905	1.1808
3.35893535	1.2375
3.32249242	1.2743
3.31808052	1.3026
3.34793143	1.3382
3.40215543	1.3598
3.47535158	1.3377
3.54764255	1.2813
3.60274315	1.2289
3.62910737	1.2053
3.63955674	1.222
3.63315437	1.2513
3.60184266	1.2751
3.551221	1.2956
3.50736353	1.3052
3.48337907	1.3092
3.48097938	1.296
3.49794877	1.2652
3.51981035	1.2358
3.52107634	1.2346
3.51185096	1.2567
3.50457273	1.2883
3.50216721	1.3122
3.48717466	1.3305
3.44388978	1.3652
3.4013081	1.4091
3.38664574	1.444
3.40239736	1.4532
3.44021885	1.4447
3.48433307	1.44
3.52967329	1.4347
3.57884946	1.4213
3.61394307	1.3898
3.62556161	1.3535
3.61370679	1.3457
3.5945679	1.3522
3.57227647	1.3567
3.54646243	1.3447
3.51383843	1.3336
3.49860191	1.3408
3.49850249	1.3569
3.49652065	1.3737
3.49173832	1.392
3.5039742	1.4069
3.5463692	1.4134
3.5922335	1.4056
3.61524421	1.3886
3.61073202	1.3751
3.5978582	1.3666
3.57849923	1.3642
3.55583784	1.362
3.51270353	1.3667
3.47028972	1.3955
3.4434351	1.4383
3.4431756	1.4541
3.45589531	1.4173
3.46821474	1.3476
3.47974845	1.2702
3.50544771	1.2066
3.56133646	1.1537
3.60639794	1.1316
3.60897455	1.151
3.5889763	1.2118
3.59377399	1.3045
3.60738619	1.3805
3.59767117	1.4232
3.57520734	1.4415
3.57376845	1.4467
3.60531411	1.4256
3.66926558	1.359
3.73079154	1.2692
3.7469142	1.2027
3.72357195	1.1829
3.68460541	1.2013
3.63280289	1.2342
3.55898629	1.2723
3.48124005	1.3328
3.4489126	1.4088
3.44989405	1.4718
3.45503907	1.5081
3.47285586	1.5082
3.50910321	1.4754
3.56878912	1.413
3.64720049	1.3149
3.71590519	1.2176
3.759621	1.1308
3.77955682	1.0771
3.78363064	1.0742
3.74966997	1.1166
3.66070176	1.1733
3.5539995	1.2304
3.46469838	1.2911
3.43533752	1.331
3.45167949	1.3652
3.4844373	1.3795
3.51614308	1.3691
3.5518423	1.3288
3.60892638	1.2617
3.65851259	1.1994
3.65163341	1.1489
3.58230066	1.1158
3.49356802	1.0995
3.43533753	1.095
3.42043309	1.1153
3.41244142	1.1591
3.39109224	1.2117
3.37251815	1.2729
3.38534402	1.3361
3.42406838	1.3749
3.45721773	1.3823
3.4812586	1.3673
3.49136078	1.3562
3.50817915	1.3383
3.53546432	1.3002
3.58654817	1.2401
3.64216162	1.1814
3.68052024	1.1451
3.70679257	1.1311
3.70986053	1.1132
3.68873627	1.0973
3.65120721	1.1104
3.61422791	1.148
3.59734517	1.1928
3.59150738	1.2181
3.55791579	1.2261
3.50791547	1.2238
3.46697684	1.2174
3.46177281	1.2146
3.47816792	1.2002
3.48554993	1.1815
3.50299342	1.1735
3.52245082	1.1816
3.54866206	1.192
3.58107765	1.1817
3.59187126	1.1438
3.59240669	1.1011
3.59639741	1.0769
3.61565714	1.0881
3.64115339	1.1228
3.65227679	1.181
3.64023596	1.2348
3.61777893	1.2828
3.60170102	1.3217
3.59617414	1.3415
3.59191813	1.33
3.59280213	1.2824
3.60199922	1.2313
3.63851072	1.1949
3.67278405	1.1878
3.67611528	1.1986
3.63891673	1.205
3.58924152	1.1988
3.55842022	1.1957
3.56550127	1.2056
3.59295586	1.2195
3.62292393	1.2236
3.66955486	1.2143
3.72651587	1.2249
3.76488372	1.2687
3.76003142	1.3152
3.70342549	1.355
3.65065599	1.3653
3.61158948	1.3687
3.59917074	1.3652
3.59571483	1.3394
3.58889295	1.2758
3.5864134	1.1926
3.59508799	1.1145
3.61841762	1.0725
3.64604538	1.0628
3.6448497	1.0856
3.64254854	1.1278
3.6473328	1.1855
3.65997072	1.2405
3.65953214	1.288
3.6524155	1.303
3.6345687	1.2894
3.60730978	1.275
3.57545649	1.2684
3.54168834	1.2583
3.51315279	1.2634
3.49693808	1.2715
3.51199909	1.2672
3.56106602	1.2534
3.63972929	1.2288
3.72291891	1.2062
3.7724182	1.1755
3.79130054	1.1527
3.79251847	1.1598
3.75739004	1.2103
3.67575058	1.2857
3.56962911	1.3444
3.4718488	1.3589
3.40284798	1.3469
3.38463548	1.3339
3.42603839	1.3282
3.51748339	1.3003
3.61142738	1.2266
3.6982156	1.138
3.80010012	1.0847
3.88896524	1.0876
3.89435003	1.1162
3.79690175	1.1447
3.66918563	1.1821
3.58256241	1.2586
3.53698182	1.3282
3.49996188	1.3824
3.48181921	1.395
3.50582963	1.3823
3.57605435	1.3532
3.67747882	1.3165
3.7417951	1.2915
3.76532116	1.2795
3.76366586	1.2788
3.7349672	1.2954
3.67763548	1.3171
3.60478075	1.3372
3.552513	1.3544
3.54650577	1.3689
3.56095388	1.3842
3.57237702	1.4011
3.57569105	1.4171
3.60572808	1.4225
3.64840355	1.4222
3.68854883	1.4052
3.68447857	1.383
3.66683564	1.3453
3.65344144	1.3151
3.66223434	1.3008
3.66120413	1.2964
3.62405512	1.2964
3.580036	1.2947
3.56893146	1.3039
3.5913413	1.3269
3.62253252	1.3401
3.62537386	1.354
3.62137913	1.3482
3.62551639	1.3427
3.6422242	1.3521
3.65641202	1.3665
3.65378079	1.378
3.6214764	1.3764
3.56993962	1.3597
3.51214077	1.3434
3.46876439	1.3349
3.43154704	1.3321
3.4049917	1.3187
3.38910791	1.2938
3.41491197	1.2721
3.48400937	1.2682
3.57415143	1.2787
3.6469585	1.2893
3.69927866	1.2929
3.72455765	1.3125
3.73134015	1.3574
3.72190733	1.4046
3.68956001	1.4228
3.6483938	1.4107
3.61879419	1.3819
3.61525923	1.3532
3.64015222	1.3214
3.65997827	1.2866
3.66001552	1.2492
3.66122035	1.2147
3.66700016	1.2035
3.65510885	1.2199
3.62633154	1.2494
3.59008379	1.2711
3.55747485	1.2891
3.53920792	1.2967
3.53975991	1.2918
3.54905462	1.2812
3.56908477	1.27
3.59176941	1.272
3.61219771	1.2892
3.612688	1.3162
3.58536983	1.3482
3.53683692	1.389
3.48997414	1.4191
3.45287796	1.4231
3.43233903	1.4053
3.43861586	1.3886
3.47181404	1.3669
3.5142079	1.3527
3.54530075	1.3405
3.56875274	1.3341
3.58902448	1.3409
3.59428881	1.3508
3.57732081	1.3647
3.54575742	1.3805
3.51286188	1.4013
3.49102342	1.4312
3.470694	1.4443
3.45096694	1.4416
3.43700792	1.4344
3.45228756	1.4208
3.49849008	1.4043
3.55867935	1.3744
3.61506823	1.3407
3.66159794	1.3131
3.69111568	1.2994
3.69063309	1.3142
3.65899448	1.3486
3.61346108	1.3883
3.55217559	1.4287
3.48215181	1.4608
3.41328944	1.471
3.36797524	1.4586
3.36652987	1.4228
3.39954337	1.3683
3.46096105	1.3006
3.52359593	1.2323
3.56302238	1.1859
3.58617027	1.1751
3.59937964	1.2076
3.59605763	1.2719
3.56566608	1.3663
3.52758914	1.4609
3.49507407	1.539
3.47572839	1.5669
3.46256097	1.5481
3.44774451	1.4998
3.43308794	1.4571
3.42251377	1.4178
3.43162395	1.3524
3.47671391	1.2698
3.52062479	1.2108
3.53846849	1.1795
3.53389031	1.1691
3.54446493	1.187
3.58096456	1.224
3.59915058	1.2728
3.57100067	1.3246
3.53476631	1.3633
3.52001249	1.3913
3.54679445	1.383
3.59576868	1.3459
3.64548231	1.2857
3.67635725	1.2379
3.70742142	1.2119
3.73933932	1.214
3.73549785	1.2463
3.68629808	1.2956
3.60874849	1.3566
3.5342727	1.4178
3.48313014	1.4588
3.45314449	1.4833
3.45684964	1.4838
3.49330238	1.4618
3.54871958	1.4305
3.60166295	1.4008
3.64760874	1.3629
3.68386046	1.335
3.70336708	1.3375
3.71066959	1.3691
3.69290624	1.4215
3.65456259	1.4677
3.61274045	1.4696
3.58578846	1.4556
3.56464114	1.4461
3.54517756	1.4264
3.53553617	1.3935
3.52752762	1.3607
3.54394218	1.3358
3.5685028	1.3251
3.5837991	1.3228
3.58072514	1.3199
3.57385188	1.3217
3.57791741	1.3367
3.58968454	1.3483
3.58681721	1.3449
3.57341383	1.3394
3.5580684	1.3499
3.56159762	1.3831
3.57776591	1.4115
3.58153389	1.4197
3.57350586	1.407
3.56298402	1.3945
3.55052262	1.3836
3.53908729	1.3745
3.52547817	1.3596
3.50341297	1.3456
3.4770934	1.339
3.46001381	1.3437
3.46299901	1.3539
3.47491172	1.3724
3.48406277	1.3905
3.49579187	1.4007
3.50189743	1.4
3.5158035	1.3756
3.5202406	1.3647
3.5023645	1.3673
3.48640532	1.3902
3.46653433	1.4165
3.4504777	1.4329
3.44164016	1.4336
3.43439289	1.4274
3.43717221	1.4134
3.45176594	1.3889
3.47156048	1.3506
3.47912777	1.2949
3.47530872	1.2287
3.4642419	1.1817
3.45854725	1.1837
3.44600938	1.2403
3.42396535	1.3044
3.40120079	1.3715
3.40191843	1.424
3.41630606	1.4669
3.44517223	1.4865
3.47529133	1.4784
3.52060686	1.4145
3.56237292	1.3256
3.60372052	1.244
3.62793312	1.199
3.61054524	1.1992
3.54952251	1.2328
3.47963171	1.2968
3.44508942	1.3805
3.44139299	1.4636
3.45244182	1.5036
3.46202446	1.5037
3.49369743	1.4669
3.53533148	1.4059
3.57973518	1.3385
3.59915541	1.2794
3.58137195	1.2418
3.55847925	1.22
3.54420457	1.222
3.54002578	1.2475
3.52537749	1.29
3.51013406	1.3361
3.51193149	1.3822
3.535398	1.4172
3.5674061	1.4325
3.58714872	1.4302
3.59666831	1.4143
3.59889186	1.3829
3.591783	1.3542
3.58355236	1.3255
3.56490384	1.3174
3.5467968	1.3261
3.5277734	1.3362
3.51281809	1.3446
3.49004952	1.344
3.46452944	1.3451
3.44627008	1.3548
3.44347314	1.3745
3.45297781	1.3948
3.46973937	1.4095
3.48420808	1.421
3.50312293	1.4286
3.52481707	1.4309
3.5444374	1.4188
3.55432432	1.3973
3.5463907	1.3767
3.52281419	1.3716
3.50574408	1.3854
3.50837105	1.4102
3.51023615	1.4296
3.50288302	1.4365
3.48662304	1.4235
3.47389424	1.405
3.47802642	1.3652
3.49694872	1.3121
3.51405985	1.2515
3.53343734	1.1946
3.54976581	1.1636
3.57816602	1.1769
3.61074696	1.2291
3.61752525	1.2954
3.58574808	1.367
3.54593807	1.4292
3.52053125	1.4645
3.50177538	1.4593
3.49622887	1.4127
3.50458155	1.3409
3.51544892	1.2664
3.53935651	1.1985
3.57443359	1.1554
3.59517092	1.1445
3.57292345	1.1754
3.52152663	1.2314
3.47927184	1.3034
3.4516811	1.3697
3.42566275	1.4191
3.41451788	1.4424
3.40958529	1.4329
3.40278033	1.4006
3.39187338	1.3431
3.38311943	1.2855
3.37840385	1.2552
3.37592276	1.2655
3.37557186	1.2837
3.36472712	1.309
3.35248581	1.3409
3.35337346	1.3742
3.37208463	1.4172
3.39044034	1.4512
3.39411855	1.4686
3.39565309	1.4908
3.40201601	1.528
3.41843743	1.5669
3.42900247	1.5767
3.41911084	1.5566
3.39078843	1.5114
3.35897456	1.4628
3.33114122	1.4245
3.31329794	1.3832
3.29782206	1.35
3.29763452	1.317
3.31116778	1.3163
3.34027443	1.3501
3.36648771	1.3994
3.38899493	1.4437
3.41095067	1.4598
3.42047069	1.4764
3.41705884	1.4825
3.39959928	1.482
3.3852953	1.4622
3.3828781	1.4312
3.39067425	1.3974
3.39219725	1.385
3.39188621	1.3963
3.39144093	1.4229
3.39035043	1.453
3.37642544	1.4703
3.34916904	1.487
3.31957569	1.501
3.30305188	1.5079
3.30562859	1.5106
3.32089461	1.514
3.33559005	1.5104
3.34701278	1.5012
3.36188165	1.4916
3.37435974	1.4779
3.38032641	1.4603
3.38280646	1.4456
3.38171055	1.4163
3.38322978	1.3901
3.39091262	1.3621
3.39837479	1.3508
3.40730445	1.3626
3.42038349	1.3956
3.43647666	1.4347
3.44346429	1.4668
3.45176698	1.4867
3.46998721	1.482
3.4919811	1.457
3.50397585	1.4208
3.50093307	1.3748
3.48742036	1.3221
3.46053385	1.2749
3.42571914	1.2538
3.3889692	1.258
3.35778571	1.2843
3.3390553	1.3113
3.32893221	1.3524
3.3345334	1.3945
3.35806711	1.4199
3.39096285	1.4302
3.42602919	1.4283
3.44363889	1.4082
3.44817063	1.3897
3.45359855	1.3737
3.4664146	1.3662
3.47420324	1.3717
3.4595009	1.3968
3.43201484	1.4327
3.41974039	1.4384
3.41210597	1.4318
3.40364352	1.4144
3.3855278	1.4027
3.37064392	1.385
3.37687791	1.3668
3.38988434	1.3517
3.40388058	1.3451
3.41631767	1.3487
3.43695298	1.3492
3.47486767	1.3437
3.5126183	1.3313
3.5231901	1.3274
3.51780518	1.3222
3.5123457	1.3145
3.50287711	1.3096
3.47281029	1.3177
3.42017006	1.3473
3.38119119	1.3827
3.37518296	1.39
3.39288156	1.3844
3.41790549	1.3809
3.44737778	1.3805
3.48878871	1.3703
3.53232658	1.3508
3.55665214	1.3305
3.53833449	1.3344
3.49767715	1.3688
3.47225969	1.4133
3.45506362	1.4429
3.42581977	1.4459
3.38743977	1.4288
3.36366783	1.4135
3.36547913	1.3833
3.39049866	1.335
3.40761673	1.285
3.40492605	1.2478
3.39335819	1.2354
3.39687159	1.2497
3.39494795	1.3012
3.38781033	1.371
3.38747994	1.4304
3.4000754	1.459
3.42153167	1.4559
3.44200942	1.4321
3.45484498	1.3941
3.46169438	1.3326
3.46726366	1.2609
3.46911466	1.2098
3.45496871	1.1943
3.4311426	1.2097
3.40970124	1.2327
3.40987528	1.2505
3.427173	1.2771
3.45125995	1.3135
3.47321652	1.338
3.48756021	1.3389
3.48882381	1.325
3.47755001	1.3253
3.45387342	1.343
3.43296064	1.3576
3.41155861	1.3746
3.38844785	1.3803
3.3611031	1.3979
3.35306174	1.4047
3.37108203	1.3821
3.40413855	1.3393
3.42944597	1.2972
3.44404205	1.2791
3.44513102	1.3028
3.45538872	1.3536
3.46744179	1.415
3.46572047	1.4712
3.4511921	1.5246
3.43320482	1.5529
3.4197189	1.5394
3.40780772	1.4886
3.39812701	1.4119
3.40196143	1.3273
3.41682206	1.258
3.43725738	1.2178
3.43474889	1.2213
3.41602977	1.2676
3.39507702	1.3358
3.39634801	1.3994
3.41890134	1.4356
3.44726301	1.4402
3.47041087	1.4401
3.49408731	1.4269
3.53238609	1.3912
3.56523995	1.3571
3.57216587	1.3498
3.54437822	1.3769
3.50124021	1.4112
3.46486694	1.4285
3.42856778	1.4154
3.37910892	1.3976
3.33407041	1.3608
3.33102005	1.2919
3.38832186	1.2135
3.46445893	1.1581
3.49619689	1.1605
3.47906032	1.2236
3.45606746	1.3275
3.45401869	1.4304
3.44272671	1.5117
3.42549703	1.5541
3.41972663	1.5668
3.44008131	1.5412
3.48469639	1.4658
3.53611038	1.3617
3.57397965	1.2662
3.59332068	1.2076
3.60319753	1.2026
3.59366442	1.244
3.54032831	1.3097
3.46376955	1.3814
3.41095387	1.4327
3.39269567	1.4572
3.39546402	1.45
3.41411885	1.4169
3.44944698	1.3561
3.49935949	1.2939
3.55777576	1.2514
3.6050323	1.2478
3.61070897	1.2841
3.58709536	1.3376
3.55811437	1.3811
3.53553392	1.4175
3.51724056	1.4497
3.51823117	1.4579
3.54092166	1.4276
3.57321881	1.3807
3.59529698	1.3374
3.59199478	1.3317
3.58082723	1.3549
3.56074889	1.4033
3.52352226	1.4551
3.4687967	1.5094
3.41704552	1.5508
3.38767081	1.5607
3.38886376	1.5113
3.40515853	1.4334
3.4242557	1.3492
3.45038606	1.2851
3.4826098	1.2402
3.50182014	1.218
3.48503887	1.226
3.44302656	1.2662
3.41101982	1.3229
3.41041664	1.3628
3.42394648	1.3771
3.44015768	1.3631
3.45964688	1.3373
3.49186672	1.3176
3.54078491	1.3075
3.57602174	1.314
3.57589417	1.3339
3.53782758	1.3649
3.5024738	1.3858
3.48060901	1.3832
3.46977413	1.3598
3.46113264	1.3209
3.46274011	1.2677
3.49931143	1.209
3.5613254	1.1626
3.59229986	1.1484
3.56205323	1.1673
3.49296813	1.2058
3.42514135	1.2522
3.36759318	1.3108
3.31917593	1.3639
3.28777785	1.4041
3.28339134	1.412
3.31267335	1.3801
3.39004263	1.3083
3.50014265	1.2289
3.59706001	1.1658
3.63775857	1.1337
3.6242297	1.1267
3.56449702	1.1578
3.4842911	1.2134
3.39359511	1.2831
3.34351161	1.318
3.33637675	1.3258
3.37729466	1.2978
3.45111988	1.2388
3.54327871	1.1513
3.61934762	1.0811
3.65493746	1.0414
3.64219716	1.0388
3.56972582	1.0748
3.45765778	1.1394
3.36398017	1.2226
3.32993473	1.291
3.35133509	1.3234
3.40456369	1.306
3.47697939	1.2511
3.55601462	1.193
3.63622351	1.1392
3.68054428	1.1041
3.65556286	1.101
3.55753534	1.1467
3.45463041	1.2266
3.39606385	1.3079
3.38641972	1.3428
3.40387383	1.3332
3.44132901	1.2796
3.50786369	1.1884
3.59716547	1.0987
3.68306089	1.0284
3.70556136	0.9939
3.63957563	1.0003
3.51823964	1.0535
3.42450281	1.1226
3.38474738	1.1699
3.3869935	1.1759
3.41470749	1.1498
3.46491625	1.0922
3.54787976	1.0105
3.65697692	0.9481
3.72570501	0.9226
3.69856138	0.9458
3.59947559	0.9939
3.49908032	1.0664
3.43775424	1.149
3.40978399	1.2081
3.40815823	1.238
3.44721994	1.2175
3.51823197	1.1517
3.61352808	1.0891
3.69816053	1.0522
3.74334501	1.049
3.73979676	1.0681
3.68169225	1.1015
3.60034335	1.155
3.52163387	1.2143
3.46809841	1.2667
3.46397968	1.2795
3.48883727	1.2541
3.54323526	1.1978
3.5968724	1.1404
3.64381638	1.0878
3.68417581	1.0708
3.6881713	1.0952
3.64244083	1.1494
3.5537658	1.2168
3.47708678	1.2853
3.44953928	1.3321
3.46579653	1.3413
3.51198796	1.3195
3.56944584	1.2718
3.63004849	1.2103
3.69419668	1.1481
3.73302304	1.1116
3.71096949	1.1198
3.62400644	1.1702
3.52080923	1.2497
3.44487074	1.3269
3.40139811	1.3775
3.38495539	1.3963
3.39240965	1.3731
3.43006377	1.3067
3.50807431	1.2194
3.60415823	1.1581
3.66523688	1.1372
3.63942667	1.1627
3.57101548	1.2183
3.50208923	1.2951
3.44929029	1.3675
3.41425222	1.4095
3.40603778	1.418
3.44640966	1.3856
3.53309615	1.3197
3.64852884	1.2563
3.73526781	1.2116
3.77908431	1.1845
3.76730362	1.1982
3.69763227	1.2445
3.59652419	1.3112
3.50563464	1.3614
3.45102935	1.3595
3.44109243	1.3159
3.47309814	1.2574
3.54808813	1.2014
3.65121402	1.164
3.73233472	1.1584
3.74848521	1.183
3.69728782	1.2318
3.60543091	1.3009
3.51891043	1.3571
3.44108365	1.3899
3.38718169	1.3908
3.3671774	1.3609
3.39201875	1.31
3.47198516	1.2409
3.5824456	1.1778
3.66674616	1.147
3.69722042	1.1581
3.68665641	1.2077
3.65804903	1.2674
3.60116464	1.318
3.52815545	1.3391
3.46389305	1.3322
3.4516642	1.2862
3.50929063	1.2147
3.61059524	1.136
3.68756906	1.0771
3.72456029	1.0239
3.73349575	1.0129
3.71981114	1.0626
3.66496386	1.1528
3.56398707	1.2559
3.46974494	1.329
3.42448395	1.3682
3.43689936	1.3544
3.50018623	1.301
3.60532503	1.2076
3.72810711	1.1046
3.8353266	1.0171
3.87787444	0.971
3.84500299	0.9771
3.75153535	1.0215
3.61733828	1.0962
3.47639174	1.1852
3.37820917	1.2685
3.34771837	1.3028
3.37901205	1.2879
3.44870051	1.2415
3.51527776	1.1885
3.56964765	1.1288
3.6034684	1.0754
3.62178304	1.0451
3.59030969	1.0593
3.51242097	1.0975
3.43402224	1.1447
3.40535126	1.1805
3.42705321	1.1914
3.49179153	1.1926
3.56716771	1.1959
3.65211542	1.1898
3.73619045	1.1738
3.79529835	1.1647
3.78641705	1.1799
3.70991997	1.2278
3.6194808	1.2996
3.55294493	1.3558
3.51166012	1.3786
3.50028564	1.3725
3.5171059	1.3473
3.57899834	1.2948
3.67461395	1.2318
3.74921544	1.1843
3.77468312	1.1546
3.76136536	1.1656
3.73034633	1.2143
3.67173822	1.2871
3.58339001	1.3659
3.50510051	1.4387
3.47476342	1.476
3.49048232	1.4523
3.53303036	1.3932
3.57512456	1.3305
3.59973974	1.2708
3.63140594	1.2444
3.65744234	1.2522
3.62291666	1.2897
3.52714576	1.3527
3.42744397	1.4207
3.36639427	1.4546
3.34224511	1.4371
3.34510932	1.3938
3.3630075	1.3366
3.40075009	1.2778
3.46429136	1.2381
3.54854349	1.2312
3.60123928	1.2634
3.59843936	1.3224
3.55284906	1.4067
3.49932001	1.4885
3.45319404	1.5315
3.42926237	1.5274
3.42718036	1.4845
3.44813386	1.4274
3.48851712	1.3677
3.54159897	1.3113
3.57572513	1.273
3.57829568	1.2613
3.55451139	1.287
3.50710983	1.3423
3.44986078	1.4035
3.42094691	1.4466
3.42687358	1.4706
3.45918299	1.4694
3.49304662	1.4518
3.51756654	1.4109
3.54707098	1.3585
3.56395362	1.3274
3.5545249	1.3358
3.49567541	1.3755
3.42101474	1.4199
3.35432456	1.4425
3.30487041	1.4388
3.27223969	1.4166
3.25623968	1.3675
3.25941376	1.3079
3.28897051	1.2618
3.32711585	1.2554
3.36181479	1.2958
3.39319189	1.3404
3.40012966	1.3777
3.38087641	1.4089
3.35569881	1.4319
3.345134	1.4497
3.36959411	1.4308
3.42257667	1.3776
3.465261	1.3229
3.49192389	1.2879
3.51149494	1.2818
3.51767363	1.2915
3.49158221	1.3043
3.42638747	1.3328
3.36400377	1.3829
3.33001069	1.4306
3.33256611	1.4618
3.3600306	1.467
3.39398794	1.4525
3.42144575	1.4165
3.45883634	1.3574
3.50496277	1.2955
3.52238856	1.2558
3.49040675	1.2556
3.42436632	1.2909
3.36753187	1.335
3.35162813	1.36
3.35232594	1.3789
3.35534191	1.383
3.35455424	1.4008
3.36512663	1.4089
3.39968691	1.4072
3.4397397	1.4153
3.45122612	1.4382
3.42555482	1.4717
3.38874699	1.5008
3.35866416	1.5135
3.33561164	1.5063
3.30977377	1.5005
3.28492402	1.4847
3.27081973	1.4625
3.28941354	1.4173
3.33232675	1.381
3.35985263	1.3719
3.35957164	1.3838
3.35099159	1.4072
3.34054476	1.4404
3.32441093	1.4805
3.29692152	1.5257
3.27805111	1.5551
3.28896072	1.5546
3.32738549	1.5314
3.36984747	1.4981
3.39968334	1.4674
3.4184625	1.4268
3.43638122	1.3921
3.43937793	1.3783
3.40340689	1.4017
3.35022524	1.4468
3.32116777	1.4929
3.32456429	1.5218
3.33530169	1.5354
3.34176706	1.5408
3.35062073	1.5369
3.37615831	1.518
3.40421273	1.4786
3.41361425	1.4515
3.41395961	1.4454
3.41545962	1.4669
3.42936454	1.4943
3.43801333	1.5173
3.44109039	1.5338
3.43153573	1.5423
3.41825576	1.5379
3.41005862	1.5129
3.39300469	1.4717
3.36422186	1.4221
3.34729944	1.3701
3.35370903	1.3304
3.37890754	1.3144
3.39100971	1.3286
3.40243268	1.3481
3.41320488	1.3769
3.42136718	1.4134
3.43245363	1.4673
3.45388423	1.5195
3.49073822	1.5382
3.53144861	1.5167
3.570682	1.4799
3.59142462	1.439
3.60110547	1.3931
3.61450918	1.333
3.62752029	1.2883
3.62109707	1.2732
3.57701615	1.3027
3.53661754	1.3519
3.51839777	1.3834
3.51795503	1.3933
3.49820597	1.4182
3.46793748	1.443
3.43391253	1.4665
3.43007235	1.4538
3.4491297	1.4353
3.4779313	1.4184
3.49889878	1.4068
3.51978014	1.3846
3.55387452	1.3549
3.58661998	1.3318
3.59108147	1.3298
3.56264294	1.3504
3.52978773	1.3878
3.51240733	1.4372
3.5026488	1.4822
3.48076896	1.5186
3.45477509	1.5435
3.43714708	1.5273
3.42824397	1.4881
3.42124628	1.4464
3.41797179	1.404
3.42509763	1.3579
3.45798836	1.3142
3.5090345	1.2943
3.55061665	1.3055
3.55528835	1.3373
3.54138069	1.3711
3.53744172	1.412
3.55172978	1.4573
3.56617306	1.4955
3.5696186	1.5099
3.56654563	1.4962
3.57608211	1.4571
3.58909312	1.4088
3.59234891	1.3741
3.56325737	1.357
3.51719957	1.3611
3.4766668	1.3725
3.45461452	1.3975
3.4573561	1.4124
3.46873483	1.4178
3.47741361	1.4073
3.48798057	1.3951
3.50429856	1.378
3.52292972	1.3679
3.51384014	1.3549
3.47931839	1.3517
3.44804557	1.3605
3.44731472	1.3661
3.46251706	1.3747
3.48741467	1.373
3.51633429	1.3534
3.5559361	1.3049
3.61002851	1.2606
3.64924164	1.2201
3.65395308	1.1906
3.62373704	1.2003
3.60878192	1.2324
3.60460214	1.2693
3.58422593	1.3108
3.54789052	1.3429
3.51531595	1.3655
3.49877613	1.3687
3.50387108	1.3519
3.52362216	1.3161
3.54865114	1.2766
3.58111621	1.2464
3.62191501	1.2334
3.66493773	1.2314
3.67672455	1.2343
3.65489141	1.2407
3.60713703	1.2528
3.57315593	1.2739
3.56082295	1.2917
3.57556416	1.2965
3.60737022	1.2837
3.6365878	1.2788
3.67363564	1.2683
3.70975119	1.2584
3.74130591	1.2555
3.75179116	1.266
3.73106624	1.2865
3.68811478	1.3145
3.64496362	1.331
3.6225076	1.3192
3.62519246	1.282
3.64132677	1.2341
3.64257211	1.1844
3.63432043	1.1432
3.62680401	1.1295
3.63696624	1.1407
3.64254023	1.1767
3.64800053	1.2193
3.63592029	1.2741
3.6391378	1.3181
3.64548099	1.3514
3.66750477	1.3662
3.68033732	1.3705
3.68302536	1.3568
3.66391338	1.3461
3.64180956	1.3426
3.61566196	1.3423
3.59254534	1.3391
3.56899332	1.3345
3.56038277	1.3167
3.58271731	1.2875
3.63874058	1.2428
3.72106491	1.1923
3.78782671	1.1639
3.8088199	1.153
3.77759618	1.155
3.72136736	1.1722
3.66406738	1.2189
3.60218061	1.2779
3.54165219	1.3339
3.50590226	1.3647
3.50086041	1.364
3.54667061	1.3332
3.64838181	1.2728
3.75434649	1.2223
3.8149435	1.1868
3.82839406	1.1811
3.82526804	1.197
3.79553127	1.2353
3.72536211	1.2807
3.62643252	1.3298
3.53687029	1.3768
3.49804785	1.3958
3.49689197	1.3836
3.53190506	1.3385
3.58308457	1.2867
3.62704178	1.2426
3.65987237	1.2078
3.66648978	1.188
3.64718218	1.184
3.60444208	1.2035
3.55346454	1.2303
3.51362357	1.25
3.50118947	1.2584
3.51984012	1.2488
3.57864286	1.2318
3.69346342	1.2056
3.81617781	1.1783
3.86957275	1.1778
3.84018691	1.2075
3.77053427	1.2594
3.70934629	1.3157
3.66286647	1.3587
3.60526357	1.3999
3.54505718	1.4273
3.51470555	1.4246
3.52764549	1.3965
3.57117415	1.35
3.60180625	1.3136
3.59878974	1.2972
3.58613598	1.3014
3.5780529	1.3261
3.57431649	1.3659
3.55616966	1.4104
3.53445005	1.444
3.53716531	1.4386
3.56845669	1.4037
3.6304458	1.3603
3.69577927	1.3269
3.74041759	1.2967
3.75085296	1.2779
3.73502092	1.287
3.70703268	1.3118
3.66447007	1.3449
3.61797365	1.3789
3.58754424	1.3903
3.57710975	1.3847
3.59040369	1.3587
3.61776242	1.3209
3.62414569	1.2987
3.60529261	1.2916
3.5783271	1.301
3.54159885	1.328
3.50970956	1.3578
3.48047879	1.385
3.45741345	1.4111
3.43526226	1.4235
3.43391125	1.4252
3.45476627	1.4191
3.47898185	1.4074
3.49001439	1.4024
3.48492561	1.403
3.47338405	1.4166
3.45470547	1.4344
3.42992563	1.4481
3.4089291	1.4439
3.40583287	1.4263
3.43589956	1.3968
3.4851066	1.3731
3.53310751	1.3508
3.58215213	1.3196
3.63627833	1.2955
3.68263393	1.289
3.68743661	1.303
3.64711137	1.3167
3.58039189	1.3231
3.51337985	1.3228
3.45761698	1.3166
3.41601946	1.2997
3.3979207	1.2793
3.40671416	1.2588
3.44776807	1.2481
3.51347374	1.2349
3.56762601	1.2335
3.58937684	1.243
3.5754018	1.2694
3.54151276	1.309
3.4961651	1.3431
3.44052727	1.3666
3.38551886	1.3699
3.35076046	1.3596
3.3402994	1.3399
3.35266088	1.2981
3.38980292	1.2248
3.44712385	1.1482
3.50684052	1.0856
3.52232043	1.0594
3.48934082	1.0618
3.43710211	1.0927
3.38075196	1.1579
3.32349566	1.2453
3.29028011	1.3278
3.29274113	1.3746
3.33032307	1.3878
3.38271976	1.3942
3.44619721	1.3923
3.51165695	1.3571
3.58332709	1.2996
3.64628575	1.252
3.67401762	1.2473
3.64605264	1.2813
3.59001	1.3231
3.5415037	1.3374
3.49903848	1.3399
3.47450438	1.3456
3.45093751	1.3471
3.44778088	1.3315
3.46164913	1.3003
3.49092038	1.271
3.53300346	1.26
3.56683833	1.263
3.60417002	1.2659
3.63460245	1.2721
3.65301308	1.2832
3.65935653	1.2875
3.65262983	1.295
3.64207145	1.3008
3.62706003	1.3069
3.60575924	1.3042
3.57788671	1.2994
3.56088652	1.3085
3.55483652	1.3277
3.54423798	1.3531
3.51928757	1.3756
3.49545521	1.3955
3.49448787	1.3981
3.51396612	1.3876
3.53079099	1.3678
3.54117605	1.3334
3.54997166	1.293
3.56537596	1.2559
3.58050687	1.2446
3.58017735	1.2601
3.56275525	1.2956
3.54591708	1.3256
3.53780055	1.3482
3.54437987	1.3669
3.55935479	1.3836
3.58624967	1.3839
3.61189352	1.3794
3.63319902	1.366
3.64770027	1.3543
3.6341351	1.3575
3.60543652	1.368
3.57743882	1.3775
3.54701514	1.3771
3.5219311	1.3599
3.49382727	1.3413
3.47420983	1.3197
3.47060695	1.2888
3.48226794	1.2532
3.49538648	1.2343
3.50585709	1.243
3.52067836	1.2741
3.53323257	1.3145
3.54459577	1.3505
3.55133568	1.3768
3.55126471	1.395
3.55607615	1.401
3.56932417	1.3746
3.57785071	1.321
3.57217103	1.267
3.54917375	1.2408
3.52099716	1.2418
3.49383322	1.2582
3.46018684	1.2747
3.43490701	1.2956
3.43162083	1.3125
3.45342773	1.3149
3.49052163	1.2979
3.53134892	1.2717
3.55337379	1.2499
3.55455591	1.2456
3.55287146	1.2514
3.549507	1.2907
3.52947196	1.3461
3.49485341	1.4201
3.45544156	1.4727
3.42089797	1.4954
3.40507843	1.4876
3.42109519	1.4641
3.45437528	1.4361
3.49440014	1.3889
3.51621311	1.3346
3.53118436	1.2853
3.55031104	1.2779
3.57869478	1.3023
3.59050101	1.3393
3.58061397	1.3704
3.5533232	1.4
3.53632305	1.4237
3.5231392	1.4422
3.50802033	1.4437
3.48810229	1.4307
3.46400655	1.4204
3.44750931	1.4243
3.43979153	1.4283
3.44092892	1.4274
3.44004159	1.4151
3.4336222	1.3983
3.42608912	1.3882
3.41331185	1.3887
3.41171876	1.386
3.40812444	1.3873
3.39987302	1.4022
3.40005948	1.4341
3.40042589	1.4759
3.41945296	1.5017
3.45015736	1.5091
3.48660386	1.5021
3.52737708	1.4777
3.56766472	1.4467
3.61349639	1.3949
3.65194531	1.3299
3.65228178	1.2659
3.58881358	1.2299
3.49846048	1.241
3.42733157	1.2823
3.3819723	1.3264
3.35270431	1.3519
3.32906668	1.3728
3.32316918	1.3854
3.3438544	1.3873
3.38454735	1.3795
3.43088005	1.3615
3.45510998	1.3437
3.46499636	1.3204
3.45654148	1.3239
3.44156261	1.3551
3.41525001	1.403
3.39519134	1.4402
3.39291905	1.4583
3.40755457	1.4793
3.42836635	1.4947
3.44333906	1.4895
3.46178084	1.4543
3.48184048	1.3956
3.48418359	1.3561
3.45968215	1.3535
3.41495976	1.3751
3.3706166	1.4036
3.33388782	1.4088
3.307928	1.3956
3.29780794	1.378
3.31167867	1.3625
3.34611665	1.33
3.39065834	1.2827
3.42656446	1.2511
3.45226351	1.2638
3.48274376	1.32
3.51544685	1.3927
3.51322257	1.4566
3.47857977	1.4924
3.43550975	1.5132
3.40459305	1.5086
3.38409641	1.4646
3.36655271	1.3896
3.33969264	1.3115
3.30618063	1.2658
3.29540806	1.2513
3.30310332	1.2825
3.31095531	1.3354
3.31505183	1.3848
3.33130398	1.4241
3.36760867	1.4542
3.41359677	1.4784
3.46036231	1.4979
3.49885051	1.4965
3.52537318	1.4691
3.54919239	1.4202
3.56509955	1.3914
3.56477137	1.4016
3.53560733	1.4354
3.49774344	1.4522
3.4699905	1.4593
3.45235808	1.4573
3.439437	1.4617
3.4277956	1.4503
3.42847707	1.3997
3.44882212	1.3259
3.48111693	1.2662
3.50158137	1.2499
3.50606908	1.2599
3.5048969	1.2649
3.50197242	1.2692
3.49794144	1.2885
3.49133796	1.3373
3.49238715	1.3845
3.5035313	1.4029
3.51834968	1.3897
3.53268502	1.3692
3.54378332	1.3653
3.55216739	1.3679
3.53818718	1.3802
3.51446265	1.4022
3.49198589	1.4307
3.47382955	1.4599
3.45877473	1.4873
3.44942549	1.4997
3.44786159	1.4892
3.46774224	1.4738
3.50649684	1.4562
3.52894145	1.4549
3.51217477	1.4823
3.47393373	1.5244
3.44473951	1.5522
3.41994289	1.566
3.39244707	1.5585
3.35732908	1.5397
3.33399218	1.5164
3.34204497	1.478
3.39285135	1.4206
3.46045378	1.3556
3.50186996	1.3164
3.52185441	1.3171
3.53169363	1.3489
3.52161402	1.4065
3.48931122	1.4848
3.45689557	1.5744
3.44463164	1.645
3.45070379	1.6789
3.46347391	1.6655
3.47829979	1.6146
3.49673114	1.5375
3.5308762	1.4376
3.57831387	1.3336
3.6130323	1.2533
3.59717203	1.2282
3.53806448	1.2635
3.4814645	1.3295
3.44953645	1.3939
3.4287507	1.4384
3.4127963	1.4709
3.41182053	1.4905
3.43029015	1.4923
3.47321455	1.4683
3.51605086	1.4351
3.53673559	1.417
3.53182893	1.4125
3.50199125	1.422
3.47061784	1.4434
3.44889099	1.4776
3.43946896	1.5113
3.44605124	1.5269
3.47000943	1.525
3.49850347	1.5025
3.5204344	1.4712
3.53490213	1.4298
3.53467308	1.3949
3.520359	1.3739
3.48384191	1.3768
3.44659246	1.4156
3.42020261	1.4676
3.42014057	1.502
3.43702994	1.499
3.45482505	1.4796
3.47823174	1.4495
3.52338456	1.4074
3.57256882	1.3625
3.58971447	1.3328
3.56106692	1.3302
3.50607886	1.3683
3.46726354	1.4285
3.46918904	1.4823
3.48726741	1.5186
3.4951567	1.514
3.49780419	1.4934
3.52448553	1.4604
3.58464798	1.4016
3.64121909	1.3313
3.64871636	1.2939
3.59972606	1.3017
3.54068393	1.3502
3.48672919	1.4122
3.42827427	1.471
3.36389185	1.5065
3.32167406	1.5266
3.31833127	1.5338
3.35815404	1.5196
3.41484844	1.4825
3.46900779	1.4304
3.49898178	1.3847
3.51345195	1.371
3.52102219	1.3904
3.50866035	1.4348
3.47244965	1.4737
3.43252601	1.5098
3.40227666	1.5313
3.3968724	1.5536
3.40439467	1.5545
3.42188883	1.5202
3.44806432	1.4519
3.47409495	1.3869
3.49277849	1.3539
3.4933391	1.3617
3.48301612	1.3869
3.46898804	1.4052
3.45246281	1.4175
3.43755021	1.4323
3.43901037	1.4508
3.46567576	1.4545
3.51037517	1.4376
3.55556634	1.4042
3.57234948	1.3809
3.56835447	1.3725
3.55161383	1.373
3.5209118	1.3828
3.47055482	1.4
3.41270327	1.4227
3.37380549	1.4307
3.35708011	1.4267
3.36505276	1.4066
3.41245553	1.3836
3.47459025	1.3716
3.52013521	1.3618
3.54571555	1.3777
3.54973465	1.4295
3.53871358	1.4923
3.50427234	1.541
3.45908765	1.5572
3.42141488	1.5503
3.40471869	1.534
3.40784225	1.4883
3.4328996	1.4009
3.47974525	1.2981
3.51987768	1.2203
3.52837115	1.1848
3.50569833	1.1996
3.47100999	1.2494
3.43945638	1.3223
3.40576789	1.4232
3.38787121	1.52
3.38515522	1.5747
3.39934306	1.5724
3.43085184	1.5285
3.47169427	1.4607
3.50138449	1.379
3.5322236	1.2985
3.57981873	1.2494
3.59779168	1.2495
3.55405633	1.2978
3.48288138	1.3782
3.43388916	1.4543
3.4121381	1.4993
3.40921195	1.5265
3.4127679	1.542
3.42735607	1.5231
3.45037119	1.4688
3.47905037	1.408
3.49514856	1.3689
3.48885816	1.356
3.46220614	1.3593
3.43330625	1.3808
3.41398328	1.4157
3.41070867	1.4564
3.42722766	1.474
3.46168923	1.4639
3.5061305	1.4468
3.53726532	1.4427
3.55562636	1.4471
3.56024971	1.4556
3.5467206	1.4647
3.50313145	1.4748
3.42876923	1.4968
3.36275697	1.5236
3.33007815	1.5312
3.33303804	1.5029
3.35399294	1.4575
3.37273182	1.4187
3.39991426	1.3852
3.45732245	1.3476
3.51927004	1.3243
3.54110374	1.3357
3.51014353	1.3781
3.4686235	1.4404
3.44431654	1.4971
3.43116306	1.5396
3.40935686	1.5661
3.39207728	1.5665
3.39338922	1.534
3.41948622	1.4832
3.46242984	1.429
3.50243005	1.3806
3.52961592	1.3402
3.54573647	1.3077
3.53078833	1.2837
3.48949479	1.2785
3.4380757	1.2839
3.40819971	1.2944
3.40432264	1.3102
3.41773299	1.3296
3.43204111	1.3553
3.45848532	1.3712
3.50006009	1.3646
3.54786185	1.3517
3.57267296	1.3484
3.56974647	1.3571
3.5589378	1.3642
3.55263191	1.3729
3.54174178	1.3813
3.50026049	1.4057
3.44873891	1.4296
3.41260085	1.4474
3.42209043	1.437
3.44477547	1.4346
3.45980078	1.4444
3.46743149	1.468
3.48309729	1.4896
3.50470355	1.4908
3.51162172	1.4771
3.50154109	1.4623
3.48889618	1.4468
3.48622733	1.4187
3.50548972	1.3715
3.53150334	1.3369
3.55794126	1.3186
3.58014119	1.3113
3.58285728	1.3089
3.56935173	1.309
3.55270743	1.3157
3.55352362	1.3227
3.57037242	1.3256
3.58471031	1.3205
3.58489595	1.3164
3.58766415	1.326
3.60698033	1.3357
3.62565938	1.3447
3.62255399	1.3533
3.59024653	1.3781
3.5462136	1.4244
3.52059141	1.4548
3.50934654	1.4595
3.49453839	1.4566
3.47748618	1.457
3.47147124	1.462
3.49789505	1.452
3.54675208	1.4171
3.5799412	1.3796
3.58122605	1.3625
3.56578265	1.3768
3.55652275	1.3878
3.53725805	1.3864
3.50564012	1.3788
3.48004759	1.3714
3.46750837	1.366
3.47633261	1.3439
3.49568566	1.3011
3.51309221	1.2594
3.53005141	1.2522
3.54553935	1.2725
3.55755884	1.2999
3.55461852	1.3163
3.53266063	1.3353
3.51059034	1.3545
3.49382294	1.363
3.46571123	1.3518
3.44062159	1.32
3.43519347	1.299
3.45046183	1.3092
3.47807644	1.336
3.49664225	1.3642
3.49718958	1.3761
3.48949988	1.3771
3.4824087	1.387
3.4790766	1.3962
3.47314315	1.4092
3.45741765	1.4195
3.45559793	1.4207
3.47543504	1.4252
3.509763	1.4443
3.53022955	1.4713
3.53367981	1.4843
3.53126974	1.4813
3.54031995	1.469
3.55877857	1.4672
3.56775702	1.4593
3.56644905	1.4414
3.55690164	1.409
3.55734954	1.3671
3.57411094	1.3298
3.59083877	1.302
3.58840097	1.2668
3.57040717	1.2179
3.56215048	1.1786
3.58461785	1.1635
3.60924452	1.1691
3.61355983	1.1759
3.59650578	1.1798
3.57600087	1.1971
3.57586238	1.2315
3.58506837	1.2842
3.59836476	1.3393
3.60704459	1.3894
3.61136887	1.4095
3.61935743	1.3923
3.63161689	1.3545
3.63989423	1.3034
3.63424678	1.2513
3.60897762	1.2198
3.57013854	1.2129
3.52529594	1.2385
3.48451293	1.2855
3.46042433	1.3456
3.45538065	1.3988
3.46837539	1.4402
3.48701767	1.4615
3.53083256	1.4541
3.58600849	1.4247
3.65521386	1.3689
3.72719735	1.2928
3.77504331	1.2267
3.80010081	1.1811
3.7912911	1.167
3.75083242	1.1846
3.70245723	1.2118
3.66079853	1.2325
3.64361563	1.2365
3.63151381	1.2404
3.6182432	1.2508
3.59584506	1.2561
3.56405538	1.2657
3.5281697	1.2675
3.50666443	1.2596
3.49482054	1.2479
3.49655058	1.2273
3.50301874	1.2084
3.50435888	1.1816
3.49813997	1.1689
3.49993806	1.177
3.51577385	1.2029
3.55104275	1.2229
3.57415157	1.2339
3.56862283	1.2645
3.55533075	1.3094
3.55203234	1.3571
3.55086585	1.3872
3.54476309	1.3872
3.53121193	1.3766
3.52677831	1.3604
3.52522154	1.3377
3.52461347	1.3057
3.50278266	1.2669
3.47164876	1.2226
3.4543209	1.1889
3.46520913	1.1749
3.48141156	1.1824
3.48421987	1.1899
3.48042472	1.1941
3.48803352	1.1897
3.50102163	1.1926
3.50367346	1.2024
3.48162712	1.2174
3.44423555	1.2398
3.40416977	1.2827
3.37875639	1.3508
3.36641083	1.4335
3.38008521	1.4978
3.40853235	1.5233
3.43783923	1.507
3.45631282	1.4425
3.47108895	1.3619
3.48573048	1.2824
3.51112213	1.199
3.51773303	1.128
3.48660132	1.1093
3.45622999	1.1534
3.44430364	1.2448
3.44824476	1.3338
3.44905421	1.3936
3.4475326	1.4187
3.4457077	1.4394
3.45632809	1.4481
3.48491208	1.4248
3.50055527	1.3746
3.49409573	1.3187
3.48646362	1.2847
3.50288843	1.2749
3.52567751	1.283
3.52372935	1.2958
3.50102907	1.2997
3.47671541	1.3087
3.47658443	1.3128
3.49301513	1.3005
3.4937799	1.2802
3.47389579	1.2606
3.46208878	1.2585
3.46362604	1.2777
3.47547367	1.2911
3.48131349	1.3048
3.47416129	1.2953
3.45886813	1.2768
3.44501412	1.2454
3.44437198	1.1994
3.45341463	1.1525
3.47468455	1.1294
3.49992359	1.1213
3.52676496	1.1244
3.55954529	1.1496
3.57964856	1.2087
3.58907412	1.281
3.58227912	1.3388
3.56225674	1.3713
3.53453933	1.394
3.50980397	1.4197
3.51398151	1.4203
3.53486123	1.3983
3.56103592	1.3683
3.59964548	1.3493
3.65268684	1.3453
3.7000195	1.357
3.72308898	1.3696
3.7101289	1.3723
3.66712292	1.3648
3.61977946	1.3644
3.59524591	1.3709
3.57116242	1.372
3.5443477	1.3872
3.52627527	1.4208
3.53645443	1.4664
3.56120133	1.5091
3.57712196	1.5479
3.58070137	1.5593
3.57823784	1.5493
3.57776767	1.516
3.58473848	1.4666
3.57841149	1.4203
3.56723964	1.3694
3.56407914	1.3263
3.57155365	1.3087
3.57027739	1.3172
3.54385439	1.3457
3.51035039	1.3857
3.49270565	1.4136
3.48870716	1.431
3.4744341	1.444
3.45071447	1.4526
3.43721187	1.4452
3.44912745	1.421
3.49647816	1.3677
3.55187414	1.3128
3.58331624	1.2725
3.59161659	1.2627
3.58826082	1.2689
3.56449812	1.2826
3.5209898	1.2934
3.4689648	1.312
3.44321774	1.3268
3.45432263	1.3379
3.48123213	1.3438
3.51302698	1.3501
3.55285436	1.3531
3.59452591	1.3661
3.63071168	1.3872
3.62620262	1.4146
3.58573481	1.4388
3.53032263	1.4631
3.47510378	1.4849
3.44172809	1.4911
3.43453644	1.4797
3.44198166	1.4423
3.48224113	1.3709
3.55774158	1.2794
3.66082119	1.1861
3.75634435	1.116
3.79754681	1.0763
3.78942353	1.0787
3.73476199	1.1177
3.63664267	1.1848
3.52110472	1.2652
3.43738182	1.3524
3.40750449	1.4057
3.41405058	1.427
3.44585995	1.4145
3.50493679	1.3762
3.59572266	1.3242
3.70154328	1.278
3.78900369	1.2286
3.81424406	1.1945
3.78045714	1.1847
3.71620261	1.2143
3.6596319	1.2662
3.60927012	1.3118
3.56512571	1.3418
3.54179768	1.3597
3.55039818	1.3682
3.58394003	1.3781
3.61939227	1.3893
3.63367225	1.4125
3.62145791	1.4463
3.60525177	1.4785
3.59881311	1.4954
3.60222224	1.4944
3.61821614	1.4757
3.64347313	1.4342
3.67636667	1.3676
3.71234026	1.2971
3.73378821	1.2382
3.73741815	1.1995
3.72672734	1.1906
3.69864245	1.2275
3.65563594	1.2944
3.6086926	1.3579
3.57852735	1.3974
3.58461096	1.3995
3.62323228	1.3764
3.66849196	1.3287
3.68605981	1.2704
3.67441319	1.2055
3.6398537	1.1632
3.59473897	1.1595
3.55825423	1.1819
3.54232284	1.2132
3.54290237	1.2478
3.56383841	1.2912
3.60673746	1.3297
3.65410177	1.3567
3.68273972	1.3673
3.6845551	1.3767
3.65913784	1.3976
3.61848293	1.4331
3.56226725	1.4582
3.50251043	1.4533
3.46065628	1.4342
3.45553633	1.4094
3.4884722	1.377
3.55036203	1.3322
3.62292127	1.2667
3.68952638	1.2013
3.73886003	1.1642
3.777438	1.1742
3.7527367	1.2272
3.67636977	1.287
3.58145283	1.3424
3.50343944	1.3926
3.47067834	1.4177
3.47890745	1.4139
3.52376273	1.3665
3.59305063	1.2838
3.67942396	1.2014
3.78039519	1.1482
3.83019579	1.1291
3.78453552	1.1403
3.66589972	1.1957
3.55789978	1.2728
3.47393849	1.3535
3.43205714	1.4037
3.42955167	1.4216
3.47247364	1.404
3.5510535	1.3603
3.65266455	1.2914
3.74413952	1.2193
3.79327158	1.1688
3.76885897	1.1827
3.7118787	1.2542
3.63168189	1.3508
3.5413996	1.4198
3.47113754	1.4436
3.43626927	1.4253
3.45515076	1.3615
3.52020606	1.2566
3.58614459	1.1411
3.63228043	1.0307
3.6700756	0.9656
3.69920808	0.9557
3.67012515	0.9966
3.56239277	1.0798
3.44824892	1.1966
3.39172951	1.3185
3.39684933	1.4167
3.43028141	1.4699
3.48859112	1.4661
3.56868018	1.4245
3.66880335	1.3753
3.74894329	1.3267
3.76455525	1.2875
3.71177575	1.2672
3.62436071	1.278
3.55090826	1.3151
3.49367801	1.3612
3.46578597	1.3966
3.47671421	1.4048
3.51353153	1.3905
3.56972772	1.3539
3.61642799	1.3273
3.63523975	1.325
3.6073566	1.3542
3.55133697	1.4008
3.49113437	1.4441
3.44338616	1.4728
3.42148383	1.4734
3.43479783	1.457
3.48906464	1.4209
3.58068473	1.3616
3.69058839	1.2886
3.79031905	1.24
3.84676803	1.2285
3.81891432	1.2722
3.73593443	1.3485
3.6381747	1.4245
3.55426947	1.4636
3.48893534	1.4676
3.4660639	1.4377
3.47338994	1.4015
3.52597582	1.3343
3.63243057	1.2341
3.76216735	1.1373
3.84769289	1.0698
3.85164457	1.0895
3.79608853	1.1553
3.74537087	1.236
3.70315863	1.3213
3.66699852	1.3833
3.64427049	1.4191
3.65396982	1.4319
3.69463727	1.4138
3.7462957	1.3707
3.77319981	1.3249
3.75231921	1.3152
3.69637889	1.3379
3.60609968	1.391
3.51102247	1.4458
3.44108207	1.4966
3.4024872	1.5167
3.39634759	1.4978
3.40387781	1.4539
3.42394185	1.3944
3.45324711	1.3406
3.48555244	1.298
3.5065015	1.2939
3.50915891	1.3361
3.49671762	1.407
3.497631	1.4902
3.50899565	1.5593
3.53671786	1.5958
3.56780144	1.5846
3.59970871	1.5326
3.62657798	1.4493
3.6396376	1.3629
3.63982579	1.2996
3.62091108	1.2709
3.58084027	1.2729
3.52028604	1.2899
3.45967716	1.3217
3.41273449	1.3454
3.40446395	1.3563
3.44006158	1.3474
3.50832545	1.3168
3.58713835	1.2734
3.64763197	1.241
3.6815022	1.2386
3.69343144	1.2726
3.6740776	1.3382
3.62697111	1.4152
3.57473915	1.4823
3.5381969	1.5251
3.51461281	1.5365
3.50927516	1.5025
3.5207124	1.4437
3.55034423	1.3699
3.57264011	1.3066
3.57468949	1.2719
3.56188208	1.2672
3.54638242	1.2898
3.53125407	1.3173
3.49324023	1.3509
3.44814867	1.3825
3.41270572	1.4057
3.40729044	1.4217
3.42930834	1.4149
3.46360102	1.4018
3.49672254	1.3969
3.51889091	1.4114
3.54026012	1.4331
3.56296375	1.4591
3.5813809	1.4677
3.58212103	1.4577
3.56700404	1.435
3.54707513	1.3972
3.53825432	1.3518
3.5466626	1.3051
3.56659025	1.2668
3.56509589	1.2585
3.55336032	1.2966
3.53502151	1.3633
3.52050933	1.4343
3.49737306	1.4941
3.47616454	1.542
3.46226687	1.5793
3.45638138	1.5786
3.46621768	1.5351
3.49385725	1.4595
3.53454328	1.3853
3.56508475	1.3404
3.57616348	1.3307
3.5766366	1.3486
3.57716116	1.3896
3.57528715	1.4418
3.56157227	1.5004
3.54471159	1.5412
3.53509527	1.5592
3.54252178	1.5444
3.54731188	1.523
3.53942807	1.5005
3.52565763	1.4811
3.51200002	1.4668
3.50407052	1.4654
3.49485214	1.4682
3.47453495	1.4798
3.4572776	1.474
3.45949865	1.4474
3.47251302	1.4053
3.49167406	1.3663
3.51008082	1.3337
3.5229241	1.3093
3.52217108	1.3043
3.50335864	1.316
3.46962652	1.3596
3.44643284	1.4001
3.43300013	1.4275
3.41634768	1.4288
3.40915907	1.4151
3.43270428	1.3896
3.4862756	1.3469
3.56075587	1.2895
3.609082	1.2442
3.61596732	1.2319
3.59571747	1.2536
3.58261973	1.2913
3.5741447	1.3368
3.55647234	1.3697
3.52289148	1.3991
3.50090902	1.4219
3.52031681	1.4107
3.56671798	1.381
3.61586898	1.3436
3.63429477	1.3335
3.63910403	1.3376
3.64682638	1.3541
3.64367332	1.367
3.61108037	1.393
3.55262657	1.4273
3.51108949	1.4548
3.51428053	1.4471
3.54729127	1.4063
3.59558653	1.3549
3.64280838	1.3109
3.69058646	1.2792
3.75006173	1.257
3.78613038	1.2591
3.74745454	1.3073
3.64863325	1.3855
3.55810515	1.4741
3.51370211	1.5379
3.50362262	1.5603
3.5018387	1.5522
3.49441649	1.5251
3.4774912	1.4765
3.48131867	1.4112
3.50995105	1.3494
3.53174136	1.3043
3.50275263	1.296
3.4459244	1.3135
3.40002929	1.3563
3.38127613	1.4136
3.38524147	1.4804
3.39483352	1.5311
3.4139727	1.5562
3.44578131	1.5516
3.4829251	1.5207
3.52220771	1.4798
3.54529055	1.4389
3.55115797	1.4232
3.54153618	1.4214
3.50473339	1.4273
3.44762112	1.4287
3.39939193	1.4151
3.37754511	1.3881
3.3745313	1.3457
3.37612496	1.3
3.37822614	1.2554
3.39360225	1.2272
3.43293989	1.2271
3.45948979	1.2609
3.44782659	1.3031
3.40063621	1.3513
3.37701808	1.3783
3.3929168	1.3892
3.43121223	1.3847
3.45823804	1.3601
3.47875711	1.2962
3.51873393	1.2165
3.57778472	1.1529
3.61644688	1.1235
3.60748158	1.1159
3.56119025	1.124
3.51405826	1.1498
3.4680383	1.2009
3.43242929	1.2611
3.41489446	1.3251
3.42397181	1.3655
3.45734203	1.377
3.5082969	1.3657
3.54297935	1.3355
3.55269013	1.3051
3.54501556	1.2729
3.5338372	1.2513
3.51403504	1.2388
3.47827845	1.234
3.44763439	1.2495
3.44786466	1.2733
3.47000078	1.2992
3.52210618	1.3173
3.57323756	1.3354
3.6189496	1.3314
3.65996969	1.3088
3.69272398	1.287
3.71128488	1.2718
3.70404183	1.2628
3.65912454	1.2599
3.62978345	1.2475
3.62046154	1.2382
3.63610464	1.2286
3.67875709	1.2124
3.71864283	1.1944
3.74487014	1.1727
3.75133227	1.1507
3.73721644	1.1428
3.71280533	1.1475
3.68287108	1.1754
3.65158965	1.2145
3.61297442	1.2683
3.58633137	1.3074
3.57186769	1.3222
3.58710395	1.3064
3.6241881	1.2777
3.6541879	1.2662
3.67409342	1.2738
3.67568242	1.2947
3.66641085	1.3318
3.63243868	1.3828
3.57407296	1.4415
3.5206301	1.4689
3.48768314	1.4554
3.48840621	1.4095
3.5159054	1.3402
3.56274152	1.2587
3.61487671	1.1813
3.66086762	1.1194
3.69288959	1.0856
3.70433563	1.0996
3.68443588	1.1703
3.63665835	1.2779
3.59770151	1.3783
3.57380984	1.4456
3.56228351	1.462
3.56379438	1.4292
3.57305648	1.3651
3.57943087	1.2767
3.58458167	1.1869
3.59947656	1.1125
3.61133427	1.0893
3.60680785	1.1083
3.59051492	1.1562
3.56889285	1.2228
3.55423755	1.269
3.55152011	1.3057
3.57046332	1.3201
3.59556062	1.3208
3.61308778	1.316
3.62458089	1.3013
3.61678192	1.2834
3.59620649	1.2806
3.57379077	1.2981
3.54962042	1.3252
3.53538147	1.3372
3.52930118	1.3363
3.54421159	1.3251
3.57324291	1.3116
3.60890726	1.2959
3.63775778	1.2634
3.64121663	1.2387
3.60448425	1.2348
3.5694583	1.2508
3.54660999	1.2858
3.53321324	1.3137
3.53218226	1.3217
3.54503561	1.2921
3.58478655	1.2306
3.63907374	1.1633
3.68352532	1.1194
3.70363751	1.1078
3.70448926	1.1292
3.69271069	1.1715
3.67945605	1.2262
3.66072466	1.2865
3.63118681	1.3471
3.59626593	1.3879
3.56929311	1.3849
3.57968862	1.3334
3.60799727	1.2691
3.62191655	1.2055
3.61035878	1.1686
3.59013833	1.167
3.58458637	1.2045
3.58546795	1.2601
3.57050169	1.2971
3.54035115	1.3252
3.51187841	1.3288
3.50997468	1.3034
3.54599937	1.257
3.58193726	1.2085
3.58205135	1.1756
3.54224583	1.1688
3.50515209	1.2034
3.5039299	1.2663
3.52357913	1.3483
3.54172441	1.409
3.54743587	1.4399
3.56757009	1.4229
3.63342031	1.3784
3.72519698	1.3061
3.77686081	1.226
3.74912504	1.1526
3.67996537	1.1095
3.6182789	1.1134
3.58023675	1.1605
3.54093585	1.2248
3.50230183	1.2881
3.49333324	1.3242
3.53273048	1.3282
3.62410237	1.3171
3.73345057	1.2804
3.81376299	1.2288
3.82464626	1.1806
3.7803928	1.1444
3.704337	1.1435
3.61290188	1.1732
3.52102248	1.2083
3.45022682	1.2473
3.41805101	1.2764
3.42760999	1.2909
3.46396967	1.2997
3.50901596	1.2995
3.55532352	1.3078
3.60693975	1.3153
3.63579718	1.3219
3.63205484	1.3321
3.60927011	1.3422
3.59296816	1.3547
3.58883664	1.3552
3.58568903	1.3395
3.5798836	1.3138
3.58604288	1.2795
3.60873977	1.2572
3.63717685	1.248
3.64749555	1.2504
3.62353277	1.2623
3.58726243	1.2809
3.56500301	1.294
3.55939738	1.2884
3.54780032	1.2498
3.52538248	1.2045
3.51688557	1.1555
3.53631783	1.1141
3.58042872	1.0818
3.60074794	1.0734
3.58450157	1.1052
3.56053044	1.168
3.55418083	1.242
3.55836045	1.3064
3.56383869	1.3457
3.57634698	1.3588
3.60905211	1.3445
3.66324112	1.3024
3.71567133	1.2426
3.73734432	1.1785
3.71065812	1.1503
3.6567786	1.1577
3.5871064	1.2077
3.5093018	1.2792
3.45110866	1.348
3.42586103	1.393
3.4366344	1.4063
3.47319733	1.3876
3.52962715	1.3291
3.60135364	1.2402
3.69114081	1.1386
3.76282602	1.0685
3.77472264	1.0427
3.71461279	1.0731
3.6337794	1.1338
3.57197225	1.2113
3.53286318	1.2914
3.51802213	1.3499
3.54048292	1.3743
3.59293248	1.3701
3.66593514	1.3305
3.71699926	1.2772
3.72249828	1.2308
3.68920046	1.2032
3.63277053	1.2096
3.55793865	1.2154
3.47086607	1.2283
3.41995877	1.2361
3.42781542	1.2415
3.50357475	1.2474
3.61931021	1.2535
3.74638184	1.2504
3.84580391	1.2409
3.90259107	1.229
3.89335132	1.2516
3.82589512	1.3077
3.75251338	1.3717
3.67557384	1.4093
3.6130437	1.4166
3.56477118	1.404
3.54810825	1.3813
3.56937343	1.337
3.62877343	1.2887
3.71000366	1.2377
3.77220163	1.2157
3.78998294	1.2381
3.76660093	1.2854
3.70910287	1.3493
3.63790525	1.3965
3.5603767	1.4192
3.50893592	1.4234
3.48716729	1.4019
3.49731648	1.3651
3.52517212	1.3177
3.56133415	1.2743
3.6284575	1.2407
3.71181448	1.2501
3.76576508	1.278
3.76878155	1.3147
3.73529113	1.3456
3.69466441	1.3755
3.6687892	1.3843
3.64347893	1.3769
3.61569771	1.3431
3.59541975	1.3094
3.59110069	1.2919
3.61328022	1.2948
3.6377513	1.3208
3.65526894	1.3592
3.6718147	1.4035
3.68859368	1.4312
3.70969717	1.441
3.72459457	1.4349
3.72938374	1.4123
3.7218864	1.3767
3.70455665	1.3363
3.673224	1.3257
3.64145521	1.3686
3.62063693	1.4223
3.61290912	1.4674
3.6075381	1.4919
3.60904964	1.4843
3.61574455	1.4596
3.63643706	1.4141
3.66882974	1.3438
3.69324338	1.2784
3.68413251	1.2558
3.65440201	1.2719
3.6136798	1.3149
3.55817317	1.3591
3.49026974	1.3867
3.42925831	1.4008
3.41091045	1.3898
3.45405298	1.3316
3.55457032	1.2356
3.67300911	1.1229
3.74373294	1.0424
3.77905891	1.0069
3.78576144	1.026
3.76540942	1.0902
3.69112622	1.1999
3.56853316	1.3176
3.46160321	1.4121
3.39857705	1.4624
3.38709665	1.4773
3.40311801	1.4713
3.443836	1.4447
3.49684529	1.391
3.55466084	1.3336
3.61985677	1.2814
3.66981299	1.2587
3.68064765	1.272
3.65314777	1.3028
3.59389058	1.3503
3.53105773	1.3919
3.48434372	1.4301
3.45041931	1.4447
3.43826262	1.4254
3.43720123	1.3934
3.46040461	1.3406
3.51236852	1.2941
3.58076736	1.251
3.63125321	1.2107
3.66244977	1.1754
3.66594715	1.1605
3.65281178	1.1679
3.62488962	1.1913
3.59279573	1.2077
3.56386908	1.2297
3.54887674	1.2419
3.5632275	1.248
3.5950795	1.2586
3.62740759	1.2684
3.64718548	1.2847
3.65782896	1.2999
3.66230571	1.3102
3.67005922	1.3058
3.6713977	1.297
3.6577352	1.2911
3.6427454	1.2894
3.62943015	1.2971
3.61317783	1.3097
3.59647841	1.312
3.57865292	1.3356
3.56128936	1.3658
3.54879012	1.3908
3.54414144	1.3839
3.55704705	1.3565
3.59326534	1.329
3.6376617	1.2908
3.66660716	1.2613
3.6727947	1.2314
3.65873106	1.2113
3.63706248	1.201
3.60184917	1.2161
3.57531048	1.2374
3.56390079	1.2561
3.58125917	1.2674
3.62783825	1.2753
3.68514111	1.2716
3.7481576	1.2412
3.78360986	1.2054
3.79351943	1.1804
3.78382593	1.165
3.75952885	1.1519
3.71288606	1.1449
3.65663521	1.1484
3.62348491	1.16
3.63234279	1.1848
3.67110271	1.2078
3.71925371	1.2217
3.76346802	1.2268
3.79693329	1.2305
3.82040076	1.2396
3.82419801	1.2488
3.80723355	1.2434
3.76601935	1.24
3.71509886	1.2496
3.68387007	1.2759
3.67897489	1.2988
3.70569318	1.3092
3.75079981	1.3098
3.80170488	1.3188
3.83531554	1.3231
3.84637599	1.3112
3.82801139	1.2996
3.78921309	1.3031
3.73115909	1.3252
3.64353449	1.366
3.55744439	1.4135
3.50998015	1.4491
3.49707429	1.4618
3.50455251	1.4589
3.51762109	1.4457
3.54571659	1.4212
3.59429527	1.3791
3.66328012	1.3153
3.72782447	1.2421
3.75902931	1.1906
3.74702432	1.1901
3.72874847	1.2258
3.68542949	1.2802
3.62408017	1.3254
3.55728741	1.3721
3.51681535	1.4059
3.51402193	1.4127
3.52724421	1.3988
3.54108357	1.3648
3.55810778	1.3271
3.58456836	1.3078
3.61318877	1.298
3.61912072	1.2931
3.59939108	1.2947
3.57484514	1.3098
3.55830064	1.3464
3.53978721	1.3748
3.51324532	1.3806
3.48152707	1.3734
3.46840484	1.3696
3.47577474	1.378
3.48136156	1.3928
3.486898	1.4046
3.50712809	1.4091
3.54971907	1.4118
3.60038161	1.4068
3.62270307	1.395
3.6104669	1.3692
3.59737647	1.3311
3.58474204	1.3042
3.56199829	1.2942
3.51083942	1.295
3.45818058	1.2995
3.43215981	1.3119
3.44068328	1.3263
3.46757492	1.3347
3.49127063	1.3412
3.52012878	1.3343
3.55906442	1.3215
3.60403675	1.3007
3.62140457	1.2896
3.60271484	1.2971
3.57710795	1.3034
3.56197434	1.313
3.54549007	1.3254
3.51624155	1.3422
3.4813548	1.357
3.47508837	1.3594
3.49380298	1.3465
3.52998511	1.3297
3.56828564	1.3178
3.61456086	1.3146
3.66036168	1.3157
3.67048508	1.3204
3.62791683	1.3325
3.57230876	1.3468
3.53742207	1.3633
3.52392877	1.375
3.50916642	1.3753
3.49829266	1.362
3.50240024	1.3592
3.53476089	1.3597
3.58143991	1.3618
3.60752256	1.3712
3.62575758	1.3775
3.65374843	1.3806
3.696726	1.3707
3.72146657	1.3497
3.72154405	1.3164
3.69535361	1.2861
3.66306627	1.2631
3.62982137	1.256
3.591332	1.2563
3.55207585	1.2694
3.51447039	1.3002
3.49634692	1.3339
3.49246927	1.3585
3.49647137	1.359
3.49434074	1.3454
3.48769757	1.3212
3.48281171	1.2989
3.48140982	1.2763
3.47449092	1.2589
3.45993087	1.2565
3.444586	1.2829
3.44143567	1.3255
3.44739794	1.3823
3.4604375	1.4304
3.47780169	1.4624
3.48472219	1.4803
3.47818579	1.481
3.47136538	1.4728
3.46710871	1.4594
3.46806152	1.4355
3.46561586	1.4074
3.46948555	1.3701
3.48418297	1.3245
3.51504965	1.2839
3.55271895	1.2484
3.5696865	1.2229
3.56043451	1.2052
3.56064716	1.1941
3.56672244	1.2138
3.56632348	1.2586
3.54263609	1.3137
3.51007269	1.3723
3.4868152	1.4204
3.48480704	1.4383
3.49101064	1.4292
3.50486547	1.3936
3.53101402	1.3378
3.55487107	1.2829
3.55770048	1.2453
3.54375856	1.2285
3.51825759	1.2379
3.47821326	1.2864
3.43069115	1.3635
3.38923114	1.4555
3.37371855	1.532
3.3818998	1.5727
3.4031079	1.5985
3.42161838	1.6038
3.43069922	1.5822
3.43778293	1.532
3.45483011	1.4754
3.46406055	1.4311
3.44977104	1.4114
3.42451794	1.4126
3.41192663	1.4281
3.41942277	1.4441
3.42903509	1.4615
3.4280752	1.474
3.43674368	1.4694
3.46796524	1.4538
3.52352969	1.4404
3.56406208	1.4214
3.57365573	1.4104
3.56365652	1.4134
3.55310909	1.4233
3.53928532	1.4205
3.51659482	1.4029
3.49726912	1.3661
3.50616223	1.3153
3.54199114	1.2665
3.58883777	1.2221
3.62129752	1.1825
3.63384782	1.1682
3.64430166	1.1814
3.64254875	1.2188
3.60616255	1.2701
3.54316191	1.3363
3.50467309	1.3902
3.50334387	1.4184
3.52001835	1.436
3.53841795	1.4282
3.55627888	1.396
3.58397164	1.3558
3.61922468	1.3303
3.63702604	1.3214
3.60015426	1.3353
3.51677963	1.3635
3.43906876	1.3918
3.3931222	1.408
3.37250455	1.4101
3.3744147	1.404
3.40019913	1.3933
3.44866924	1.3707
3.5102026	1.342
3.5677002	1.3312
3.60326399	1.3513
3.60962794	1.4083
3.5920073	1.4657
3.55842891	1.5011
3.51667638	1.5093
3.47797733	1.5009
3.45676026	1.4817
3.45705398	1.4344
3.47438866	1.3719
3.5019617	1.3077
3.54638171	1.269
3.59059942	1.2568
3.6097971	1.257
3.58943273	1.2666
3.54529612	1.2912
3.51693298	1.3225
3.49890386	1.3463
3.47942494	1.3501
3.45406073	1.3506
3.44019617	1.3648
3.44178952	1.3968
3.44923195	1.4279
3.43560474	1.4342
3.3972098	1.4269
3.36282067	1.4124
3.3473649	1.3772
3.35046681	1.3349
3.36585188	1.2795
3.38727953	1.2245
3.41952946	1.2025
3.45418266	1.2259
3.47090744	1.2864
3.47112752	1.3618
3.46534771	1.4296
3.46006304	1.492
3.45796867	1.5399
3.456426	1.555
3.45811653	1.5252
3.4673185	1.444
3.49428316	1.3438
3.53759357	1.2482
3.57344478	1.1802
3.5928729	1.1436
3.57314358	1.1382
3.52996125	1.1741
3.47990184	1.2345
3.44753233	1.2999
3.43388877	1.3498
3.429668	1.3804
3.4369804	1.3968
3.4631699	1.3932
3.5051464	1.3785
3.54716019	1.3583
3.56559891	1.3353
3.55882611	1.3153
3.53766589	1.3042
3.51100052	1.3083
3.48582189	1.3145
3.45314773	1.3212
3.42793766	1.3105
3.44071962	1.2859
3.47810483	1.2747
3.51374598	1.275
3.53460627	1.2901
3.5464367	1.3055
3.5611145	1.3225
3.56391444	1.3504
3.55482153	1.3706
3.53403646	1.3748
3.52120764	1.3492
