3.374949	1.4392
3.40183799	1.3929
3.43722316	1.307
3.46285327	1.206
3.48370543	1.1226
3.51736242	1.0877
3.52830695	1.1102
3.4941904	1.1715
3.43198365	1.2465
3.37193623	1.311
3.34529719	1.349
3.36218317	1.361
3.40945752	1.3309
3.47039719	1.2695
3.5321855	1.2
3.5820011	1.1444
3.61784739	1.1163
3.63843912	1.1147
3.62753019	1.1437
3.57808517	1.1953
3.51414584	1.2522
3.47589437	1.2964
3.48211004	1.3199
3.53791057	1.3239
3.62368841	1.3066
3.69419814	1.2916
3.7151609	1.2918
3.69049003	1.317
3.64872167	1.3584
3.58488051	1.4168
3.50428299	1.4637
3.43266349	1.5083
3.39210724	1.5144
3.38921958	1.4843
3.41763213	1.4104
3.45774968	1.3142
3.4960061	1.2313
3.52311556	1.1832
3.55020907	1.1764
3.56329379	1.2183
3.54436833	1.2855
3.49296948	1.3692
3.44692929	1.4447
3.43605061	1.495
3.46811675	1.4951
3.52795461	1.437
3.59176996	1.353
3.66086214	1.2799
3.71737592	1.2419
3.75788219	1.233
3.75737962	1.2503
3.72292556	1.2778
3.66946683	1.3128
3.61578202	1.3401
3.58712122	1.3315
3.58323811	1.3005
3.59749559	1.261
3.61561799	1.2299
3.63220659	1.2293
3.64372021	1.2634
3.64369163	1.33
3.62958364	1.4073
3.59293501	1.4762
3.54870744	1.5218
3.51588827	1.5301
3.52158805	1.4775
3.56594249	1.3923
3.63117963	1.2965
3.69874205	1.2122
3.7625745	1.1621
3.81490289	1.1453
3.82127106	1.1868
3.7556943	1.2566
3.65399434	1.3347
3.55486755	1.4078
3.49155212	1.4646
3.46709454	1.4852
3.46850025	1.4578
3.4837656	1.3878
3.52333013	1.299
3.58810557	1.2294
3.67203561	1.1801
3.72669384	1.1445
3.70713919	1.1273
3.62477694	1.147
3.53022034	1.1895
3.47261327	1.2442
3.46051486	1.279
3.48109825	1.2877
3.51627349	1.28
3.54696385	1.2712
3.58341349	1.2443
3.64402113	1.2166
3.69081256	1.1993
3.6774523	1.2104
3.60697656	1.2418
3.51727678	1.2781
3.45971913	1.2795
3.43834798	1.2703
3.44359109	1.2559
3.45410905	1.2341
3.4741982	1.1991
3.52451597	1.1663
3.61653688	1.1607
3.68224603	1.1753
3.65823547	1.1993
3.55601095	1.2348
3.44443719	1.2788
3.37983701	1.3329
3.36346217	1.3797
3.35618189	1.4065
3.36449699	1.3994
3.40389463	1.3864
3.48718064	1.3848
3.58738392	1.4
3.65945648	1.4128
3.6916155	1.4102
3.66977923	1.4154
3.6315749	1.4269
3.61327366	1.4302
3.607708	1.4185
3.61013783	1.3906
3.614628	1.3601
3.62637312	1.3409
3.65410499	1.3482
3.69687506	1.3732
3.70260255	1.4097
3.66568466	1.4587
3.58532075	1.5051
3.51307194	1.5247
3.47034351	1.5161
3.45270506	1.488
3.44941575	1.4495
3.46109006	1.3963
3.49404193	1.327
3.54943948	1.2653
3.61621503	1.2261
3.6529237	1.2194
3.6531164	1.2335
3.61927007	1.2554
3.56789873	1.2723
3.53127346	1.2897
3.50558699	1.3143
3.50181708	1.3256
3.50622766	1.3145
3.51682115	1.2842
3.53906027	1.2569
3.55776717	1.249
3.55892742	1.2426
3.52242696	1.2346
3.48158424	1.2133
3.45487101	1.2073
3.4584381	1.2127
3.47599789	1.2294
3.50229668	1.2562
3.54009573	1.2833
3.58466052	1.3062
3.61764556	1.3287
3.61782791	1.3529
3.60784076	1.3725
3.57355251	1.392
3.51920611	1.4247
3.46601656	1.4492
3.42348325	1.4641
3.40156281	1.4633
3.40606284	1.4467
3.43354568	1.4225
3.4787707	1.3811
3.53347617	1.3361
3.59415538	1.2724
3.64504261	1.2233
3.66276971	1.2049
3.62620756	1.2249
3.56735868	1.2744
3.51074173	1.3416
3.46921353	1.4109
3.44574249	1.4668
3.44972163	1.5015
3.50698948	1.489
3.60823589	1.43
3.72459246	1.3329
3.79978032	1.2421
3.79762719	1.1845
3.72516977	1.1585
3.62557578	1.1725
3.51742751	1.2036
3.40564137	1.2472
3.32578116	1.2901
3.29705756	1.3248
3.32726508	1.3428
3.3964468	1.3393
3.48943091	1.32
3.58778569	1.3037
3.66927031	1.2808
3.71781356	1.2674
3.71452096	1.2705
3.65207455	1.2959
3.57466472	1.3333
3.50071925	1.3813
3.44118873	1.4142
3.40045407	1.4287
3.38620755	1.4255
3.39624658	1.3998
3.4215375	1.3634
3.45498332	1.327
3.49158248	1.2985
3.52486052	1.2879
3.55399592	1.2876
3.55904914	1.3149
3.55040389	1.346
3.52930612	1.3783
3.52300349	1.3969
3.53301526	1.3921
3.54976677	1.3645
3.5615521	1.3389
3.56155107	1.3156
3.56890244	1.2989
3.57941589	1.2973
3.57762708	1.3134
3.5525952	1.3505
3.51168235	1.3899
3.47077935	1.4204
3.45285389	1.4371
3.44486487	1.4352
3.44887891	1.4293
3.45168418	1.4104
3.45904307	1.3908
3.48303373	1.3828
3.50703955	1.3882
3.51825217	1.4008
3.51435113	1.4197
3.51641142	1.4302
3.52894081	1.4315
3.54559222	1.4196
3.56933228	1.3875
3.58280956	1.3471
3.59078597	1.3109
3.58606748	1.2933
3.57224351	1.2955
3.54187333	1.3174
3.48646635	1.3493
3.43504657	1.3807
3.39981511	1.4168
3.39186053	1.4451
3.41983348	1.4444
3.46447775	1.4231
3.52563464	1.3888
3.5792549	1.3578
3.63837634	1.3347
3.68466188	1.3357
3.6922999	1.361
3.65173244	1.4117
3.58600568	1.4702
3.52545897	1.519
3.50361424	1.5434
3.51476561	1.5469
3.53958674	1.5316
3.56396717	1.4934
3.58278503	1.4437
3.60145089	1.4024
3.61321353	1.3855
3.60232869	1.402
3.56457359	1.4301
3.51313455	1.4643
3.47064103	1.4901
3.45328437	1.5019
3.46122103	1.4896
3.4806403	1.4504
3.50852373	1.3894
3.54820631	1.3249
3.6037804	1.2929
3.66292178	1.3115
3.67593304	1.3589
3.63162252	1.4116
3.56333585	1.4663
3.51352097	1.4983
3.49300464	1.5072
3.49834832	1.4843
3.51191928	1.4337
3.51301967	1.3625
3.51672097	1.2852
3.55206056	1.2365
3.5858204	1.2353
3.59527857	1.2705
3.55863333	1.3449
3.51485974	1.4239
3.48660319	1.4968
3.47053619	1.5461
3.46990344	1.5739
3.47573788	1.5795
3.50320571	1.5363
3.55549217	1.4628
3.60930115	1.3947
3.63977683	1.3572
3.62384134	1.3568
3.58507433	1.3738
3.53972325	1.407
3.49510801	1.4481
3.45996025	1.4924
3.44166954	1.5225
3.42978195	1.5206
3.42474885	1.4884
3.4383472	1.4456
3.45385605	1.4207
3.45800359	1.3963
3.45560266	1.3658
3.45873827	1.3447
3.48357549	1.3436
3.51612506	1.3683
3.54779899	1.3947
3.58028342	1.4103
3.61378801	1.4127
3.64031086	1.41
3.64047415	1.4011
3.60035625	1.3932
3.51772558	1.3851
3.42767281	1.3907
3.34257207	1.4101
3.28284186	1.4224
3.2513259	1.4298
3.25632045	1.4216
3.29613424	1.411
3.36542142	1.3883
3.45573691	1.3415
3.55033566	1.2919
3.63247451	1.2661
3.6869964	1.2632
3.69650977	1.2728
3.6580348	1.2651
3.60464282	1.2642
3.57688882	1.2739
3.5682101	1.2971
3.57040796	1.3095
3.58541319	1.2935
3.61546595	1.268
3.65914981	1.2465
3.70518909	1.235
3.6997743	1.2466
3.64418978	1.2635
3.56624597	1.2999
3.50251335	1.3557
3.47275662	1.3908
3.46354942	1.3979
3.4729019	1.3792
3.51553424	1.3341
3.57891431	1.2842
3.65118991	1.2342
3.70756455	1.2009
3.71556504	1.2087
3.67398068	1.2468
3.61380667	1.3093
3.56392837	1.3869
3.52689368	1.4501
3.50372292	1.4831
3.50717568	1.4799
3.53326405	1.4422
3.57431803	1.3832
3.61268824	1.3237
3.63617251	1.2844
3.6290317	1.2844
3.59912783	1.2978
3.56344651	1.3318
3.54229043	1.377
3.53844184	1.4179
3.54742014	1.4452
3.56775013	1.4484
3.6243736	1.407
3.70879277	1.3557
3.77906014	1.3112
3.76904256	1.2941
3.68580408	1.2952
3.56518467	1.3222
3.4642097	1.3714
3.39571582	1.4359
3.34591143	1.4859
3.32263742	1.4949
3.33482967	1.4616
3.40598196	1.4044
3.52276378	1.3378
3.62766982	1.285
3.67445338	1.2404
3.6720828	1.2182
3.64723429	1.25
3.60562609	1.3332
3.53871903	1.4465
3.47306103	1.5403
3.43835129	1.5791
3.44538163	1.5645
3.50830909	1.5234
3.59791227	1.4733
3.66733033	1.3987
3.71043279	1.3187
3.71649048	1.2786
3.67144776	1.2842
3.5745917	1.3309
3.46619713	1.392
3.39178336	1.4387
3.3566011	1.4621
3.36880335	1.4535
3.41185066	1.4364
3.46569346	1.3983
3.52711832	1.3516
3.58100196	1.3207
3.60626245	1.3093
3.59739134	1.3171
3.55355317	1.3534
3.49167866	1.4068
3.434475	1.443
3.39700828	1.439
3.37878225	1.4085
3.3898553	1.366
3.40737095	1.3306
3.42838204	1.3022
3.43067187	1.2893
3.41753271	1.3049
3.41579742	1.34
3.41901064	1.3923
3.42302306	1.4362
3.42774911	1.4528
3.44804721	1.4317
3.49705526	1.389
3.56135242	1.3325
3.61614642	1.2673
3.65252657	1.2176
3.64504943	1.1936
3.61666843	1.1983
3.58367116	1.2399
3.54261613	1.2915
3.49729543	1.3458
3.46165521	1.3795
3.43039273	1.3997
3.43083304	1.3889
3.47163408	1.3517
3.52932831	1.3189
3.57155526	1.2977
3.59058167	1.2771
3.60856726	1.2652
3.63069485	1.27
3.64731566	1.2931
3.63279308	1.3217
3.59417017	1.3459
3.59033256	1.3365
3.61940788	1.3137
3.65912126	1.2818
3.68721411	1.2681
3.6753218	1.2651
3.6340583	1.259
3.58735724	1.2601
3.54999337	1.2799
3.51361689	1.3197
3.47437894	1.3439
3.45342575	1.3462
3.48323727	1.3358
3.55502463	1.3258
3.62945096	1.3018
3.67784438	1.271
3.70931783	1.2299
3.72733692	1.2131
3.74696328	1.2239
3.73981992	1.2556
3.69785673	1.3016
3.6422477	1.3458
3.62095389	1.3683
3.6353824	1.3668
3.65995265	1.3417
3.67288639	1.3055
3.66053259	1.277
3.64231739	1.2696
3.64688729	1.2768
3.66194431	1.2927
3.6401758	1.3199
3.58090843	1.362
3.52218574	1.3842
3.49270791	1.3597
3.50536187	1.2975
3.53679777	1.2311
3.56524509	1.1803
3.59274909	1.1531
3.63064152	1.1541
3.66762425	1.1867
3.66467465	1.2512
3.62217559	1.3233
3.56190466	1.3928
3.51813525	1.4329
3.50144684	1.4343
3.51339605	1.4145
3.52682956	1.3947
3.53670769	1.3686
3.54768497	1.329
3.56661945	1.2803
3.58811597	1.2419
3.58376427	1.2389
3.56436347	1.2515
3.53470583	1.2763
3.52658915	1.3033
3.54693373	1.3288
3.56708776	1.3625
3.5660208	1.3817
3.54674675	1.3927
3.51351352	1.4048
3.49587276	1.4095
3.49135626	1.4044
3.4819729	1.3991
3.46997973	1.3982
3.46960926	1.4063
3.47911656	1.4095
3.4970665	1.3981
3.5268369	1.3663
3.56197061	1.329
3.60013284	1.2919
3.61249367	1.2601
3.60653597	1.2361
3.59827197	1.2253
3.59584021	1.2405
3.57856622	1.284
3.53356526	1.3142
3.47908516	1.3333
3.44914963	1.3479
3.45738657	1.3511
3.49463518	1.3335
3.52337641	1.3092
3.54274144	1.2739
3.56425615	1.2415
3.59017705	1.2251
3.59445391	1.2179
3.53259718	1.2272
3.43215631	1.2435
3.34805903	1.2689
3.31189802	1.301
3.30836365	1.3407
3.30627412	1.3696
3.30601612	1.3875
3.32056337	1.395
3.35386036	1.3994
3.38520785	1.3903
3.38932854	1.3884
3.37687716	1.3948
3.363578	1.4155
3.36651078	1.4259
3.38513727	1.4198
3.40637745	1.3917
3.41979726	1.3553
3.44118854	1.2948
3.48179126	1.2349
3.55576052	1.1778
3.60603013	1.1571
3.59762534	1.1812
3.54826829	1.232
3.48904022	1.299
3.43213513	1.3551
3.37773805	1.3994
3.33651704	1.4359
3.30891575	1.4576
3.3145066	1.4576
3.34742785	1.432
3.40093817	1.395
3.44679286	1.3723
3.47307623	1.3681
3.48047072	1.3714
3.4665471	1.3735
3.43197795	1.3583
3.38016651	1.3458
3.33727642	1.3429
3.32493745	1.3346
3.35162288	1.3073
3.40918594	1.2845
3.4682221	1.278
3.50101614	1.2975
3.48910345	1.3382
3.4593577	1.3725
3.4166809	1.4049
3.38667461	1.4393
3.37257709	1.4803
3.38412539	1.5066
3.42338689	1.5029
3.47942937	1.4641
3.55071738	1.4004
3.6205459	1.3471
3.67319762	1.32
3.68578557	1.3197
3.65508874	1.3301
3.5912172	1.3576
3.50840704	1.4152
3.4334268	1.4864
3.39403033	1.5314
3.3823542	1.5264
3.37617662	1.4907
3.37712951	1.4493
3.39410461	1.4102
3.44134978	1.3687
3.50127579	1.3354
3.5468306	1.3231
3.5654384	1.3275
3.5570504	1.3418
3.53456322	1.3488
3.51474123	1.345
3.50123072	1.3338
3.49101811	1.3268
3.49473295	1.3222
3.53230265	1.3106
3.57300943	1.303
3.5907895	1.3008
3.57953303	1.3002
3.53599327	1.3077
3.48219505	1.3163
3.43059585	1.3332
3.39981512	1.3655
3.38889386	1.3954
3.39576287	1.4175
3.41779116	1.421
3.45912412	1.4041
3.51204603	1.3771
3.55499624	1.348
3.5698124	1.3144
3.54991736	1.2843
3.52141658	1.2867
3.49247337	1.3297
3.46257361	1.3905
3.43339892	1.4504
3.40893387	1.4876
3.39805459	1.5022
3.38841976	1.4891
3.37648763	1.4543
3.36928547	1.4122
3.38475184	1.3695
3.429767	1.3329
3.47825263	1.3048
3.48534899	1.2798
3.44735779	1.2604
3.40263503	1.2617
3.39404932	1.2748
3.4003089	1.3035
3.40726097	1.3349
3.42334948	1.3461
3.4661741	1.3306
3.54210725	1.3001
3.60763354	1.2699
3.59377447	1.2598
3.50699812	1.27
3.42275249	1.3087
3.37651802	1.3655
3.36155933	1.4293
3.35495277	1.4876
3.35564626	1.5229
3.36767493	1.5337
3.39524011	1.5168
3.42583275	1.4762
3.44629678	1.4132
3.46740042	1.3379
3.48419609	1.2849
3.48260157	1.2709
3.44073983	1.3053
3.38350869	1.3834
3.35197774	1.445
3.33601846	1.4647
3.32629948	1.4694
3.31966101	1.4675
3.33092262	1.4602
3.36893273	1.441
3.42935708	1.423
3.46926162	1.4043
3.45447451	1.3939
3.41073617	1.3973
3.380755	1.4067
3.3672641	1.4129
3.35421131	1.3981
3.34342117	1.3704
3.36159529	1.3407
3.40809233	1.3243
3.46990949	1.3234
3.49967284	1.34
3.46877098	1.365
3.40946234	1.3889
3.36456757	1.4203
3.33813322	1.4574
3.32439947	1.4805
3.31422304	1.4678
3.31702246	1.4207
3.34873215	1.3648
3.39597006	1.3208
3.42295207	1.2866
3.41897751	1.2608
3.40172803	1.2503
3.39076521	1.2797
3.37804455	1.3542
3.35277705	1.4374
3.33129364	1.4881
3.3325327	1.4991
3.350583	1.4788
3.36891384	1.4396
3.37739128	1.3854
3.38990876	1.3075
3.42892941	1.227
3.48885501	1.1798
3.52780428	1.1804
3.51837128	1.2085
3.47355378	1.2387
3.42931234	1.255
3.40088384	1.2578
3.37930334	1.2568
3.37571658	1.2602
3.40740059	1.2616
3.47826791	1.2547
3.54306931	1.2586
3.5714092	1.2813
3.53818948	1.3181
3.48075699	1.3662
3.41397663	1.4045
3.36433899	1.4257
3.32880214	1.4369
3.31711025	1.4443
3.33394814	1.4425
3.35944304	1.4108
3.37692082	1.3571
3.37966404	1.316
3.37651865	1.2975
3.37594786	1.3134
3.37147938	1.3383
3.35206886	1.3629
3.32565596	1.3869
3.30934681	1.4187
3.31972855	1.43
3.33564698	1.4055
3.34079611	1.3592
3.34181328	1.3144
3.34322284	1.3014
3.35369219	1.3177
3.36648005	1.3226
3.36361575	1.3228
3.34504145	1.3295
3.32522308	1.3378
3.30849039	1.3513
3.2994239	1.3341
3.29262091	1.3023
3.29140993	1.2778
3.2917328	1.2719
3.29906697	1.284
3.30284442	1.3067
3.30339368	1.334
3.29906689	1.3588
3.28377738	1.3816
3.26888413	1.3969
3.26091499	1.4109
3.26627866	1.4262
3.28276672	1.4338
3.30821711	1.4291
3.3352825	1.4204
3.35739984	1.4064
3.3722399	1.4061
3.37637108	1.4259
3.37125124	1.4336
3.3622294	1.4172
3.35465303	1.3991
3.35659243	1.3875
3.36903568	1.3938
3.37468417	1.3968
3.36786387	1.3718
3.3501343	1.3364
3.32417113	1.3176
3.31237865	1.3192
3.32454956	1.3253
3.35506557	1.3205
3.39462941	1.3141
3.43456252	1.3069
3.47349694	1.29
3.50613337	1.2783
3.52309075	1.2476
3.51740199	1.2176
3.48642727	1.2134
3.43264026	1.2423
3.38411505	1.2936
3.34188568	1.3489
3.30924023	1.3814
3.2803281	1.3957
3.26260969	1.3983
3.25792091	1.3953
3.27151308	1.371
3.30235864	1.3253
3.35572092	1.2791
3.40910868	1.2516
3.44763406	1.2553
3.45575411	1.2811
3.44669035	1.3079
3.42903471	1.3253
3.40861516	1.3435
3.40447274	1.3612
3.42437784	1.3698
3.46041273	1.349
3.48927908	1.3088
3.49638823	1.2642
3.47559996	1.2482
3.43994531	1.2461
3.39072255	1.2721
3.34827534	1.3051
3.32448412	1.3569
3.33075928	1.4232
3.34628209	1.4798
3.37414792	1.4936
3.40458733	1.4742
3.43314048	1.4353
3.45036034	1.3792
3.44360303	1.3203
3.42718075	1.2859
3.41134552	1.2808
3.39064378	1.3039
3.36919555	1.3363
3.34434477	1.3775
3.32267481	1.4075
3.30891045	1.4224
3.30097726	1.4297
3.3067529	1.43
3.32460332	1.4219
3.35584866	1.4084
3.40069264	1.3949
3.44284504	1.3755
3.47794033	1.327
3.49417962	1.2619
3.50239516	1.1999
3.52095787	1.1606
3.56566019	1.1417
3.59553015	1.1371
3.5841047	1.1458
3.54528176	1.1637
3.49080819	1.196
3.43947629	1.2207
3.37862239	1.2319
3.32106692	1.2289
3.28591841	1.2371
3.27339757	1.258
3.28844543	1.2719
3.32060528	1.2648
3.36239598	1.2505
3.41473052	1.235
3.46201286	1.2242
3.49404172	1.2169
3.50619076	1.2025
3.48886276	1.188
3.46276825	1.1953
3.43454771	1.2186
3.40448601	1.2446
3.38280185	1.2616
3.37406063	1.2719
3.37070982	1.2864
3.3655356	1.3
3.36044601	1.3087
3.35967203	1.3053
3.37524206	1.3045
3.40037564	1.3112
3.42580461	1.3192
3.45164537	1.3141
3.47663391	1.2924
3.50333082	1.2699
3.52242631	1.2534
3.5393317	1.2352
3.55787588	1.2236
3.58321008	1.2217
3.59283385	1.2221
3.57054543	1.2351
3.51677313	1.2488
3.46180846	1.2749
3.41310154	1.3208
3.36967085	1.3805
3.32754842	1.4328
3.30102796	1.4556
3.30588191	1.4539
3.34098995	1.4372
3.38275325	1.4148
3.4033766	1.3716
3.3987193	1.3038
3.41266676	1.2449
3.44931081	1.2313
3.46537266	1.2747
3.44586974	1.3405
3.42262925	1.3962
3.41440837	1.43
3.42242842	1.4526
3.4249585	1.4727
3.42746375	1.477
3.42868543	1.4489
3.43454808	1.4012
3.44621788	1.3548
3.45185259	1.3294
3.4375918	1.3326
3.42271857	1.3345
3.42532502	1.3386
3.4432481	1.3486
3.46333113	1.371
3.47565972	1.4033
3.5009916	1.4219
3.5380959	1.4282
3.58628555	1.4236
3.62107707	1.4232
3.62476968	1.4317
3.60066224	1.4291
3.57543599	1.4117
3.55654546	1.3902
3.54496779	1.369
3.52155462	1.3706
3.49428283	1.374
3.47666063	1.3736
3.4824191	1.3585
3.50499763	1.3376
3.51463843	1.3203
3.50421147	1.2876
3.4857794	1.2432
3.48238778	1.1897
3.50338658	1.1473
3.53433534	1.1277
3.55168102	1.1189
3.55363141	1.1282
3.54646669	1.1493
3.53106933	1.1653
3.50028598	1.1973
3.47231599	1.2308
3.45753444	1.2665
3.46075779	1.3
3.46768027	1.3133
3.4738854	1.3119
3.48800155	1.2926
3.50001506	1.2538
3.50612218	1.2026
3.50901804	1.1613
3.50601588	1.1408
3.50705592	1.1555
3.51246721	1.1925
3.50813644	1.2336
3.49198018	1.2768
3.46637349	1.3168
3.43740365	1.3499
3.41137799	1.3804
3.39511634	1.3918
3.39512307	1.3746
3.41110517	1.3411
3.43610559	1.3194
3.47941193	1.3094
3.53296811	1.2952
3.58788606	1.2555
3.60572866	1.2098
3.5921389	1.1667
3.56090404	1.1482
3.53200113	1.1649
3.51216198	1.2009
3.49711155	1.2247
3.46935988	1.2564
3.4481249	1.3006
3.45095138	1.3528
3.47006396	1.3871
3.4770636	1.3981
3.47248481	1.3901
3.46876157	1.3737
3.47154997	1.3598
3.48263248	1.3367
3.48727663	1.3052
3.47333513	1.2746
3.44363797	1.2519
3.41362758	1.2476
3.40492511	1.2387
3.39990473	1.229
3.38969307	1.2084
3.36518763	1.2031
3.34498187	1.2146
3.32142026	1.2569
3.29150182	1.3131
3.25642195	1.3736
3.22553537	1.4278
3.21862842	1.4561
3.23786884	1.4735
3.28717396	1.4789
3.36062237	1.4664
3.43678797	1.4408
3.50195479	1.3978
3.54473142	1.3637
3.55092183	1.3321
3.52612658	1.3098
3.48916488	1.2993
3.46371269	1.313
3.45942994	1.3395
3.45953398	1.3741
3.4646938	1.379
3.46938508	1.3632
3.48084851	1.3227
3.48592515	1.2863
3.48919085	1.2716
3.46843753	1.2818
3.4468352	1.2936
3.43210057	1.3114
3.43543378	1.3236
3.43984941	1.3354
3.42576986	1.3314
3.40525005	1.3016
3.39521065	1.2589
3.40389406	1.2024
3.41115224	1.149
3.40349437	1.113
3.39086722	1.0929
3.39614813	1.0952
3.41954323	1.1148
3.45127145	1.1431
3.47568883	1.1761
3.48302729	1.2166
3.49543839	1.2638
3.50830829	1.3007
3.52795567	1.3201
3.54941679	1.3317
3.56643	1.3485
3.57725708	1.3447
3.58896201	1.3179
3.59679604	1.2956
3.61130401	1.2868
3.62104426	1.3035
3.61595235	1.3337
3.58340442	1.3782
3.52807196	1.4147
3.47038793	1.437
3.41912571	1.4493
3.37675054	1.4476
3.34291994	1.4432
3.32446647	1.4392
3.33285282	1.4254
3.36758173	1.3989
3.41120525	1.3628
3.44924254	1.327
3.47324603	1.2971
3.49923694	1.2902
3.51158746	1.3002
3.49880709	1.3171
3.48266036	1.3288
3.46756367	1.3506
3.47069127	1.3724
3.47340876	1.3849
3.45419478	1.382
3.41431874	1.3712
3.36957343	1.3579
3.35307048	1.3426
3.37063801	1.3343
3.39831172	1.3294
3.42002678	1.3252
3.43933407	1.302
3.45291653	1.2912
3.4572705	1.2865
3.44134143	1.2911
3.40958781	1.3056
3.37867196	1.3143
3.37042121	1.3036
3.39352543	1.2826
3.4370864	1.2442
3.46971048	1.2201
3.49540738	1.2073
3.51981477	1.2208
3.53349696	1.264
3.514816	1.3247
3.48274985	1.3861
3.46513826	1.433
3.45901922	1.4617
3.46685803	1.4581
3.47589725	1.4264
3.48291476	1.3626
3.47818235	1.2972
3.48065753	1.2339
3.49607965	1.1839
3.50949899	1.1491
3.50413285	1.1405
3.49091342	1.1522
3.47291842	1.1881
3.45644765	1.2307
3.44744965	1.2577
3.43712517	1.2706
3.43321597	1.2621
3.43790442	1.2483
3.44946854	1.2259
3.46869553	1.1938
3.49677982	1.1619
3.53533531	1.145
3.57359753	1.1386
3.60236925	1.1484
3.6269164	1.1667
3.64296578	1.1934
3.66325749	1.223
3.66704601	1.2505
3.67023264	1.2673
3.66569625	1.2794
3.66080081	1.2844
3.66128068	1.2923
3.66127984	1.3004
3.64772412	1.2983
3.60910511	1.3052
3.56772471	1.3167
3.55768085	1.3244
3.55998585	1.3218
3.55912642	1.3044
3.54307562	1.2862
3.53133477	1.278
3.53640021	1.2866
3.55814953	1.3106
3.57884206	1.3205
3.58725248	1.3366
3.5932346	1.3371
3.61493189	1.3185
3.65391376	1.2778
3.67073749	1.2435
3.65095462	1.2585
3.61610959	1.3042
3.57609801	1.3602
3.52886356	1.4024
3.48412491	1.4423
3.46075026	1.4874
3.47918985	1.5119
3.53135992	1.4954
3.58911744	1.44
3.62404184	1.3771
3.61694276	1.3378
3.59278683	1.3191
3.58148612	1.3245
3.56007262	1.3542
3.5152314	1.4007
3.46005147	1.4472
3.42331332	1.4675
3.41884007	1.4598
3.43216807	1.4376
3.44315475	1.411
3.45029537	1.3766
3.46107275	1.3369
3.48185861	1.3026
3.49154529	1.3059
3.47296007	1.3421
3.44572429	1.3792
3.43049107	1.396
3.43381965	1.3881
3.45990204	1.375
3.50315727	1.3549
3.56028987	1.3013
3.59737762	1.2592
3.59737032	1.246
3.55797028	1.277
3.49437319	1.3229
3.43019389	1.3736
3.38351953	1.4064
3.35893355	1.4293
3.3582137	1.4458
3.38135208	1.4492
3.42265899	1.4349
3.46844098	1.4005
3.48726478	1.3739
3.49839111	1.345
3.50522835	1.329
3.50709325	1.3372
3.50146439	1.359
3.49290835	1.3822
3.49633426	1.3917
3.51748735	1.3974
3.54367433	1.4025
3.56616898	1.3975
3.58174861	1.3878
3.60289893	1.3797
3.63082238	1.3948
3.64247919	1.4136
3.62900931	1.4224
3.61868956	1.3998
3.62865564	1.363
3.65034473	1.3089
3.65222991	1.2405
3.63942278	1.1783
3.63228674	1.1341
3.63915977	1.1218
3.6250854	1.1607
3.58012968	1.2379
3.53227936	1.3265
3.50758194	1.3934
3.49624057	1.4299
3.49198889	1.4325
3.49882128	1.408
3.5354615	1.3488
3.58187064	1.2723
3.6122675	1.2132
3.61473738	1.1757
3.5857036	1.1732
3.5531534	1.1926
3.50901275	1.2464
3.46462971	1.3112
3.4357181	1.3662
3.43810896	1.3838
3.46948465	1.3644
3.51202797	1.3254
3.54490368	1.2956
3.55759198	1.2797
3.55830367	1.2746
3.54250118	1.2765
3.5125913	1.3007
3.48162242	1.3553
3.48226377	1.407
3.52400372	1.4347
3.59407376	1.4306
3.66071798	1.4014
3.71012345	1.3424
3.74039478	1.2772
3.75130531	1.2364
3.74237439	1.2281
3.69004795	1.246
3.60685873	1.2815
3.52814761	1.3026
3.46940408	1.3272
3.43907881	1.3377
3.43113614	1.3482
3.46147468	1.3356
3.52423219	1.3091
3.60151621	1.2836
3.65530245	1.2748
3.66932539	1.2805
3.66729795	1.2815
3.65135126	1.2653
3.63881944	1.2378
3.62537379	1.2191
3.61976443	1.1928
3.61567317	1.1771
3.61696417	1.1739
3.62619409	1.2
3.63221209	1.2552
3.62105472	1.3173
3.58702219	1.3853
3.52873979	1.4539
3.47332298	1.5033
3.43983646	1.5204
3.43714148	1.4905
3.45195059	1.4199
3.46613674	1.3377
3.46793847	1.2665
3.46000583	1.2122
3.45743942	1.183
3.43843322	1.2034
3.40550486	1.2619
3.37187576	1.342
3.37086318	1.4201
3.40243884	1.4673
3.44705023	1.4815
3.48944748	1.4671
3.51640753	1.4379
3.53447202	1.4021
3.54125019	1.3627
3.52884835	1.3432
3.50216289	1.3529
3.47442662	1.3939
3.45083437	1.451
3.42996752	1.4945
3.41582962	1.5091
3.41086467	1.4933
3.42915614	1.4517
3.45796616	1.3974
3.48055824	1.3246
3.49579673	1.2737
3.49418396	1.2488
3.4663353	1.258
3.40229218	1.2951
3.32587674	1.3442
3.26744009	1.3987
3.24386301	1.4394
3.25786329	1.4615
3.29314973	1.4688
3.33505599	1.4625
3.38203346	1.4275
3.42859688	1.3762
3.44688004	1.3346
3.41219658	1.3129
3.351801	1.3481
3.30060606	1.4061
3.27421126	1.4638
3.25589354	1.4985
3.24509605	1.5118
3.24593088	1.5214
3.26934792	1.5279
3.31114997	1.5253
3.35680196	1.5109
3.3876435	1.4909
3.40457576	1.4805
3.40320997	1.5007
3.40734378	1.5254
3.41866583	1.5408
3.43769621	1.5308
3.45060379	1.504
3.46811732	1.4645
3.47857096	1.416
3.49295179	1.3552
3.52602779	1.3011
3.5658959	1.2619
3.59049073	1.2472
3.57984853	1.2657
3.54835918	1.3129
3.51014696	1.3621
3.47330029	1.387
3.45083463	1.3852
3.45154922	1.3653
3.47206684	1.3285
3.50263499	1.2771
3.52891014	1.2274
3.5581133	1.19
3.58927386	1.1781
3.60019856	1.2005
3.58909646	1.2386
3.56771105	1.2846
3.56327676	1.3262
3.56731586	1.3672
3.58268887	1.3835
3.59747416	1.3678
3.60743258	1.3313
3.5883327	1.3051
3.53294705	1.3162
3.46700681	1.3533
3.42424873	1.3946
3.41234855	1.4313
3.43546087	1.4588
3.47854393	1.4852
3.54286014	1.485
3.63109201	1.4519
3.73499856	1.3808
3.82749381	1.3074
3.87672499	1.2551
3.8532441	1.2439
3.78001005	1.2536
3.68834586	1.3057
3.62473952	1.3715
3.57860258	1.4294
3.53739634	1.4592
3.50799991	1.4461
3.4908885	1.4027
3.51303385	1.3446
3.55386457	1.2809
3.56665248	1.2495
3.54238835	1.2417
3.49051082	1.2754
3.44566765	1.3307
3.41448997	1.3872
3.38398567	1.4289
3.36387797	1.4602
3.36389618	1.4872
3.38391283	1.4944
3.41735406	1.4617
3.44892421	1.4116
3.47814668	1.3743
3.48447695	1.3635
3.48073379	1.3677
3.47493329	1.3626
3.4673633	1.3583
3.4541244	1.3678
3.44376254	1.3693
3.44081033	1.34
3.46010094	1.2944
3.49051706	1.2558
3.50718499	1.246
3.5106435	1.2511
3.51837582	1.2544
3.53524224	1.2627
3.54235897	1.2784
3.51701755	1.3033
3.48548249	1.3266
3.46649222	1.3327
3.46781623	1.3048
3.47774724	1.2742
3.47935414	1.2489
3.46281313	1.2506
3.4511884	1.2557
3.44904791	1.2768
3.44458925	1.3186
3.44289498	1.354
3.42865027	1.3797
3.40823313	1.386
3.39337035	1.3674
3.38812964	1.327
3.38917491	1.2749
3.39000864	1.2326
3.39899055	1.2212
3.41731578	1.2191
3.4262054	1.2308
3.428299	1.2463
3.43306256	1.2695
3.46604593	1.2915
3.52258921	1.3032
3.59967688	1.2858
3.67985461	1.2486
3.75587775	1.209
3.80870585	1.1903
3.83068366	1.1922
3.79296032	1.1979
3.70575723	1.2193
3.62245127	1.2547
3.56758224	1.287
3.54223256	1.31
3.54139934	1.3308
3.57951588	1.3267
3.65497998	1.3057
3.76117187	1.2768
3.86308539	1.2536
3.92286168	1.2495
3.91912595	1.2701
3.87088967	1.2955
3.79726713	1.3341
3.71590887	1.3774
3.64317244	1.4143
3.59350971	1.437
3.57597611	1.4321
3.58650152	1.4029
3.62499745	1.3663
3.66846783	1.3388
3.71897025	1.3171
3.74062063	1.3024
3.72139906	1.2967
3.67930946	1.2945
3.63165559	1.3014
3.58443653	1.3215
3.56091844	1.3405
3.55551577	1.345
3.58226879	1.3302
3.65691879	1.3011
3.76174203	1.2746
3.86153667	1.2513
3.9097446	1.2387
3.90174674	1.2319
3.8558514	1.2387
3.78808629	1.2507
3.71849917	1.2803
3.66076873	1.2994
3.61788277	1.3084
3.60916338	1.3072
3.63347544	1.3003
3.68562842	1.2973
3.75973605	1.2958
3.81576357	1.2823
3.83593457	1.2651
3.80166359	1.274
3.75573301	1.3102
3.71289925	1.3491
3.67108003	1.3695
3.64096207	1.3602
3.60770834	1.3747
3.60984184	1.3889
3.63229721	1.3907
3.65505073	1.3729
3.65557569	1.3492
3.61867056	1.3424
3.58056972	1.3483
3.55580374	1.3592
3.55663006	1.3595
3.56429679	1.3423
3.55333282	1.3421
3.55616671	1.3514
3.59980838	1.353
3.66342623	1.3459
3.70411426	1.3317
3.71239228	1.3197
3.69940134	1.3173
3.68213217	1.3192
3.65798019	1.3055
3.63070932	1.2816
3.61617276	1.274
3.62217326	1.2825
3.65913212	1.2928
3.68990382	1.299
3.68839517	1.3
3.65637424	1.2936
3.60727714	1.2996
3.56526503	1.3134
3.5248693	1.3309
3.487261	1.3485
3.46763708	1.3676
3.48258989	1.3834
3.53523423	1.3849
3.60376016	1.3816
3.67044802	1.37
3.71183345	1.3604
3.73147134	1.3533
3.73701607	1.3476
3.71015546	1.3504
3.66122188	1.3368
3.62027414	1.3128
3.60824026	1.2869
3.63094562	1.2654
3.68695068	1.2377
3.75274641	1.201
3.80595098	1.1792
3.8462005	1.1673
3.84211927	1.1724
3.79602026	1.1859
3.72660078	1.2182
3.65969225	1.2659
3.60339737	1.3105
3.56858015	1.337
3.57508079	1.3405
3.63173692	1.3174
3.70082394	1.2882
3.7687641	1.2524
3.81817919	1.2065
3.83867817	1.1578
3.85073903	1.1241
3.82848382	1.1353
3.76549197	1.1841
3.68193731	1.2462
3.61725758	1.2883
3.58231413	1.3062
3.5611053	1.3282
3.55069614	1.343
3.54771617	1.3352
3.54419692	1.2982
3.55143237	1.2485
3.56830695	1.2207
3.58972556	1.2203
3.60303419	1.226
3.6109596	1.2166
3.62566594	1.1975
3.66263918	1.1867
3.70271515	1.1825
3.73038993	1.1708
3.73837366	1.1552
3.72519349	1.157
3.70637246	1.1866
3.68037683	1.2314
3.6313733	1.2767
3.58040346	1.2915
3.55324517	1.2805
3.55805877	1.266
3.59928733	1.2347
3.66122334	1.1805
3.72069544	1.1278
3.77811679	1.0988
3.8254666	1.1051
3.83068378	1.1457
3.78132001	1.1931
3.68139993	1.2473
3.58503248	1.303
3.53002848	1.3467
3.51682766	1.3646
3.53892793	1.3496
3.56947227	1.308
3.59521416	1.2536
3.61689729	1.2057
3.62613614	1.1819
3.60060605	1.2013
3.54023564	1.2465
3.47480662	1.3028
3.42430441	1.3392
3.40527629	1.3464
3.41759668	1.3412
3.46061711	1.3232
3.52656044	1.2821
3.58431066	1.2287
3.64005987	1.1887
3.66685912	1.1938
3.66439012	1.2556
3.64164764	1.3354
3.59964235	1.3973
3.54029799	1.4276
3.49548259	1.4207
3.4859236	1.3902
3.52022903	1.3315
3.57904033	1.2611
3.61868073	1.2054
3.62897138	1.1763
3.62225346	1.1868
3.61450737	1.2296
3.57775761	1.2898
3.51877535	1.3415
3.4648543	1.3864
3.44229751	1.4176
3.46266153	1.4271
3.51763944	1.4172
3.60289774	1.3854
3.69518754	1.3405
3.77649289	1.2955
3.82358556	1.2655
3.82597231	1.2606
3.78740191	1.2702
3.71007966	1.2799
3.62692429	1.2771
3.55912752	1.2732
3.5104195	1.2792
3.49854973	1.2908
3.50196972	1.3034
3.50983937	1.3328
3.51763569	1.3819
3.53718034	1.4462
3.56733637	1.4905
3.59744004	1.5006
3.61781988	1.4957
3.62803379	1.4833
3.6359982	1.4509
3.65587911	1.3763
3.67189389	1.2862
3.67201486	1.2165
3.65809061	1.1855
3.64220304	1.1955
3.63846544	1.2236
3.64848584	1.2577
3.64902268	1.2924
3.6344694	1.3207
3.60817157	1.3534
3.57946194	1.3799
3.5705466	1.394
3.58087967	1.4008
3.59665243	1.3888
3.59914661	1.3833
3.60521018	1.3818
3.62681532	1.3923
3.66916284	1.3984
3.7042158	1.3905
3.70683387	1.3624
3.67940716	1.3338
3.65201923	1.3186
3.65666865	1.3146
3.67290189	1.3162
3.67250691	1.3196
3.64565072	1.3315
3.61187421	1.3575
3.58911432	1.3969
3.57553721	1.4294
3.56808412	1.4517
3.5616158	1.4662
3.5648334	1.4707
3.57101176	1.4727
3.5868924	1.4494
3.61460997	1.3942
3.64834693	1.3237
3.67495255	1.2567
3.68823034	1.2122
3.71854348	1.1984
3.77024152	1.214
3.81090793	1.2324
3.79832125	1.2526
3.72727294	1.2881
3.65519933	1.3224
3.61597624	1.3323
3.6075431	1.3144
3.61602862	1.2784
3.62597415	1.2438
3.6311748	1.2326
3.63523881	1.2385
3.63671313	1.253
3.63468703	1.2611
3.61079276	1.2733
3.57187473	1.2919
3.54808166	1.3136
3.56533519	1.3342
3.60932689	1.3504
3.65073046	1.3587
3.67041454	1.3688
3.67356756	1.4069
3.6769877	1.4671
3.66718488	1.5266
3.64882131	1.5455
3.62460529	1.53
3.60694256	1.5002
3.61060593	1.456
3.61902632	1.3968
3.61886589	1.3063
3.6002103	1.2061
3.56559588	1.1219
3.52498584	1.0938
3.49292665	1.1248
3.48015566	1.1883
3.48679337	1.2541
3.52008219	1.3005
3.56861418	1.3277
3.6146018	1.3409
3.65551735	1.3259
3.67362135	1.2911
3.66859828	1.2357
3.63893923	1.2075
3.60378904	1.2241
3.5799509	1.2688
3.56307577	1.3097
3.54685705	1.3394
3.53899523	1.3614
3.55310842	1.3696
3.58478482	1.3616
3.61586564	1.3297
3.60525936	1.2998
3.5570952	1.2917
3.51020848	1.3079
3.48117907	1.3378
3.46277823	1.3733
3.43167063	1.4085
3.40103	1.4482
3.39318143	1.4726
3.4406619	1.4629
3.53160007	1.4099
3.61726954	1.3516
3.6540016	1.3006
3.65611826	1.2753
3.64325994	1.2585
3.61231718	1.2607
3.54849754	1.2718
3.47508703	1.29
3.43670174	1.2955
3.4453558	1.2798
3.48702945	1.254
3.53486409	1.2354
3.57214802	1.2269
3.59984803	1.2314
3.59867027	1.2493
3.55607837	1.2742
3.48705453	1.309
3.43007771	1.3263
3.3927977	1.3336
3.38554053	1.336
3.4034154	1.329
3.44216841	1.3024
3.51017381	1.2429
3.57876929	1.1895
3.62619393	1.1673
3.62697429	1.1698
3.60619785	1.1798
3.56814911	1.2004
3.52536265	1.2267
3.48166594	1.2641
3.44905293	1.3031
3.44230352	1.3139
3.45707268	1.2837
3.48701298	1.2295
3.50600035	1.1794
3.5172813	1.1473
3.52800495	1.1463
3.54387887	1.1675
3.54283738	1.2031
3.52563788	1.2463
3.50710315	1.289
3.50848183	1.3113
3.52418674	1.3281
3.55817385	1.316
3.57708938	1.2929
3.56270333	1.2735
3.51363727	1.2614
3.45851272	1.2749
3.42621291	1.2884
3.40992845	1.2934
3.41239317	1.2795
3.41441681	1.2788
3.43697881	1.2807
3.48973487	1.2831
3.58231224	1.2697
3.66672708	1.2607
3.70209535	1.2539
3.68103719	1.2682
3.65208402	1.306
3.63212587	1.363
3.59668951	1.407
3.53312763	1.4399
3.49395414	1.4465
3.49249408	1.4229
3.53506678	1.3868
3.60171751	1.3473
3.65015541	1.2992
3.65914413	1.2437
3.65424086	1.2032
3.65246067	1.1981
3.64887356	1.2191
3.60626115	1.2498
3.5636583	1.2554
3.53507926	1.2548
3.54834496	1.269
3.60735155	1.288
3.67174819	1.2905
3.71691891	1.2644
3.73879148	1.2372
3.74038245	1.2358
3.7253649	1.2556
3.68783471	1.2646
3.63586512	1.2477
3.58549565	1.2217
3.56093751	1.2029
3.5620859	1.1988
3.57586848	1.1905
3.56270025	1.182
3.5417293	1.1753
3.52771378	1.193
3.51026218	1.2387
3.48066612	1.3188
3.43336659	1.3883
3.39340141	1.436
3.38133938	1.4525
3.40539593	1.4472
3.45253908	1.4298
3.51107262	1.3812
3.55820171	1.3202
3.59490341	1.2512
3.61855998	1.2167
3.63203194	1.218
3.60065294	1.2572
3.55177078	1.3096
3.49245776	1.3441
3.44673472	1.3652
3.43517937	1.3603
3.44493587	1.3561
3.46394108	1.3379
3.47417145	1.3041
3.47785347	1.2672
3.50390701	1.2402
3.53867083	1.2413
3.54994077	1.2526
3.51808069	1.293
3.46120957	1.3356
3.42289307	1.3678
3.42714942	1.3864
3.46414937	1.3921
3.52200545	1.385
3.56646019	1.3686
3.59752745	1.3428
3.62023465	1.3227
3.62180455	1.333
3.58902017	1.3668
3.52753584	1.3961
3.45344078	1.4065
3.395604	1.4071
3.38227313	1.4049
3.41970326	1.39
3.49138527	1.3524
3.57707012	1.2839
3.64698826	1.2212
3.69607309	1.1948
3.72725296	1.2205
3.72467954	1.2749
3.68704672	1.3296
3.61682387	1.375
3.5705431	1.3986
3.555078	1.4075
3.58433958	1.3983
3.63798958	1.3701
3.68356625	1.3325
3.69342053	1.3122
3.6686286	1.3209
3.62658025	1.3615
3.57879183	1.4028
3.52095026	1.4342
3.47489496	1.4414
3.4613001	1.4186
3.47341259	1.3765
3.50917455	1.3169
3.56713853	1.2437
3.62078009	1.1818
3.66028466	1.1599
3.67139437	1.1855
3.64333997	1.2482
3.58378368	1.3237
3.51710078	1.3744
3.47143807	1.4021
3.46340468	1.4045
3.49728943	1.3762
3.55238097	1.3072
3.61028704	1.2146
3.66080265	1.1367
3.70310372	1.0987
3.72868404	1.1099
3.69539317	1.1439
3.61187653	1.1916
3.51867548	1.2567
3.46323868	1.3271
3.4607646	1.3879
3.48999854	1.408
3.53735038	1.3835
3.58617163	1.3371
3.62850491	1.3061
3.66610468	1.3015
3.679887	1.3145
3.62937763	1.3262
3.52927436	1.3419
3.43278092	1.3656
3.37385048	1.3921
3.35931702	1.3931
3.37698008	1.3636
3.41874261	1.3201
3.46945972	1.2826
3.51264098	1.2646
3.55814185	1.2759
3.58541398	1.3029
3.56728593	1.3422
3.51193767	1.3967
3.44661948	1.4522
3.41043149	1.4752
3.42752454	1.4498
3.48445195	1.3912
3.56332731	1.3296
3.64849756	1.2768
3.73908435	1.2396
3.8095916	1.2247
3.83956349	1.2254
3.79948094	1.2433
3.70346222	1.27
3.59732956	1.2959
3.52486253	1.3057
3.48856988	1.3028
3.4805906	1.2921
3.50991537	1.2744
3.54735577	1.2634
3.58566467	1.2629
3.60330798	1.2697
3.5730522	1.3025
3.52943934	1.3504
3.5052633	1.4021
3.49360943	1.4409
3.47803532	1.461
3.46385041	1.47
3.45313781	1.4715
3.45287225	1.4601
3.46324251	1.4371
3.47171818	1.425
3.46952665	1.4313
3.44435806	1.4609
3.41448912	1.4938
3.39146041	1.5272
3.3773654	1.5329
3.37470427	1.5129
3.39265219	1.471
3.42082571	1.4042
3.45573832	1.3297
3.51444413	1.2638
3.57377867	1.2276
3.58795118	1.2184
3.55248904	1.2266
3.4854438	1.2705
3.43198876	1.3426
3.41569162	1.417
3.43147416	1.456
3.4633214	1.458
3.50138347	1.4273
3.54359481	1.3833
3.58162339	1.3421
3.60258826	1.3075
3.5837295	1.3056
3.53501347	1.3195
3.47727469	1.3446
3.43745337	1.3785
3.41986616	1.4179
3.42293168	1.4587
3.45320921	1.4919
3.50812101	1.4928
3.57828404	1.4719
3.66335197	1.4387
3.72612051	1.4145
3.72775039	1.4039
3.67491171	1.4073
3.60427648	1.4213
3.53668102	1.4555
3.48870019	1.4888
3.46765161	1.4948
3.45964122	1.4707
3.47320849	1.4113
3.5220602	1.341
3.60000443	1.2797
3.6616569	1.2411
3.67419854	1.2337
3.65249299	1.2518
3.61397074	1.2843
3.5581161	1.3327
3.49550166	1.3668
3.44757117	1.3893
3.42135855	1.3894
3.42774697	1.3723
3.45386091	1.355
3.47895298	1.3529
3.51100739	1.3598
3.52953127	1.4002
3.53821199	1.4535
3.51699568	1.5115
3.47151853	1.5603
3.4316498	1.5835
3.42506855	1.5605
3.44308358	1.5038
3.48387087	1.421
3.5165262	1.3477
3.55182536	1.294
3.60313046	1.2897
3.6452574	1.3322
3.64811144	1.3979
3.61459732	1.4682
3.58752941	1.5188
3.58346125	1.5311
3.59937983	1.4988
3.62994021	1.427
3.67840257	1.3304
3.73114946	1.2374
3.77041061	1.1726
3.76232602	1.1569
3.69707693	1.1844
3.612505	1.2465
3.51302918	1.3379
3.43625675	1.4159
3.40359942	1.4542
3.40692592	1.4512
3.43922479	1.4214
3.47223417	1.3898
3.48884011	1.3468
3.50396598	1.3008
3.5251188	1.2697
3.51698573	1.2773
3.46284367	1.3261
3.38485814	1.3941
3.33255157	1.4491
3.3244101	1.4664
3.3488775	1.45
3.37812155	1.4217
3.40544359	1.3812
3.44676276	1.3349
3.50386442	1.2988
3.53649429	1.2895
3.51038041	1.3158
3.44690608	1.3771
3.39664758	1.4394
3.37131257	1.4791
3.36709555	1.495
3.38630669	1.485
3.44227207	1.4371
3.53652077	1.3581
3.63479583	1.2778
3.67273981	1.222
3.66179772	1.2032
3.61058314	1.2315
3.53703306	1.2849
3.42970782	1.3448
3.32038185	1.4055
3.25162993	1.4411
3.24034842	1.4256
3.27579537	1.3728
3.32862207	1.3158
3.3715809	1.2791
3.41903245	1.264
3.47183354	1.2711
3.48664223	1.3122
3.42563264	1.3566
3.32043252	1.4124
3.25214414	1.4427
3.23848914	1.4187
3.26085392	1.3618
3.30776227	1.3022
3.36781153	1.2592
3.44256327	1.2364
3.5113255	1.2313
3.53929658	1.262
3.48638439	1.3141
3.3959019	1.3866
3.30163609	1.4454
3.24259926	1.4759
3.23213687	1.4601
3.25165624	1.4169
3.29418364	1.3246
3.34908242	1.2154
3.43573787	1.1137
3.5244606	1.063
3.57686027	1.0679
3.56622909	1.117
3.51325695	1.1999
3.47016082	1.3059
3.44841739	1.4003
3.44303511	1.4466
3.44262507	1.4454
3.45342989	1.4066
3.4741651	1.3575
3.50003218	1.3191
3.50474552	1.2947
3.47998608	1.3047
3.42669156	1.3302
3.36591705	1.3786
3.32443728	1.4326
3.30527915	1.4713
3.31518392	1.4621
3.3455268	1.4245
3.39452543	1.3686
3.44723412	1.3198
3.48335705	1.2784
3.49484897	1.2582
3.47655997	1.2699
3.42391665	1.3173
3.35642127	1.3884
3.30552824	1.4502
3.28181358	1.4786
3.29754922	1.4683
3.36275701	1.4295
3.4582838	1.3832
3.55798005	1.329
3.63350868	1.2723
3.67158378	1.2138
3.64523157	1.1842
3.57303139	1.1856
3.47901163	1.2171
3.4009566	1.2313
3.34939508	1.2293
3.33334565	1.2184
3.3626334	1.1936
3.44772304	1.1651
3.56111879	1.1346
3.64123855	1.1129
3.65088443	1.1102
3.60637647	1.1215
3.57192508	1.1496
3.56143664	1.1811
3.55341408	1.1978
3.54101817	1.1985
3.51887734	1.1868
3.51647978	1.153
3.55931526	1.0988
3.61816788	1.053
3.63767051	1.0329
3.61951807	1.0447
3.5917016	1.0911
3.57769759	1.1584
3.55361077	1.2249
3.51305579	1.2785
3.46344752	1.3111
3.44311522	1.3002
3.45534379	1.2569
3.48640663	1.1975
3.5119159	1.1552
3.53404727	1.126
3.54513843	1.1047
3.53057666	1.1111
3.47309261	1.1537
3.40293173	1.2091
3.35370786	1.2538
3.34602932	1.2941
3.35921216	1.3189
3.37042549	1.3356
3.39333162	1.3307
3.41713656	1.3238
3.43536839	1.3111
3.4240161	1.3108
3.39876944	1.3283
3.37915766	1.352
3.38363387	1.3722
3.39628791	1.3878
3.39721547	1.4053
3.39691995	1.4111
3.40729163	1.3873
3.43811812	1.3346
3.45944828	1.2665
3.44376074	1.2215
3.40207401	1.2127
3.38264081	1.2115
3.3920198	1.2317
3.3919675	1.2625
3.36492047	1.2936
3.32292328	1.3153
3.31309407	1.3139
3.33393691	1.3069
3.36427412	1.304
3.38647096	1.3131
3.407894	1.3285
3.44041888	1.3441
3.48988061	1.3779
3.52136587	1.4101
3.51694804	1.433
3.48108152	1.4538
3.45447083	1.4608
3.46439662	1.4464
3.4955476	1.4234
3.5195993	1.3811
3.52020452	1.3286
3.51428627	1.2796
3.50980336	1.2579
3.49898629	1.27
3.47088343	1.2876
3.43570424	1.292
3.42535252	1.2884
3.45014292	1.2846
3.51435661	1.2669
3.57977472	1.2424
3.6444342	1.1951
3.68333697	1.1548
3.67295567	1.1303
3.61572738	1.1327
3.5430344	1.1719
3.4946782	1.2233
3.47733726	1.2634
3.46802849	1.2896
3.45283486	1.3039
3.44289168	1.3032
3.45939041	1.2768
3.48290862	1.2502
3.47559989	1.2259
3.41727238	1.2227
3.35297261	1.2538
3.32978122	1.3149
3.33804883	1.3774
3.35142025	1.4292
3.35798947	1.4456
3.37301843	1.4293
3.42605156	1.3846
3.49320888	1.3242
3.53357115	1.2699
3.52769382	1.2351
3.51925127	1.2297
3.5182551	1.2697
3.50227091	1.3452
3.44703852	1.424
3.37645124	1.4726
3.33194954	1.4767
3.32210081	1.4598
3.34101755	1.4373
3.34889045	1.3952
3.34808378	1.3459
3.34689296	1.3019
3.35746563	1.2919
3.35011189	1.3207
3.30316171	1.362
3.24499067	1.4048
3.21797769	1.4132
3.2232643	1.3976
3.25672334	1.3774
3.30284849	1.3641
3.34402122	1.3508
3.38518883	1.3016
3.41608714	1.2432
3.40951555	1.2144
3.36356263	1.2595
3.31479678	1.3409
3.29704931	1.4198
3.31393622	1.4539
3.34309686	1.4626
3.38078576	1.4571
3.42399679	1.4208
3.47714992	1.3563
3.52964133	1.2858
3.54226697	1.2471
3.5131024	1.2408
3.45992411	1.2739
3.41045318	1.3187
3.37612597	1.3629
3.35316082	1.3789
3.33820477	1.3643
3.34939529	1.3288
3.38874049	1.2782
3.447057	1.2148
3.49418749	1.1694
3.52538248	1.1701
3.53153738	1.214
3.5299622	1.2759
3.52109343	1.354
3.50259511	1.4246
3.48098708	1.4648
3.4713658	1.4604
3.47972978	1.4216
3.51030986	1.3441
3.54091656	1.2498
3.56747652	1.1712
3.57128654	1.1483
3.55974566	1.1776
3.52580559	1.2422
3.47400654	1.3239
3.43046519	1.3949
3.4148333	1.4365
3.42189494	1.4522
3.44766154	1.4227
3.4883169	1.3606
3.51823913	1.2852
3.52957468	1.2206
3.50535807	1.2048
3.46659852	1.2275
3.42702087	1.2751
3.39371447	1.3311
3.38513339	1.3907
3.40406176	1.4421
3.46214463	1.4622
3.55914476	1.4274
3.68240894	1.3537
3.78246906	1.2867
3.84209909	1.2491
3.83732855	1.2519
3.77921069	1.271
3.6822561	1.303
3.56454557	1.3509
3.48000897	1.3872
3.4432941	1.3867
3.4457686	1.338
3.48413571	1.2559
3.5457785	1.171
3.6059097	1.1113
3.64157017	1.0921
3.64992588	1.1036
3.61345265	1.1445
3.53555878	1.2038
3.44186141	1.2542
3.35729919	1.2847
3.3106289	1.2868
3.32025946	1.2697
3.36251783	1.2412
3.42642323	1.1966
3.50615328	1.1567
3.59185878	1.1544
3.66224921	1.1905
3.6844215	1.2436
3.65393707	1.2812
3.58107133	1.3043
3.50074352	1.3084
3.44168007	1.2889
3.41872569	1.2437
3.41649536	1.1865
3.45097503	1.1345
3.50883488	1.1241
3.57457902	1.1584
3.61790911	1.221
3.62452172	1.2697
3.60468763	1.3055
3.57240688	1.3434
3.54231462	1.3695
3.51471832	1.3571
3.4938876	1.2991
3.49681794	1.2301
3.52051547	1.195
3.54539103	1.1996
3.53690177	1.236
3.51662038	1.275
3.49012638	1.3269
3.47713746	1.3887
3.47622729	1.446
3.4816138	1.4646
3.500579	1.4318
3.5272034	1.3691
3.57735674	1.2848
3.62239348	1.2087
3.63489076	1.156
3.60341044	1.1363
3.54530382	1.1604
3.47782487	1.2138
3.41951783	1.2719
3.37837692	1.3218
3.36725582	1.3537
3.39349525	1.3563
3.45739672	1.3303
3.52598236	1.3064
3.57702242	1.2931
3.59500141	1.3003
3.59911335	1.3188
3.57659004	1.3383
3.51866962	1.3416
3.44962753	1.3402
3.41221377	1.3351
3.42192137	1.3093
3.46902655	1.2706
3.52185291	1.2406
3.57139144	1.2291
3.61967983	1.2566
3.67236939	1.3034
3.69219181	1.3505
3.66614972	1.3792
3.59797574	1.3952
3.54064311	1.3934
3.51904832	1.3664
3.54077279	1.2947
3.57982135	1.1805
3.6279736	1.0773
3.68462921	1.0365
3.74414126	1.0566
3.77479004	1.1142
3.7559457	1.183
3.70572027	1.2505
3.63265847	1.3245
3.55537857	1.3876
3.49157012	1.4072
3.44685429	1.3834
3.42419736	1.3308
3.42820162	1.2692
3.45431722	1.222
3.50029809	1.1776
3.54840728	1.1386
3.58557321	1.1123
3.61479938	1.1178
3.62924752	1.1597
3.61466181	1.2117
3.57902314	1.2532
3.53762444	1.2891
3.49565448	1.3275
3.46488881	1.3718
3.45327553	1.3915
3.45732858	1.3829
3.48519326	1.3451
3.52632299	1.3007
3.57588216	1.2568
3.62673347	1.2139
3.66235625	1.175
3.66862851	1.1656
3.65140201	1.18
3.59900803	1.2115
3.53348012	1.2442
3.46376472	1.2837
3.41301361	1.3047
3.39279426	1.319
3.39569233	1.3098
3.40630595	1.2922
3.4370852	1.2699
3.48869508	1.2407
3.54081217	1.2126
3.56554095	1.2009
3.56173038	1.2156
3.552845	1.2651
3.53456388	1.3287
3.51896969	1.3761
3.50603339	1.3887
3.48759506	1.3758
3.47078522	1.3422
3.46861916	1.2793
3.47941255	1.2011
3.49998027	1.1087
3.52901163	1.0452
3.54738079	1.0349
3.54999265	1.0703
3.54102241	1.1267
3.52039885	1.1897
3.4926419	1.2397
3.450377	1.288
3.41518501	1.3194
3.38895118	1.3379
3.37917312	1.3185
3.38350812	1.2944
3.4040291	1.2652
3.43776698	1.239
3.46784926	1.2243
3.48458036	1.2343
3.49490195	1.2418
3.50202858	1.2297
3.513463	1.209
3.50305246	1.2174
3.48920257	1.239
3.47699009	1.2681
3.47157002	1.2952
3.46950888	1.312
3.45645429	1.327
3.4385647	1.3329
3.43411727	1.3134
3.44581725	1.2711
3.46775899	1.2301
3.48628162	1.2124
3.49080838	1.2133
3.49176347	1.2276
3.49841114	1.2494
3.4943502	1.2844
3.47045803	1.3218
3.45267053	1.3513
3.46455674	1.3621
3.51447612	1.3424
3.59873645	1.2999
3.68544877	1.2524
3.74880008	1.2255
3.7703893	1.2129
3.75692362	1.2228
3.72747613	1.2477
3.67467669	1.2876
3.59981369	1.3241
3.52011068	1.3556
3.47392865	1.3521
3.44981627	1.3234
3.46469512	1.2565
3.49849662	1.1868
3.5370887	1.1235
3.55639473	1.0943
3.54906986	1.1098
3.52583523	1.1635
3.50298281	1.2648
3.47195835	1.4045
3.45298738	1.5075
3.44616968	1.5451
3.43884767	1.5296
3.43190217	1.4833
3.41979517	1.4274
3.42209655	1.3593
3.42512338	1.2911
3.42077643	1.2411
3.3976145	1.2374
3.37065417	1.3029
3.36119792	1.3979
3.37981175	1.4719
3.41688003	1.5129
3.44319133	1.5196
3.45057981	1.4871
3.4420491	1.4289
3.45110542	1.3843
3.48776498	1.3479
3.52614896	1.3152
3.54418274	1.2684
3.53420599	1.2442
3.51103666	1.2504
3.49481409	1.2783
3.49004282	1.2961
3.50016695	1.2832
3.51177577	1.2392
3.50678255	1.2038
3.49680549	1.2155
3.50097456	1.2789
3.51204137	1.3616
3.51380826	1.4312
3.50982718	1.492
3.51472538	1.5493
3.52699468	1.575
3.52872551	1.5535
3.51472535	1.5008
3.48830389	1.4351
3.4511771	1.3784
3.43110116	1.3402
3.42221619	1.3242
3.40812452	1.3367
3.39125264	1.3805
3.40137728	1.4192
3.44226608	1.444
3.5133275	1.4313
3.58536186	1.3949
3.63470279	1.352
3.64344646	1.3153
3.61760466	1.312
3.586316	1.3301
3.54522737	1.3718
3.49749092	1.4303
3.45777401	1.4715
3.43861561	1.4819
3.46141246	1.4577
3.52413281	1.4043
3.61495989	1.3326
3.70225216	1.2512
3.76527835	1.1805
3.79895032	1.1501
3.78925425	1.1994
3.72482459	1.2965
3.62362984	1.423
3.53461386	1.5277
3.48102262	1.5868
3.46871867	1.6114
3.48978862	1.5911
3.52319107	1.5215
3.57036256	1.395
3.62039582	1.2567
3.69003273	1.1282
3.73084303	1.0582
3.71985832	1.0608
3.65430162	1.1332
3.56937184	1.2259
3.4914322	1.3284
3.43651282	1.4068
3.41110241	1.457
3.41355781	1.4745
3.43815939	1.4642
3.47748723	1.4307
3.53145217	1.3876
3.60119475	1.3456
3.66843314	1.3291
3.68811125	1.3342
3.64697823	1.3567
3.58481893	1.3855
3.54974519	1.3972
3.54478911	1.3877
3.55289478	1.3673
3.56702157	1.3369
3.58930495	1.3124
3.62598964	1.3001
3.6599701	1.3153
3.68057647	1.3509
3.66906814	1.4042
3.64192541	1.4596
3.60585482	1.5061
3.56651525	1.5286
3.53821499	1.5053
3.5165949	1.4408
3.4934725	1.3743
3.48635685	1.3177
3.49722706	1.2766
3.51374095	1.25
3.51333812	1.2423
3.50612024	1.2506
3.51123281	1.2824
3.53423922	1.315
3.56027511	1.3424
3.57246942	1.3631
3.55770351	1.3731
3.52799876	1.3854
3.51548511	1.3954
3.521161	1.4033
3.52645645	1.402
3.53188012	1.382
3.52166237	1.3574
3.50942725	1.3177
3.50860113	1.2695
3.50414543	1.2294
3.47831821	1.22
3.4447865	1.232
3.4196474	1.2688
3.39860307	1.3387
3.37959727	1.4237
3.3650262	1.4884
3.38150967	1.4996
3.41189054	1.4814
3.44955486	1.4519
3.47175168	1.4199
3.47809175	1.364
3.4782953	1.3022
3.48270118	1.2544
3.47820129	1.2569
3.4587257	1.2998
3.44024286	1.3454
3.42823607	1.3609
3.43358884	1.3426
3.45817829	1.3082
3.49828467	1.2715
3.54623265	1.2364
3.57789525	1.211
3.57348257	1.2088
3.535926	1.2364
3.48655625	1.3022
3.45808824	1.373
3.44829174	1.4094
3.44562837	1.4173
3.45176933	1.3847
3.44931894	1.3446
3.44451651	1.2837
3.43044547	1.2171
3.39738444	1.1828
3.35180664	1.1871
3.31332016	1.2283
3.29517576	1.2883
3.31007523	1.3494
3.35462601	1.4126
3.41049641	1.4488
3.46341978	1.4617
3.50607936	1.4289
3.538112	1.3733
3.54529949	1.3304
3.5188549	1.3135
3.47021879	1.3201
3.4277368	1.3392
3.40425137	1.3576
3.38559789	1.3784
3.37062066	1.3883
3.37574144	1.3659
3.42151378	1.3185
3.50352729	1.2706
3.57607754	1.2478
3.59043895	1.2473
3.54316641	1.2668
3.48740191	1.3175
3.44956339	1.4144
3.41856089	1.5232
3.39162544	1.6028
3.38280273	1.6189
3.39210939	1.5748
3.43335534	1.4903
3.49132956	1.3807
3.53700703	1.2713
3.55164891	1.1793
3.54067913	1.1377
3.51624923	1.1765
3.47592431	1.2791
3.41021214	1.3833
3.35329372	1.4491
3.32468567	1.4821
3.3457576	1.5064
3.4191738	1.5039
3.52190201	1.4476
3.62809469	1.3524
3.71007164	1.2647
3.74549996	1.2223
3.7302954	1.2308
3.67095809	1.2685
3.58965726	1.3195
3.52484077	1.3679
3.48248446	1.4034
3.48754958	1.3883
3.55489339	1.311
3.65678328	1.2129
3.75445095	1.1351
3.79458493	1.1036
3.76317149	1.1252
3.66525165	1.2153
3.54904145	1.36
3.47412502	1.5047
3.43903177	1.5876
3.43084352	1.6107
3.46344224	1.5814
3.52708009	1.4701
3.59012404	1.2956
3.64135648	1.1379
3.66526466	1.0542
3.62479265	1.0529
3.51931392	1.1333
3.39889629	1.2753
3.32153869	1.4238
3.29224826	1.5137
3.28184755	1.5569
3.29634915	1.5663
3.34429392	1.5247
3.4253425	1.4225
3.52235335	1.298
3.59890263	1.193
3.63512872	1.1351
3.61074451	1.1287
3.54345107	1.1604
3.46616799	1.2215
3.41609213	1.2924
3.3971061	1.3523
3.4120585	1.3836
3.45832066	1.3796
3.51580303	1.3608
3.55959135	1.3405
3.56924515	1.3282
3.54339917	1.3508
3.50196489	1.3899
3.44060851	1.4375
3.38844891	1.4737
3.35495624	1.497
3.3386778	1.4866
3.33647705	1.4478
3.35927656	1.388
3.3970449	1.3332
3.44412	1.2979
3.47787699	1.2956
3.48548279	1.328
3.47321768	1.3869
3.45524371	1.4554
3.42535115	1.5089
3.38085424	1.5312
3.34036592	1.5165
3.32668709	1.4809
3.3498959	1.4373
3.4081877	1.377
3.49146952	1.3153
3.56852852	1.2627
3.60615905	1.2406
3.59568084	1.242
3.53466779	1.2766
3.44989355	1.329
3.36287312	1.3846
3.3047312	1.4156
3.28730665	1.4293
3.30876336	1.418
3.36077059	1.3871
3.43564809	1.349
3.52978621	1.3137
3.60334924	1.3023
3.61327523	1.3161
3.56945673	1.3561
3.50337728	1.4191
3.44554539	1.4786
3.39898635	1.5085
3.36975389	1.499
3.35828586	1.4513
3.36604248	1.3815
3.41592598	1.3055
3.51005879	1.2374
3.60927378	1.1956
3.68500003	1.1815
3.7076003	1.2125
3.68586441	1.2883
3.62967124	1.3792
3.57001806	1.4458
3.52365062	1.479
3.50052238	1.4683
3.49697748	1.4197
3.51112732	1.3435
3.54152914	1.2539
3.56959805	1.1749
3.58702342	1.1405
3.57841421	1.16
3.54111288	1.2154
3.50103668	1.2683
3.46763846	1.322
3.44891467	1.3754
3.44035888	1.442
3.43855093	1.4775
3.45068029	1.4645
3.48635052	1.4035
3.53452057	1.3349
3.55986339	1.304
3.53009819	1.3117
3.46098339	1.3334
3.39697527	1.3631
3.36988916	1.4051
3.37033312	1.4532
3.38707378	1.4899
3.40333285	1.4978
3.44592336	1.4544
3.51907481	1.3956
3.60783452	1.3475
3.64680962	1.3328
3.61692671	1.3427
3.53362352	1.3893
3.44904694	1.4576
3.3957806	1.5222
3.37456833	1.5689
3.37678353	1.5621
3.40718356	1.5044
3.48503708	1.4099
3.6127934	1.3015
3.75544912	1.1967
3.84022693	1.1315
3.85260013	1.1158
3.77694442	1.1545
3.63972536	1.2295
3.5084635	1.3174
3.42986157	1.3977
3.40425398	1.455
3.40551958	1.4837
3.44523816	1.4666
3.51947844	1.4022
3.61065757	1.3162
3.66503169	1.2514
3.64641198	1.2197
3.55457268	1.2118
3.44271748	1.211
3.35188063	1.195
3.29907831	1.1883
3.29746193	1.1705
3.34476315	1.1381
3.44544589	1.0977
3.57551505	1.0646
3.71322082	1.0505
3.80948929	1.0708
3.82337461	1.1164
3.75848976	1.1917
3.65712637	1.2807
3.56513286	1.3649
3.50069653	1.4112
3.46619669	1.4135
3.45813969	1.3635
3.48727183	1.2712
3.54878305	1.1782
3.61688186	1.1095
3.65003241	1.0847
3.63556841	1.1064
3.58870787	1.1677
3.53093654	1.2509
3.48318405	1.3564
3.46934901	1.448
3.4790464	1.509
3.51030547	1.509
3.5474473	1.4378
3.579251	1.3508
3.59085446	1.2948
3.57767813	1.2702
3.53795015	1.2662
3.48611854	1.2732
3.44158698	1.2925
3.40574707	1.3129
3.38650729	1.3251
3.39243875	1.2972
3.43881002	1.2377
3.51953108	1.1705
3.59082857	1.1244
3.62118844	1.1094
3.60226677	1.1338
3.55730622	1.2022
3.521668	1.2976
3.50027719	1.378
3.48719415	1.4434
3.50656857	1.4763
3.55712811	1.4672
3.64710517	1.415
3.75133882	1.3368
3.81091957	1.2532
3.80187046	1.1768
3.72979499	1.1361
3.638826	1.156
3.54687863	1.2146
3.46656313	1.294
3.40002046	1.3714
3.36820322	1.4234
3.3709856	1.442
3.40306396	1.436
3.45210426	1.4217
3.49968769	1.3999
3.53272984	1.3766
3.54354858	1.3425
3.53183118	1.3244
3.5138598	1.3256
3.49032417	1.3562
3.46827228	1.3944
3.45559021	1.4041
3.46727523	1.3844
3.50070007	1.3574
3.54969597	1.3312
3.59260773	1.3025
3.60575709	1.281
3.60338024	1.2839
3.6059629	1.32
3.58791585	1.3945
3.54484071	1.4735
3.48737389	1.5357
3.4425131	1.5787
3.4297824	1.5812
3.43703446	1.5369
3.44601257	1.4776
3.4522251	1.4268
3.4531212	1.395
3.47863173	1.3669
3.52816956	1.344
3.56278022	1.3482
3.5690779	1.3814
3.55655578	1.4418
3.55881433	1.5008
3.5750507	1.5315
3.58172545	1.5256
3.55772183	1.5097
3.51977048	1.495
3.4934898	1.4866
3.48423116	1.475
3.47817812	1.4488
3.45162246	1.4226
3.42874313	1.3959
3.41520856	1.373
3.43610605	1.3497
3.47915752	1.3189
3.52845809	1.2705
3.56695968	1.2082
3.59037291	1.1614
3.59710119	1.1474
3.59057133	1.1809
3.56611568	1.2526
3.52230505	1.3332
3.47377617	1.4129
3.44212681	1.4801
3.43820167	1.511
3.45723084	1.5041
3.48346841	1.4524
3.50069322	1.3815
3.5049426	1.2984
3.50533994	1.2324
3.5081566	1.2055
3.49551167	1.2176
3.45283514	1.265
3.40728622	1.3271
3.37648819	1.3824
3.37633278	1.4262
3.40606246	1.4523
3.45299762	1.4629
3.51481396	1.4526
3.58145451	1.4112
3.64821928	1.3528
3.6995271	1.316
3.70221698	1.3257
3.65829326	1.3774
3.59807865	1.4282
3.5459387	1.4529
3.50681498	1.4583
3.48077796	1.4472
3.47178686	1.4163
3.49342297	1.3517
3.53257574	1.2728
3.57707702	1.2107
3.61097281	1.1946
3.62073094	1.2123
3.59904984	1.2616
3.56623604	1.3304
3.52716785	1.4132
3.50485858	1.4792
3.49596505	1.4996
3.49865794	1.4872
3.51397817	1.4563
3.53269424	1.4211
3.56213926	1.398
3.58180596	1.3958
3.57017045	1.4088
3.53648006	1.4268
3.50411974	1.4352
3.48256596	1.4479
3.46564957	1.473
3.44697596	1.4899
3.42670536	1.4948
3.42784555	1.4813
3.43972165	1.4693
3.45854267	1.4708
3.46887731	1.4813
3.46083436	1.4873
3.44082218	1.4815
3.41980273	1.4702
3.413042	1.4687
3.41369503	1.4591
3.4089711	1.4157
3.41222372	1.3509
3.42969771	1.3024
3.45860675	1.292
3.47553517	1.3106
3.47571786	1.3361
3.45875468	1.3728
3.4311408	1.4161
3.42226169	1.4671
3.4286402	1.5076
3.44926754	1.496
3.47426669	1.4409
3.49315627	1.3823
3.52084656	1.3465
3.55768865	1.3263
3.58378193	1.3193
3.57658319	1.324
3.53173056	1.3555
3.48138679	1.4005
3.44285569	1.4379
3.42557514	1.4567
3.41526393	1.4651
3.42388516	1.4571
3.44884933	1.4301
3.49161786	1.3909
3.54143062	1.3432
3.57937795	1.3138
3.60823828	1.2966
3.61124234	1.293
3.58613368	1.3141
3.53873295	1.3485
3.49034053	1.3902
3.45572567	1.4189
3.43728361	1.4222
3.43739088	1.4106
3.47733808	1.3861
3.55711085	1.3565
3.64711495	1.3121
3.70422479	1.2511
3.69672192	1.1951
3.63912671	1.1606
3.55640875	1.1561
3.47097504	1.1837
3.40582419	1.221
3.37613677	1.2596
3.37691802	1.3067
3.40042079	1.3282
3.43990618	1.3294
3.48255168	1.3201
3.51406526	1.3194
3.53041814	1.3136
3.53161029	1.2932
3.52022911	1.283
3.49240133	1.2783
3.46192751	1.288
3.44388575	1.3155
3.44544718	1.3392
3.45382971	1.3549
3.46714666	1.3533
3.48405882	1.3585
3.50414237	1.3776
3.5266796	1.397
3.54094738	1.4071
3.5512625	1.3971
3.54882849	1.3851
3.54590291	1.3756
3.54439505	1.3717
3.54992848	1.3669
3.55928533	1.3426
3.5714518	1.299
3.57005794	1.2632
3.55010311	1.2604
3.52591898	1.2743
3.50259194	1.2955
3.49321073	1.3241
3.49009445	1.3585
3.5045435	1.4176
3.53351884	1.4708
3.57009701	1.493
3.59770912	1.4704
3.5932786	1.4331
3.56598471	1.4235
3.52961159	1.4331
3.49236154	1.4307
3.45599787	1.4131
3.43059948	1.3908
3.43116757	1.3817
3.4698449	1.3775
3.53410151	1.3782
3.5935211	1.364
3.63186646	1.3458
3.62809026	1.3442
3.59916441	1.3524
3.56481806	1.3679
3.52441193	1.3718
3.48780338	1.3635
3.45725744	1.3563
3.45289203	1.3465
3.47612866	1.3275
3.51067558	1.3121
3.55263775	1.2989
3.59270792	1.2778
3.61751555	1.2668
3.63191607	1.2731
3.63455723	1.2909
3.62450592	1.3288
3.59340703	1.3687
3.55588219	1.416
3.52647239	1.4555
3.51379921	1.4753
3.51929444	1.4736
3.54257477	1.4526
3.56081983	1.4094
3.56217687	1.3619
3.55406999	1.3184
3.54346704	1.2841
3.53375222	1.2632
3.49707035	1.254
3.44197499	1.2646
3.41028472	1.2786
3.408018	1.2919
3.42102364	1.3011
3.4462811	1.3073
3.47406193	1.3054
3.51850095	1.3081
3.58004034	1.3148
3.6320361	1.3231
3.6580697	1.3137
3.64731996	1.3027
3.64235275	1.2965
3.65408388	1.3006
3.6622531	1.316
3.65276061	1.3174
3.62388648	1.2937
3.58430108	1.2645
3.55291048	1.2494
3.52036559	1.2527
3.4822674	1.2663
3.45561332	1.2782
3.4473085	1.2874
3.46223788	1.2998
3.4945273	1.3173
3.53661448	1.3195
3.57960874	1.3037
3.61287976	1.2823
3.63306653	1.2775
3.65212962	1.2843
3.63477913	1.306
3.60167333	1.3297
3.56514556	1.3384
3.53747485	1.3438
3.52260646	1.3378
3.5216238	1.3235
3.53606819	1.2923
3.5665996	1.2473
3.59113432	1.2056
3.61006231	1.1871
3.5957732	1.2045
3.56129425	1.2343
3.51836997	1.2585
3.47882283	1.2671
3.43869334	1.273
3.41262059	1.2814
3.41800493	1.2812
3.45015833	1.2599
3.5052688	1.2137
3.56483959	1.1754
3.62083334	1.146
3.6579648	1.1373
3.67908033	1.1571
3.66646531	1.2203
3.61300872	1.2991
3.54695679	1.3765
3.48780551	1.4219
3.44968526	1.4361
3.43266895	1.4412
3.42814864	1.4379
3.43439331	1.4194
3.44607011	1.3807
3.45835555	1.3264
3.47222816	1.291
3.49015096	1.2924
3.50232659	1.3257
3.51276165	1.3861
3.52116127	1.4368
3.53001894	1.4605
3.54049294	1.4547
3.54497633	1.4351
3.55260608	1.4235
3.56110774	1.4103
3.56172669	1.4104
3.55816913	1.4157
3.54156035	1.4292
3.52236049	1.4313
3.50643659	1.4257
3.48796948	1.404
3.48611492	1.3665
3.50105147	1.3208
3.53826896	1.2822
3.58345359	1.26
3.61558721	1.2715
3.62339113	1.3159
3.6184513	1.3738
3.6089399	1.4288
3.60316538	1.4746
3.59580257	1.5016
3.58994842	1.4947
3.59486215	1.4454
3.60520434	1.3807
3.61419574	1.3204
3.61707496	1.2907
3.6055049	1.2937
3.59186772	1.3027
3.57324007	1.2998
3.55613589	1.3002
3.5511283	1.3037
3.56557934	1.3114
3.59223049	1.3098
3.6214488	1.295
3.63979998	1.2669
3.64698065	1.2658
3.65229901	1.2943
3.64511141	1.3461
3.61872025	1.3791
3.57014121	1.394
3.5248534	1.3917
3.49647107	1.3805
3.47933484	1.3665
3.4693564	1.3404
3.46602887	1.2949
3.48964437	1.2384
3.5278589	1.204
3.56127582	1.2064
3.58102407	1.2423
3.59045151	1.2964
3.58271926	1.3563
3.55897092	1.4126
3.52775604	1.4664
3.50503933	1.4962
3.50595585	1.4869
3.53904604	1.432
3.59588675	1.3659
3.65230212	1.3153
3.70006016	1.2772
3.72438841	1.2542
3.71934387	1.2381
3.68206885	1.2474
3.64594352	1.2775
3.62133603	1.3202
3.61631638	1.3518
3.60616312	1.3631
3.59985418	1.37
3.61296662	1.3762
3.64355179	1.3926
3.67553243	1.4188
3.690581	1.4309
3.68696791	1.4333
3.69690994	1.4224
3.70421074	1.4155
3.70293915	1.3981
3.68071892	1.3753
3.64559917	1.3446
3.61587698	1.3196
3.59477657	1.3317
3.56638595	1.3694
3.52977225	1.4012
3.51456669	1.4065
3.51598612	1.3909
3.53268912	1.3798
3.54102921	1.385
3.55478651	1.3735
3.56435066	1.3473
3.56527432	1.324
3.56034849	1.3242
3.54573326	1.3552
3.52693827	1.3843
3.51641003	1.3808
3.5143866	1.3495
3.52758768	1.3148
3.55150133	1.2903
3.58893105	1.2748
3.62321462	1.2541
3.63546476	1.2466
3.64370974	1.2569
3.66879084	1.285
3.68606781	1.3341
3.68705567	1.359
3.66471513	1.3567
3.6332949	1.3327
3.61897208	1.2988
3.60654265	1.2674
3.57923022	1.2382
3.53743591	1.2067
3.50975597	1.1741
3.52094794	1.1472
3.54399747	1.1438
3.56812912	1.1584
3.58811991	1.1779
3.61440939	1.1926
3.63667153	1.202
3.62579528	1.2383
3.59452171	1.2824
3.55105689	1.336
3.51940423	1.3687
3.50360597	1.3841
3.49099717	1.404
3.4900202	1.4098
3.50590849	1.392
3.52852913	1.3589
3.55529852	1.3202
3.5673465	1.2992
3.57758175	1.2913
3.58528	1.2895
3.58469786	1.2918
3.56268991	1.3037
3.52996864	1.3286
3.51284939	1.3592
3.51745968	1.3828
3.52112222	1.3893
3.51719847	1.3833
3.51050689	1.3771
3.51499853	1.3705
3.53565672	1.3481
3.54693126	1.3201
3.55014121	1.2872
3.54754717	1.2671
3.55711964	1.2694
3.57728928	1.2848
3.58410452	1.3065
3.57864026	1.3258
3.56632874	1.3397
3.55672018	1.3375
3.53993095	1.3398
3.51726785	1.3471
3.49431186	1.3571
3.48055524	1.3517
3.46588248	1.3309
3.44755843	1.3079
3.43296469	1.2869
3.43469011	1.2553
3.45526698	1.2111
3.4691142	1.1635
3.46893078	1.1264
3.45589872	1.1221
3.45803057	1.1507
3.4786504	1.2069
3.49687763	1.2787
3.50307087	1.3543
3.5094481	1.4212
3.51547142	1.4504
3.52468238	1.4458
3.53144641	1.4136
3.5208192	1.357
3.49105422	1.2961
3.46255662	1.267
3.44186606	1.2706
3.42442007	1.295
3.40297588	1.3369
3.39042618	1.3782
3.40367847	1.4048
3.43808488	1.4184
3.48903857	1.4117
3.54197123	1.3914
3.58861552	1.3495
3.6240142	1.3016
3.63469548	1.2762
3.61522383	1.29
3.5898094	1.3163
3.57675873	1.3309
3.58176031	1.3364
3.59601138	1.3515
3.62205343	1.3607
3.65521134	1.3595
3.71068893	1.3278
3.74759698	1.2877
3.72122403	1.2664
3.61892979	1.2776
3.48654345	1.3187
3.38028316	1.3614
3.31388783	1.388
3.27209715	1.4035
3.25389837	1.4077
3.26614909	1.4089
3.31747864	1.3953
3.40330055	1.3762
3.49080028	1.351
3.56759762	1.3214
3.60968496	1.3159
3.61297215	1.36
3.57873448	1.4379
3.52438038	1.5094
3.47568162	1.5183
3.43947418	1.495
3.42709009	1.4588
3.41804976	1.4211
3.41690821	1.3656
3.42964025	1.3079
3.45353308	1.2697
3.46348532	1.2771
3.43347775	1.319
3.3933728	1.3726
3.3546494	1.4113
3.32136031	1.44
3.28161326	1.4583
3.24348592	1.4589
3.22038151	1.4237
3.23629186	1.3595
3.28412566	1.2998
3.3256187	1.2922
3.34816433	1.3313
3.3826277	1.3892
3.43140254	1.4513
3.46402076	1.4997
3.45904383	1.5379
3.43165866	1.5596
3.41908981	1.5468
3.41954218	1.5011
3.41640207	1.4489
3.37623142	1.4238
3.33336496	1.4387
3.31209264	1.4689
3.3088813	1.4977
3.32139194	1.5225
3.33708114	1.5465
3.35992153	1.5537
3.39331979	1.5393
3.43596792	1.5006
3.47153205	1.4447
3.47343004	1.3788
3.45786308	1.322
3.43902573	1.2918
3.4235203	1.2924
3.39867246	1.3023
3.37910877	1.316
3.39465084	1.3061
3.43912531	1.2881
3.49245803	1.2689
3.52687407	1.2486
3.54384901	1.2203
3.55876077	1.1825
3.55191907	1.1786
3.5192405	1.2115
3.47206566	1.2692
3.4411798	1.3208
3.43954022	1.3332
3.4552763	1.3113
3.46405487	1.2929
3.46401192	1.2789
3.45818771	1.2642
3.44979914	1.2657
3.43664883	1.2946
3.42605867	1.3568
3.41994638	1.4387
3.41644397	1.4891
3.4173506	1.4974
3.41720815	1.4768
3.4140807	1.4468
3.41135447	1.4135
3.41548964	1.3733
3.42454627	1.3439
3.42727681	1.3488
3.42294708	1.3906
3.41184632	1.4527
3.40595512	1.5064
3.40751181	1.5307
3.4185982	1.529
3.44620672	1.5061
3.49540954	1.4548
3.56523477	1.3665
3.62465164	1.266
3.65195043	1.1849
3.6506004	1.1496
3.62243187	1.1494
3.55524287	1.1824
3.49290973	1.2253
3.45153525	1.2834
3.44403264	1.3412
3.4675295	1.3819
3.50262153	1.4021
3.54088023	1.3995
3.57334383	1.3746
3.59877513	1.3475
3.60114566	1.3259
3.5754438	1.3144
3.52636708	1.309
3.46969966	1.3103
3.42316123	1.3214
3.38980568	1.3505
3.37785392	1.3881
3.39747597	1.4133
3.43337289	1.4133
3.49313617	1.3761
3.57372386	1.3222
3.64555681	1.284
3.69601277	1.253
3.68091643	1.2497
3.62046657	1.2642
3.54642718	1.2953
3.48087657	1.3348
3.43082565	1.3576
3.39547267	1.3677
3.38842972	1.3772
3.43389962	1.3652
3.52785679	1.3365
3.64170944	1.2906
3.71288614	1.2671
3.71001839	1.2538
3.65408528	1.272
3.59582482	1.3045
3.54841133	1.3293
3.4837927	1.3543
3.42449081	1.3796
3.39345432	1.3955
3.41524387	1.3868
3.47946166	1.3746
3.54817421	1.3632
3.58090227	1.3583
3.58836442	1.3504
3.59308497	1.3527
3.58917059	1.3677
3.57079166	1.3853
3.53739266	1.3915
3.50698804	1.3802
3.49236859	1.3522
3.50247489	1.3122
3.53418158	1.2675
3.56849991	1.2278
3.58953133	1.2001
3.59812203	1.1985
3.61148873	1.2135
3.62486416	1.2349
3.6179835	1.2615
3.59106801	1.2945
3.5633799	1.3072
3.56370772	1.2895
3.61201475	1.2501
3.67528488	1.2099
3.71748992	1.1927
3.72115515	1.2004
3.70094805	1.2318
3.66219298	1.2869
3.60954657	1.3584
3.54536163	1.439
3.48234946	1.5007
3.43508041	1.5289
3.42731949	1.5201
3.43939654	1.4984
3.46043342	1.4505
3.45861418	1.401
3.44667426	1.3596
3.42081909	1.3458
3.39649825	1.3638
3.37198181	1.4034
3.34222323	1.4526
3.32453111	1.5025
3.33708128	1.5412
3.36857138	1.5496
3.40355293	1.5179
3.44514821	1.4509
3.49243801	1.3983
3.53974377	1.3531
3.54900211	1.3271
3.50019607	1.3085
3.41929143	1.3168
3.35425163	1.356
3.32667547	1.3978
3.325841	1.4233
3.34949709	1.4208
3.39254445	1.3999
3.47675624	1.3675
3.60360341	1.324
3.74317856	1.2739
3.8375613	1.2117
3.84496195	1.1735
3.78504282	1.18
3.69924488	1.2278
3.60021964	1.2821
3.49456578	1.32
3.41645671	1.3282
3.38693841	1.3291
3.40944406	1.3384
3.46851744	1.3399
3.53801341	1.3112
3.60910422	1.2571
3.66076618	1.2083
3.67539938	1.1877
3.61651896	1.2201
3.50638912	1.2746
3.40630667	1.3234
3.34780653	1.354
3.32188953	1.3738
3.31648313	1.3888
3.34445081	1.3878
3.40357174	1.3694
3.50360029	1.3336
3.61463705	1.3051
3.69360366	1.2859
3.70859091	1.2716
3.67209703	1.2831
3.6105079	1.3311
3.54079459	1.3851
3.46112264	1.4165
3.39756425	1.4183
3.37629701	1.4052
3.39117623	1.3945
3.43545845	1.3803
3.48545505	1.371
3.53478649	1.3707
3.59308484	1.3733
3.65637139	1.3883
3.69031964	1.4144
3.66697312	1.4479
3.60704354	1.4791
3.56192798	1.4914
3.54097164	1.4734
3.53191231	1.4326
3.51813199	1.3915
3.51392679	1.3488
3.52777686	1.3165
3.56141101	1.3024
3.59572754	1.3124
3.61082585	1.3325
3.59612017	1.3494
3.5771725	1.3607
3.57702903	1.3547
3.58950545	1.342
3.61448372	1.322
3.62746168	1.3087
3.63906713	1.2931
3.66394869	1.2784
3.71158259	1.2654
3.75733053	1.2664
3.77819527	1.2823
3.77033414	1.3045
3.75676786	1.3237
3.75831965	1.3268
3.75547947	1.3234
3.73902734	1.3099
3.68444487	1.2961
3.61120636	1.2868
3.55948614	1.2712
3.51937213	1.2656
3.48601939	1.2633
3.45066552	1.2668
3.42462336	1.2761
3.43899807	1.2871
3.4862938	1.293
3.53799641	1.2849
3.57056023	1.2637
3.6064085	1.25
3.66406268	1.2521
3.71109495	1.2769
3.70358042	1.3075
3.64542778	1.333
3.58351864	1.3484
3.54286466	1.3511
3.52563428	1.3358
3.51810852	1.3006
3.53306171	1.2501
3.59254408	1.1928
3.69516587	1.1429
3.79540273	1.1057
3.84546972	1.088
3.83846145	1.0953
3.79804813	1.1374
3.71850494	1.1998
3.60386354	1.2714
3.50209075	1.3356
3.45470733	1.3739
3.4625112	1.3692
3.49874456	1.3454
3.55377073	1.3122
3.61900181	1.2789
3.70139511	1.2385
3.76611834	1.2009
3.76489919	1.1926
3.71244042	1.2237
3.64561326	1.2892
3.58854249	1.3448
3.53759314	1.3675
3.51118084	1.3595
3.51333617	1.3526
3.56015324	1.3371
3.63331789	1.3017
3.70783081	1.2489
3.75130126	1.209
3.77733819	1.1998
3.77658708	1.2285
3.743821	1.2776
3.67058912	1.3247
3.60118885	1.3508
3.57922903	1.3567
3.5987406	1.3501
3.63523649	1.3399
3.6701525	1.3211
3.70712325	1.2944
3.72346173	1.2708
3.69690863	1.2559
3.63928395	1.2739
3.5880054	1.3256
3.56870557	1.3728
3.57107659	1.3891
3.56847187	1.3729
3.56472295	1.3318
3.58843716	1.2751
3.64721376	1.2186
3.73521755	1.1614
3.81270893	1.1342
3.8552067	1.133
3.87723998	1.154
3.87461756	1.1963
3.84483178	1.2455
3.79999341	1.2756
3.76444557	1.2821
3.7460266	1.2867
3.7600284	1.2853
3.7654547	1.2737
3.77886728	1.2498
3.79733884	1.2182
3.82270401	1.1899
3.83178909	1.179
3.82155906	1.173
3.77650832	1.166
3.72680459	1.1512
3.68354804	1.1406
3.64650997	1.145
3.62236212	1.1598
3.61323663	1.1776
3.62195986	1.1912
3.61894366	1.2127
3.60630552	1.222
3.58861387	1.2248
3.58197058	1.2164
3.59146731	1.1891
3.59825769	1.1595
3.61141878	1.1295
3.64835344	1.1086
3.70438749	1.1124
3.74902713	1.1182
3.76085005	1.1384
3.75261688	1.1813
3.72150651	1.2489
3.6818873	1.3184
3.63598488	1.3744
3.60840995	1.3969
3.6148546	1.3888
3.64608585	1.3655
3.69536533	1.3229
3.7465833	1.2578
3.77278225	1.2031
3.78232864	1.1576
3.77192528	1.1532
3.73499041	1.1813
3.67106763	1.2183
3.59151788	1.2585
3.52840505	1.3102
3.49036608	1.3615
3.47541819	1.4004
3.47583174	1.4172
3.4815398	1.4238
3.50780997	1.4056
3.54880322	1.3965
3.59364223	1.3959
3.62160188	1.4031
3.61004055	1.4124
3.5805915	1.4094
3.5480968	1.3877
3.51696839	1.3461
3.47966634	1.3027
3.45183487	1.2538
3.4362177	1.2075
3.44138844	1.1701
3.47278748	1.1476
3.50139153	1.1523
3.49840663	1.1742
3.4704194	1.2013
3.4420964	1.2428
3.43631299	1.2905
3.44900001	1.3395
3.47056146	1.3795
3.49239308	1.388
3.52281821	1.3748
3.55784046	1.3565
3.58664423	1.3327
3.60664851	1.2987
3.62348343	1.2662
3.63678222	1.2426
3.6510409	1.2289
3.66676697	1.2259
3.67400689	1.236
3.66374117	1.2665
3.63491664	1.3058
3.58487609	1.3431
3.54159396	1.3581
3.52075227	1.3462
3.51927388	1.3513
3.53867612	1.3643
3.57340907	1.3643
3.62474798	1.3311
3.68292077	1.2848
3.71833761	1.2593
3.72369895	1.2496
3.69540747	1.2509
3.67149848	1.2427
3.65607663	1.2502
3.64316312	1.2819
3.62094938	1.3245
3.6013392	1.3499
3.57391107	1.3603
3.55102495	1.3569
3.51420106	1.367
3.47254446	1.3862
3.44887463	1.3959
3.44628848	1.4041
3.44790877	1.4233
3.45167526	1.4575
3.46397277	1.4881
3.48141779	1.4969
3.51262065	1.4616
3.54504947	1.4077
3.5787372	1.347
3.6242522	1.3
3.68039975	1.2759
3.71205259	1.2801
3.70485974	1.2965
3.66081094	1.3113
3.61035844	1.3297
3.57540818	1.3534
3.55780595	1.3881
3.55037904	1.4223
3.56174715	1.4307
3.58236002	1.4255
3.61552667	1.4072
3.65392332	1.3707
3.68071727	1.316
3.68016133	1.2576
3.64676597	1.2236
3.59810587	1.2232
3.53145192	1.2655
3.48405174	1.3344
3.45365404	1.3981
3.43848074	1.4427
3.43192251	1.4693
3.4281161	1.4762
3.42465112	1.4514
3.40350035	1.4004
3.37086431	1.3485
3.32597955	1.3277
3.28729657	1.3373
3.27012915	1.3589
3.27693461	1.3765
3.29681491	1.3927
3.32419313	1.4048
3.35419104	1.4133
3.39423912	1.4027
3.44564094	1.3795
3.49182618	1.3638
3.52013689	1.3805
3.51965466	1.4242
3.4922339	1.4695
3.45645776	1.489
3.4153885	1.4801
3.37983103	1.4513
3.36295122	1.4111
3.36912049	1.3678
3.40460314	1.3104
3.46675087	1.2604
3.53850019	1.2228
3.56682718	1.2135
3.55005475	1.2319
3.50145116	1.2682
3.45493337	1.3203
3.41955542	1.3749
3.39696647	1.4265
3.38882359	1.4669
3.40669384	1.4709
3.4698113	1.4231
3.56003001	1.351
3.64375795	1.3254
3.67391887	1.3429
3.64662545	1.3649
3.59253588	1.3903
3.53064557	1.4291
3.46416313	1.4654
3.39525647	1.4931
3.34662471	1.4958
3.33675347	1.4661
3.36226455	1.4088
3.40440223	1.3394
3.42843195	1.2742
3.44033615	1.2251
3.4540764	1.2059
3.46662006	1.223
3.466386	1.2765
3.44560014	1.3474
3.41518699	1.419
3.38540556	1.4616
3.37198931	1.4582
3.39904404	1.4228
3.47302103	1.3775
3.56725192	1.3241
3.63592253	1.2673
3.65934011	1.2179
3.6393913	1.197
3.59387555	1.2193
3.53897658	1.2701
3.47552361	1.3296
3.41518729	1.3675
3.3790271	1.3763
3.38285183	1.3844
3.43015013	1.3769
3.48685543	1.3404
3.52304192	1.2865
3.51688102	1.2289
3.48014623	1.1996
3.43809597	1.2017
3.39570137	1.2364
3.36529955	1.2799
3.3512083	1.321
3.35902251	1.3552
3.38683583	1.3848
3.43654103	1.3906
3.49146117	1.362
3.53327814	1.3106
3.53629027	1.2634
3.5028621	1.2449
3.45111828	1.2513
3.40241128	1.2675
3.36362162	1.2781
3.33556157	1.2871
3.31608386	1.2971
3.32995078	1.3006
3.36628296	1.2961
3.42238532	1.2615
3.481324	1.2052
3.54072993	1.1504
3.5809913	1.1261
3.58287857	1.1409
3.53815306	1.1774
3.47175865	1.2112
3.40951976	1.2333
3.38169606	1.2501
3.387927	1.2588
3.42192682	1.2449
3.46836962	1.1994
3.54261257	1.1202
3.63399335	1.0556
3.71741979	1.0179
3.76012581	1.019
3.75657613	1.0488
3.72325076	1.0884
3.69496811	1.1334
3.67827412	1.1718
3.66752578	1.1947
3.6749755	1.1905
3.70084874	1.1612
3.75197335	1.1341
3.79079618	1.1314
3.77680093	1.1521
3.73289503	1.1773
3.66278081	1.2067
3.59707296	1.2373
3.54860866	1.2599
3.53121202	1.2652
3.55719204	1.2367
3.60759616	1.1904
3.65396353	1.1432
3.67888615	1.1096
3.68030881	1.0929
3.67699407	1.1113
3.67225791	1.161
3.62961765	1.2401
3.55341593	1.3236
3.48255117	1.376
3.45271652	1.395
3.47343988	1.3853
3.53233803	1.3471
3.60190748	1.3008
3.66571499	1.2569
3.71667859	1.2258
3.75958945	1.2281
3.76045602	1.2668
3.70351465	1.3104
3.61894852	1.3425
3.54279819	1.3663
3.49617379	1.3861
3.49130299	1.382
3.5187552	1.3445
3.57636365	1.2944
3.64751048	1.2538
3.70840282	1.2387
3.74683257	1.2276
3.73673795	1.211
3.70927068	1.1989
3.66769457	1.2071
3.63511986	1.2289
3.5979213	1.2597
3.57038396	1.2778
3.55670363	1.2838
3.56102851	1.301
3.57363035	1.3287
3.56912691	1.3679
3.53553725	1.4096
3.48600444	1.4434
3.44377966	1.477
3.41173481	1.5045
3.39615196	1.5192
3.39755236	1.5062
3.40574146	1.4618
3.43362613	1.3906
3.48239097	1.3247
3.52435026	1.2916
3.54630949	1.2931
3.55092998	1.3132
3.55178308	1.3486
3.53902857	1.3997
3.51857045	1.446
3.49424775	1.4754
3.50695813	1.4607
3.55513857	1.4084
3.62980801	1.3497
3.69754565	1.3029
3.7507312	1.2597
3.7821043	1.2408
3.79024182	1.2497
3.76241679	1.2869
3.69197969	1.3382
3.61225571	1.3849
3.55919398	1.4191
3.55062253	1.4377
3.56865752	1.4479
3.59003179	1.4463
3.59495828	1.4201
3.60218724	1.3755
3.62750178	1.3381
3.63919561	1.3308
3.61338717	1.3401
