3.41852191	1.4458
3.42200493	1.4434
3.44314007	1.404
3.45830299	1.3362
3.45779574	1.2878
3.44984883	1.2776
3.44161826	1.3121
3.43358053	1.3529
3.41341291	1.3891
3.39564048	1.4098
3.39054574	1.4251
3.3960707	1.4461
3.3966209	1.4568
3.39212668	1.4473
3.39300363	1.4121
3.40982683	1.3865
3.42881663	1.4033
3.43644547	1.4508
3.44310404	1.4692
3.4543292	1.4486
3.45329452	1.4215
3.4363282	1.4037
3.4198067	1.4066
3.42653894	1.3949
3.45192076	1.3666
3.46389537	1.3552
3.45061472	1.3773
3.43704078	1.4239
3.45342679	1.4801
3.47220718	1.5045
3.47612922	1.5091
3.45234616	1.5062
3.42644265	1.4952
3.41853998	1.4655
3.4256082	1.4255
3.43001677	1.3944
3.4220306	1.3748
3.41983297	1.3727
3.43974495	1.3897
3.46175381	1.4246
3.45813835	1.4745
3.44436673	1.5197
3.44423455	1.5332
3.4531514	1.5238
3.45354881	1.5061
3.42961901	1.4899
3.39685451	1.4578
3.37870027	1.4123
3.39027105	1.37
3.41764477	1.37
3.44066455	1.4043
3.46597078	1.4332
3.49407746	1.4356
3.50395441	1.4412
3.48696221	1.4524
3.44898034	1.4688
3.40071728	1.4715
3.35655862	1.4449
3.3176863	1.4172
3.28544385	1.4175
3.27446817	1.4257
3.27491406	1.4282
3.28294285	1.4131
3.28308541	1.3963
3.28808664	1.3944
3.31304535	1.4087
3.3523122	1.4376
3.37654802	1.4635
3.37110656	1.4884
3.3608543	1.5246
3.36488902	1.5499
3.36598439	1.5509
3.35194437	1.5251
3.32603809	1.482
3.30505753	1.4258
3.30809002	1.3656
3.33216901	1.3049
3.34857319	1.2607
3.34545332	1.2357
3.344909	1.2418
3.35861471	1.2935
3.37607258	1.3595
3.37628778	1.4128
3.37812003	1.438
3.39562711	1.433
3.41730203	1.4103
3.45194177	1.3658
3.47814553	1.317
3.47342034	1.2715
3.43926779	1.2499
3.40974206	1.2696
3.40872295	1.3327
3.40890624	1.4076
3.38836047	1.452
3.36336332	1.472
3.35560117	1.484
3.37170093	1.4862
3.39561939	1.4601
3.39428601	1.4129
3.35877431	1.3647
3.31727537	1.3311
3.30411448	1.3242
3.31888438	1.3527
3.33274064	1.4046
3.33827064	1.4538
3.34475433	1.4743
3.3628489	1.4669
3.39195817	1.4489
3.40287416	1.4279
3.39234098	1.402
3.37518812	1.3781
3.35374561	1.3901
3.32407338	1.4325
3.30728743	1.4882
3.30708197	1.5224
3.32545676	1.5323
3.35287257	1.5308
3.37953389	1.5203
3.40693654	1.4777
3.44012273	1.4059
3.48395935	1.3388
3.49501084	1.3091
3.44231182	1.3353
3.38383049	1.3885
3.34269226	1.4349
3.31563807	1.4533
3.27748618	1.4536
3.24593599	1.4471
3.24493598	1.4394
3.28493453	1.4235
3.33024631	1.4066
3.34423379	1.4138
3.33911695	1.4414
3.35055023	1.466
3.37293893	1.4883
3.37146298	1.507
3.33875177	1.5098
3.29975162	1.4913
3.2787196	1.4474
3.29066632	1.3862
3.31409903	1.3291
3.30851552	1.309
3.30014955	1.3112
3.31024182	1.336
3.31918892	1.3886
3.31658071	1.4474
3.30183218	1.4811
3.28687238	1.4824
3.2752351	1.4516
3.25259377	1.404
3.22536895	1.3508
3.20441549	1.2846
3.19254531	1.235
3.19072912	1.2348
3.1947961	1.298
3.22789366	1.4142
3.29893	1.5282
3.36267307	1.5893
3.38782309	1.6077
3.39009496	1.6026
3.3909835	1.5702
3.41509495	1.4886
3.45696202	1.3669
3.467023	1.2625
3.42100812	1.2103
3.34481806	1.2118
3.30767352	1.2588
3.30070771	1.3405
3.28659768	1.4228
3.26621627	1.4882
3.26881514	1.5198
3.30249133	1.5126
3.35264991	1.4834
3.39020425	1.4462
3.4020952	1.4049
3.38942395	1.378
3.36200806	1.3698
3.33762257	1.381
3.33045039	1.4048
3.33480492	1.441
3.35626202	1.4689
3.38631604	1.4874
3.42790303	1.4846
3.47685743	1.4709
3.51079087	1.4596
3.51003319	1.4696
3.46745447	1.4959
3.40909262	1.5221
3.37406124	1.5269
3.35533687	1.5184
3.33278048	1.4918
3.30759181	1.4519
3.30233595	1.3976
3.34474488	1.3404
3.4125754	1.3006
3.45340287	1.2829
3.44784171	1.3025
3.43047167	1.3532
3.42342994	1.4118
3.41847543	1.4646
3.39682255	1.4918
3.38217419	1.4858
3.39467994	1.4317
3.4517921	1.3414
3.54711241	1.2552
3.61132326	1.2092
3.60340477	1.2094
3.55407224	1.249
3.5078226	1.3253
3.45950863	1.4052
3.40836668	1.4643
3.35402159	1.4908
3.32102004	1.4718
3.31926112	1.4109
3.33864315	1.3191
3.38730327	1.2179
3.44263883	1.1437
3.48125787	1.1192
3.48448367	1.1563
3.4575339	1.233
3.44058156	1.3272
3.44908405	1.42
3.44515405	1.4955
3.43758934	1.5435
3.43592283	1.5506
3.46001677	1.4935
3.50449139	1.3922
3.53521959	1.3023
3.53291421	1.2624
3.50329735	1.2721
3.46616468	1.3068
3.44569319	1.3505
3.44211499	1.4078
3.45685519	1.4523
3.48412933	1.4771
3.52482002	1.4466
3.56943486	1.3776
3.59146159	1.3008
3.55312166	1.2427
3.48025583	1.2182
3.40652544	1.2164
3.3306728	1.2304
3.26843717	1.2552
3.23069422	1.2993
3.23729553	1.329
3.28173851	1.3133
3.3574227	1.241
3.44453994	1.149
3.51114631	1.111
3.53433815	1.127
3.53637295	1.1625
3.52258089	1.2162
3.48490127	1.2818
3.43992002	1.3568
3.39923397	1.4244
3.378366	1.4545
3.38317734	1.4361
3.4113576	1.3905
3.45838658	1.3434
3.51491061	1.3016
3.54081326	1.2811
3.52949674	1.2862
3.47820532	1.3154
3.40229707	1.3676
3.34006693	1.4051
3.29747031	1.4241
3.26674455	1.4208
3.24859962	1.4038
3.25445111	1.3666
3.29522145	1.3215
3.36765451	1.301
3.43119983	1.3163
3.45455115	1.3701
3.43900489	1.4374
3.41043816	1.4829
3.38394826	1.4947
3.35635309	1.4722
3.32966253	1.4207
3.32048521	1.3303
3.33442801	1.229
3.36459461	1.155
3.40888472	1.1318
3.42928908	1.1614
3.39410748	1.2274
3.33093996	1.3165
3.28121572	1.3909
3.27227206	1.4503
3.2954058	1.4898
3.32701045	1.512
3.35658201	1.4833
3.39017483	1.4
3.46803752	1.2971
3.56708778	1.2143
3.60835247	1.183
3.59722827	1.1929
3.54476189	1.2458
3.48954703	1.3178
3.43584101	1.3868
3.39173014	1.4317
3.35697839	1.4423
3.34545834	1.4175
3.36770187	1.3704
3.4307585	1.3097
3.50240795	1.2661
3.56331106	1.2361
3.59366744	1.2285
3.60281983	1.2362
3.57419586	1.2623
3.51044879	1.301
3.44187042	1.3412
3.39897831	1.3684
3.3871112	1.362
3.40391788	1.3415
3.44593932	1.322
3.49836479	1.3096
3.54652428	1.2962
3.58727018	1.2732
3.60727821	1.2635
3.58689622	1.2636
3.53639055	1.265
3.46985732	1.2547
3.41444187	1.2387
3.3984453	1.2259
3.429413	1.2188
3.47988687	1.2337
3.5198013	1.2525
3.54073679	1.2474
3.53934199	1.2281
3.54113705	1.2186
3.56014271	1.216
3.57118315	1.216
3.54186853	1.2213
3.49606035	1.2406
3.50585112	1.2544
3.59439036	1.2766
3.70538091	1.2847
3.74540848	1.3059
3.70787474	1.3346
3.63323048	1.3744
3.5861719	1.4161
3.56933001	1.4447
3.55505516	1.4523
3.52473896	1.4384
3.49141427	1.4133
3.48223461	1.3804
3.52555802	1.3468
3.60984708	1.3219
3.68569307	1.3049
3.71694006	1.3121
3.6866684	1.3404
3.6111969	1.3652
3.5282242	1.3881
3.48179121	1.3847
3.45814479	1.3743
3.43118531	1.3584
3.40170091	1.3466
3.40622384	1.3097
3.45953163	1.2779
3.53770289	1.2537
3.59461173	1.245
3.59744834	1.2441
3.55848615	1.2492
3.51888114	1.2653
3.4999625	1.2914
3.49576375	1.3062
3.48267043	1.3216
3.47609998	1.3301
3.49964594	1.3339
3.55283558	1.3259
3.60040486	1.302
3.61616211	1.2807
3.60999626	1.2733
3.59569757	1.281
3.5874379	1.2843
3.57830289	1.2799
3.56037085	1.2681
3.53083792	1.2612
3.5054115	1.2577
3.50173306	1.2499
3.5243549	1.2353
3.56419818	1.2123
3.587195	1.208
3.58586416	1.2233
3.56467085	1.2573
3.53048234	1.2932
3.49598726	1.3369
3.45741367	1.3835
3.41920468	1.4232
3.39607861	1.4362
3.38351821	1.4221
3.38310443	1.391
3.39039913	1.3514
3.38952659	1.3067
3.37844609	1.2684
3.36718608	1.2471
3.35527104	1.2454
3.34023944	1.2621
3.3183396	1.304
3.30777041	1.3481
3.30953389	1.3797
3.31330204	1.3846
3.30981121	1.3738
3.30637369	1.3596
3.31027643	1.361
3.32226399	1.3745
3.32861051	1.3911
3.33673302	1.4005
3.35196978	1.4095
3.37758714	1.4127
3.40464643	1.4204
3.42786867	1.4182
3.45683566	1.4009
3.47946004	1.3801
3.48687282	1.3631
3.45590065	1.3643
3.41620529	1.3748
3.39064516	1.3805
3.38064969	1.3868
3.37580668	1.3857
3.37588176	1.3806
3.39156578	1.3654
3.42771718	1.3404
3.47498461	1.3175
3.49362015	1.3068
3.46002501	1.3218
3.40456179	1.3538
3.35596461	1.3948
3.32800948	1.4371
3.30953315	1.4725
3.30182378	1.4894
3.31187603	1.4896
3.3440038	1.4732
3.3824082	1.4481
3.42058018	1.411
3.44262476	1.3809
3.4569639	1.3642
3.45068422	1.3737
3.42965205	1.4039
3.40407827	1.4375
3.39193641	1.4544
3.39510651	1.4572
3.414423	1.4533
3.44264905	1.4393
3.45496221	1.4049
3.44168604	1.3535
3.41625965	1.3184
3.40906927	1.3122
3.40279601	1.3351
3.3852714	1.3688
3.35209472	1.4149
3.3203572	1.4593
3.31021567	1.4893
3.32816416	1.494
3.3566311	1.4794
3.38230453	1.4541
3.38003328	1.418
3.3519838	1.3962
3.33438882	1.4034
3.3311894	1.4392
3.32907554	1.4876
3.31520687	1.5544
3.29869395	1.6124
3.30295909	1.6311
3.32929972	1.6252
3.3748292	1.6011
3.41060872	1.5494
3.40846625	1.4629
3.36873855	1.3905
3.3346534	1.3711
3.31742772	1.3999
3.29635091	1.4717
3.26862073	1.5318
3.25255202	1.5588
3.25637482	1.5616
3.28178765	1.5514
3.32974478	1.5288
3.3686944	1.4832
3.38220763	1.4185
3.40024838	1.3665
3.42246355	1.3572
3.43270399	1.3966
3.3992134	1.4593
3.3520413	1.5118
3.32770146	1.5423
3.33105781	1.5501
3.34092067	1.5455
3.3386535	1.5189
3.32650331	1.4723
3.32718937	1.4267
3.34163705	1.4073
3.35089341	1.4414
3.33749824	1.4778
3.30958056	1.5095
3.28801441	1.5145
3.27710002	1.4965
3.29229823	1.4743
3.31240764	1.4428
3.33287872	1.3977
3.34433171	1.3532
3.37843809	1.3356
3.41582594	1.3519
3.42975147	1.3884
3.41851108	1.4295
3.39909919	1.4599
3.39694181	1.4784
3.42178837	1.4722
3.45952596	1.4369
3.48770114	1.3835
3.49856255	1.2966
3.50522982	1.2116
3.5159703	1.1632
3.52835124	1.1534
3.51908338	1.177
3.48273673	1.2179
3.43052139	1.2663
3.39322526	1.3129
3.38637528	1.3529
3.39627463	1.3847
3.40952921	1.3993
3.41888344	1.3827
3.42530613	1.3669
3.4437098	1.3452
3.46797404	1.3527
3.47890355	1.3851
3.46186762	1.4216
3.44034406	1.4445
3.42921663	1.465
3.42806088	1.4725
3.43641809	1.4537
3.43515325	1.4067
3.41162678	1.3494
3.39565285	1.2927
3.39880831	1.2578
3.39183728	1.2647
3.35615067	1.3017
3.31230155	1.3508
3.30255859	1.3995
3.32935634	1.4442
3.35872539	1.4781
3.38101805	1.4891
3.39843288	1.4642
3.42820254	1.4011
3.46527794	1.3318
3.46586176	1.2878
3.41069659	1.2859
3.32665968	1.3146
3.25511963	1.3558
3.19939268	1.3886
3.14399089	1.4142
3.10626644	1.4268
3.10135203	1.4288
3.12220818	1.4135
3.15603138	1.3808
3.18635647	1.3502
3.21337146	1.3548
3.24537943	1.3817
3.27153513	1.4069
3.28047905	1.4173
3.28336068	1.4179
3.28830457	1.4106
3.29217748	1.377
3.28974889	1.3173
3.29694054	1.2354
3.32170521	1.1814
3.34108047	1.1804
3.34641845	1.2302
3.33784257	1.3039
3.32763549	1.3508
3.32015409	1.3642
3.31946321	1.3721
3.31481708	1.3735
3.3057017	1.3421
3.30306113	1.2763
3.32471776	1.2105
3.35860248	1.1699
3.37783897	1.1532
3.37288234	1.1418
3.36834296	1.1203
3.37566715	1.0911
3.38991352	1.0713
3.39144646	1.0467
3.37516453	1.0167
3.34897049	0.9892
3.32806613	0.9842
3.31689524	1.0228
3.31165797	1.1067
3.31119719	1.204
3.28898102	1.2833
3.24082113	1.328
3.19332769	1.3599
3.1691401	1.3798
3.17308228	1.3749
3.19256439	1.3456
3.20402393	1.2923
3.20450933	1.2278
3.22168465	1.165
3.28026868	1.139
3.36426143	1.1335
3.41155369	1.156
3.41287146	1.1992
3.39118804	1.2604
3.38658882	1.3191
3.39943158	1.3527
3.41511214	1.3504
3.41035641	1.3263
3.39189441	1.2815
3.38048939	1.2405
3.38000851	1.2207
3.36743704	1.2253
3.3329144	1.2427
3.29552366	1.2634
3.27663812	1.2864
3.29063583	1.3053
3.31828155	1.3155
3.35293534	1.3011
3.39178485	1.2601
3.44191734	1.2131
3.48332376	1.2037
3.49529364	1.2281
3.48043826	1.2751
3.46101905	1.3243
3.4489837	1.3502
3.43092236	1.366
3.39301077	1.3747
3.352505	1.3582
3.32321283	1.3125
3.34028854	1.2642
3.38529403	1.2409
3.41385031	1.2452
3.4058742	1.2648
3.38526246	1.2755
3.37173271	1.2896
3.36582704	1.3135
3.35766999	1.3288
3.35708348	1.3293
3.38158226	1.2996
3.42442415	1.2641
3.47476476	1.2335
3.53297141	1.2189
3.57841635	1.2197
3.58212457	1.2358
3.55762087	1.2666
3.51788334	1.3259
3.50317162	1.3813
3.50118157	1.4097
3.50066343	1.4066
3.48173389	1.3844
3.4480324	1.3531
3.42106824	1.3043
3.40446869	1.2623
3.39506498	1.2382
3.38742259	1.2463
3.39779804	1.2721
3.41343145	1.3036
3.43339759	1.3203
3.45156529	1.3335
3.46721624	1.3372
3.47760082	1.3188
3.47391183	1.2867
3.44209202	1.2676
3.41713921	1.2758
3.44150982	1.3041
3.48212053	1.3346
3.50186695	1.3484
3.47418348	1.3488
3.43868578	1.3431
3.4243569	1.3248
3.44551741	1.2774
3.47525921	1.2088
3.49294862	1.1447
3.50286259	1.1105
3.51775819	1.12
3.53322479	1.169
3.54128565	1.2202
3.54044635	1.2593
3.51089508	1.3016
3.48613099	1.3335
3.47844775	1.3385
3.4963668	1.3131
3.51872655	1.2797
3.55186687	1.2492
3.58097315	1.2425
3.60150212	1.2461
3.58867751	1.2537
3.55280619	1.2532
3.49637922	1.2694
3.43382278	1.2943
3.38852118	1.3069
3.3666383	1.291
3.3641339	1.2564
3.36936795	1.2282
3.38103583	1.2102
3.39910267	1.2025
3.41801002	1.1998
3.42469816	1.204
3.42113773	1.2136
3.43347577	1.2275
3.4594556	1.2479
3.47711012	1.2595
3.47636118	1.2574
3.46248896	1.2559
3.45316726	1.2603
3.43779027	1.2902
3.4234046	1.3233
3.41272387	1.3659
3.40728446	1.4087
3.41139148	1.4458
3.41009996	1.4745
3.40724156	1.4873
3.40927624	1.4638
3.41950455	1.4087
3.43744092	1.3427
3.44725175	1.31
3.45081246	1.3038
3.45133664	1.3235
3.45251182	1.3479
3.43074827	1.3799
3.3866076	1.4171
3.34501879	1.4561
3.33230596	1.4662
3.35147033	1.4556
3.38553276	1.42
3.40777063	1.3808
3.42111061	1.3576
3.45353018	1.3276
3.50341438	1.2929
3.52901895	1.2509
3.49796233	1.2361
3.43871395	1.2529
3.38643305	1.2887
3.36892139	1.3272
3.37122957	1.3623
3.37063696	1.4046
3.36418475	1.4526
3.36936201	1.4909
3.39206072	1.5124
3.42802812	1.5028
3.47095024	1.4605
3.49637467	1.4066
3.50938893	1.3561
3.50999305	1.3384
3.50871404	1.351
3.50275542	1.369
3.48934034	1.3937
3.46558918	1.4212
3.43250726	1.4581
3.40710303	1.477
3.39794018	1.4643
3.40212776	1.4377
3.42269549	1.4199
3.4486031	1.4106
3.48024046	1.3938
3.51349054	1.3613
3.53407288	1.3251
3.53273196	1.3115
3.51660407	1.3222
3.51021949	1.3317
3.50603712	1.331
3.49371601	1.3376
3.47055301	1.3532
3.45760547	1.3722
3.45152191	1.3765
3.43938159	1.3665
3.41109424	1.347
3.36937407	1.3373
3.34688471	1.3386
3.34640299	1.3441
3.35797191	1.3495
3.35594	1.3651
3.35285768	1.369
3.36196985	1.3683
3.39269719	1.3666
3.43131421	1.3608
3.46072226	1.3575
3.48053816	1.3651
3.50252704	1.3757
3.50601826	1.406
3.50291936	1.4365
3.49017131	1.4555
3.47663615	1.449
3.46440186	1.411
3.44090097	1.3673
3.41409593	1.3259
3.39455304	1.298
3.39377095	1.2743
3.40844709	1.2507
3.42176034	1.2327
3.42151973	1.2343
3.41100628	1.2544
3.40736808	1.2707
3.41883767	1.2708
3.44498078	1.2568
3.4602636	1.247
3.46310042	1.247
3.45938966	1.2574
3.46691038	1.2706
3.47824344	1.2734
3.4782515	1.2777
3.45622903	1.3013
3.41971303	1.3282
3.38903976	1.3329
3.38173027	1.3169
3.39438546	1.308
3.41222375	1.323
3.41926506	1.3339
3.40352938	1.3162
3.39708954	1.2688
3.41638816	1.225
3.44112549	1.2013
3.44196621	1.1967
3.42560462	1.195
3.43445538	1.1801
3.4693866	1.1743
3.50623314	1.1878
3.51387617	1.2056
3.49121155	1.2167
3.47337517	1.2125
3.48102603	1.1949
3.48873963	1.1835
3.47981824	1.1942
3.47152649	1.2124
3.48136563	1.21
3.50142751	1.1795
3.52788001	1.1264
3.5430222	1.0714
3.57479811	1.0245
3.62099078	0.987
3.65745785	0.957
3.64210919	0.9446
3.58763431	0.9518
3.52094083	0.9857
3.45985241	1.0369
3.40890315	1.0903
3.36456598	1.1517
3.34866418	1.1977
3.36493039	1.2335
3.38877508	1.2551
3.41408944	1.2849
3.43590485	1.3027
3.45764751	1.3059
3.48362773	1.2915
3.49545157	1.2961
3.48741884	1.3138
3.47163943	1.3251
3.46111303	1.3289
3.46511443	1.3143
3.46983162	1.3068
3.47342692	1.3126
3.47336483	1.343
3.4960739	1.3516
3.51666386	1.3496
3.51451353	1.3504
3.49764709	1.3573
3.47330698	1.3641
3.46407734	1.3532
3.45978919	1.3398
3.46913731	1.3269
3.49361913	1.3166
3.52888631	1.2971
3.55749559	1.2799
3.55891209	1.288
3.5409159	1.3295
3.52472366	1.3825
3.5195791	1.4262
3.52286061	1.4476
3.52114941	1.4579
3.51895116	1.4502
3.51379752	1.4251
3.50560386	1.3856
3.49566105	1.3448
3.47489347	1.3143
3.4357506	1.3028
3.4066735	1.3065
3.3793286	1.3373
3.36158772	1.375
3.35705487	1.4117
3.37114392	1.4292
3.39688424	1.4281
3.43046455	1.4083
3.45548299	1.386
3.46682699	1.363
3.46717136	1.337
3.46757115	1.3128
3.46893121	1.288
3.46361435	1.2791
3.4469566	1.2939
3.42316456	1.3109
3.4125755	1.3142
3.42852954	1.3137
3.4697796	1.3221
3.52032672	1.3411
3.55557843	1.3627
3.55776503	1.3713
3.53843165	1.3692
3.50322143	1.3796
3.46497072	1.3957
3.43059704	1.4021
3.40415748	1.4019
3.39308748	1.3849
3.39807254	1.3799
3.42382809	1.37
3.46869679	1.3642
3.51610598	1.3579
3.55343496	1.3451
3.56582687	1.338
3.55156357	1.3434
3.52803732	1.3509
3.51017903	1.357
3.50649778	1.3659
3.50650793	1.3794
3.4986229	1.3981
3.49180672	1.4041
3.49893981	1.3938
3.51493486	1.374
3.52705528	1.3468
3.51074553	1.3358
3.47686495	1.3399
3.44773036	1.3435
3.42817894	1.3438
3.4139874	1.3384
3.39160129	1.3411
3.37377419	1.3387
3.36493977	1.3305
3.36929895	1.3203
3.37989437	1.3185
3.40290973	1.3381
3.43731698	1.3762
3.4746332	1.4092
3.49904436	1.4378
3.51596461	1.4543
3.52266436	1.4595
3.53305196	1.4455
3.55469016	1.3996
3.57939646	1.3323
3.6116717	1.2707
3.62749014	1.2276
3.61943816	1.2134
3.60559786	1.2138
3.60429556	1.2272
3.6049057	1.2558
3.58509372	1.3008
3.55900652	1.3477
3.54156815	1.3795
3.54655823	1.3791
3.56436395	1.3654
3.58196839	1.337
3.58709403	1.2986
3.56874256	1.263
3.53364365	1.231
3.48654074	1.2222
3.44438231	1.2295
3.42829251	1.2548
3.44143752	1.2751
3.45816689	1.299
3.48507868	1.3149
3.51100975	1.3309
3.54757261	1.3512
3.5853375	1.3735
3.59861686	1.4024
3.57675397	1.4254
3.52020909	1.444
3.46012768	1.4639
3.41712298	1.4751
3.3929142	1.4667
3.38251983	1.4304
3.3932781	1.3786
3.43157841	1.3273
3.48121832	1.3061
3.52171163	1.304
3.53627441	1.2989
3.55068799	1.2969
3.55170075	1.3122
3.5165567	1.3472
3.46999976	1.3874
3.44531773	1.3952
3.45434102	1.3775
3.47525131	1.3549
3.49132124	1.339
3.50908594	1.3173
3.533256	1.2855
3.56425577	1.26
3.56753338	1.2655
3.53626208	1.2969
3.4869809	1.3328
3.45520249	1.3545
3.43994244	1.3615
3.42335793	1.3612
3.4067346	1.3512
3.39918155	1.3382
3.40655913	1.3199
3.41255872	1.3169
3.39887397	1.3291
3.36971515	1.357
3.34178413	1.3922
3.33339589	1.4329
3.33976561	1.4705
3.34799576	1.4915
3.35510505	1.4816
3.35763059	1.4431
3.36304644	1.4043
3.36360129	1.3744
3.36790493	1.3595
3.3598785	1.3436
3.34437417	1.3498
3.33732656	1.3806
3.34666549	1.4273
3.35971096	1.4618
3.3708051	1.4709
3.379631	1.4632
3.39364761	1.4412
3.40708695	1.4034
3.42496006	1.3447
3.43071209	1.2973
3.41506652	1.2773
3.36934358	1.2892
3.33368907	1.3202
3.31596243	1.3539
3.31915393	1.3789
3.34511417	1.3888
3.38777024	1.3901
3.43533773	1.3871
3.48646396	1.3734
3.51604871	1.3634
3.51428615	1.3715
3.47321425	1.4109
3.40511847	1.4781
3.34726323	1.5409
3.32379466	1.5669
3.32157539	1.5589
3.32997094	1.5175
3.34210615	1.4599
3.35105862	1.3984
3.37072206	1.3259
3.40077366	1.2547
3.40412272	1.2181
3.34585842	1.2509
3.27124363	1.3365
3.23174382	1.4342
3.23471953	1.4973
3.2492289	1.5304
3.26413588	1.5488
3.28724012	1.5499
3.33451956	1.5066
3.40943985	1.4252
3.47102216	1.3357
3.47812291	1.2992
3.45310539	1.3093
3.43190027	1.3451
3.42411671	1.3737
3.40114546	1.4061
3.37008273	1.4497
3.34651571	1.4771
3.34128307	1.4627
3.34171992	1.4145
3.3365435	1.3708
3.32150692	1.358
3.30088283	1.3731
3.28980048	1.4035
3.28686162	1.4369
3.28639661	1.4678
3.29284499	1.4888
3.30977109	1.4915
3.33263013	1.4711
3.34884975	1.4361
3.36580365	1.3916
3.38396278	1.3461
3.40125747	1.3119
3.39640043	1.3059
3.37707628	1.3271
3.36658221	1.3593
3.38346087	1.3829
3.40167845	1.3895
3.41114786	1.3759
3.41869777	1.3447
3.42800124	1.3026
3.44590544	1.2598
3.43741892	1.2365
3.40607443	1.2472
3.35965945	1.288
3.33084428	1.342
3.31595954	1.3896
3.30539772	1.4244
3.2879814	1.4451
3.28475291	1.4499
3.30767204	1.4256
3.34215597	1.389
3.36683593	1.3525
3.36961679	1.3443
3.36880108	1.3722
3.37774825	1.4175
3.38756833	1.4542
3.38116278	1.4806
3.36640457	1.4973
3.34801775	1.5065
3.33915549	1.4975
3.33702993	1.4607
3.34074055	1.4069
3.35076478	1.3506
3.36466824	1.3022
3.3786287	1.2847
3.3832196	1.3054
3.36718561	1.3526
3.34103498	1.3955
3.32008445	1.4146
3.30790817	1.399
3.30537573	1.3636
3.3099541	1.3135
3.32163372	1.2603
3.35248159	1.2145
3.38199689	1.1952
3.38663711	1.2197
3.37165178	1.2744
3.34252941	1.3558
3.33372972	1.4158
3.33374055	1.4425
3.33254378	1.4523
3.33577488	1.4548
3.34128304	1.4486
3.35543742	1.4155
3.37148873	1.3722
3.37355012	1.3381
3.36226442	1.3308
3.34317202	1.3466
3.34199482	1.366
3.35956168	1.3847
3.38160863	1.4029
3.40144066	1.4132
3.43273039	1.4033
3.47381269	1.3726
3.50764347	1.3234
3.52133676	1.2747
3.50537344	1.2503
3.4680922	1.2461
3.42469841	1.2609
3.3866569	1.2748
3.35904093	1.29
3.34428852	1.293
3.34662552	1.2862
3.36232798	1.2741
3.38513621	1.2495
3.4053631	1.2274
3.43178283	1.2218
3.43617665	1.2428
3.41729048	1.2889
3.37814696	1.3484
3.34972208	1.395
3.34972023	1.4212
3.36212227	1.436
3.37647045	1.445
3.38925696	1.4348
3.41535611	1.3843
3.4596601	1.3205
3.50583053	1.2684
3.53010247	1.2491
3.52261399	1.2649
3.48903012	1.2976
3.45617622	1.3314
3.43254506	1.3706
3.41963373	1.4042
3.41216611	1.4099
3.40131794	1.3865
3.39778043	1.3531
3.40989492	1.332
3.42588167	1.3224
3.42643448	1.3186
3.40274829	1.317
3.36238691	1.3445
3.32730625	1.3874
3.30808372	1.4214
3.30062993	1.4247
3.28690155	1.402
3.2662229	1.3627
3.25469662	1.3183
3.27542025	1.284
3.31954535	1.2611
3.36517392	1.265
3.38745774	1.3001
3.38814267	1.3556
3.38870525	1.3998
3.40072482	1.4331
3.41820466	1.4495
3.43599934	1.4499
3.44647874	1.4249
3.45832113	1.3881
3.47851969	1.3663
3.49134149	1.3749
3.47773082	1.4037
3.43096746	1.4356
3.37195911	1.4586
3.32693151	1.4713
3.31205244	1.4853
3.31468157	1.4709
3.33331961	1.4188
3.36462383	1.3407
3.40138959	1.2657
3.42923507	1.2194
3.42323832	1.1985
3.38910996	1.1983
3.34614817	1.2172
3.30989642	1.2522
3.30083294	1.3038
3.31722039	1.3457
3.3576621	1.3705
3.40255855	1.3809
3.44510721	1.3604
3.46652016	1.3321
3.47075527	1.3096
3.44575768	1.3099
3.39306794	1.3451
3.32512	1.3972
3.27428363	1.4348
3.25283368	1.452
3.26095275	1.4609
3.27892225	1.4753
3.31085535	1.474
3.35508046	1.426
3.39881742	1.3659
3.44106562	1.3312
3.44953881	1.349
3.41090742	1.3982
3.34307849	1.439
3.27722785	1.4464
3.23524963	1.4322
3.21671942	1.4122
3.22757034	1.3798
3.27262401	1.3224
3.34617973	1.2609
3.43982628	1.2275
3.52603081	1.2301
3.55650875	1.2583
3.51743254	1.313
3.44591702	1.3837
3.37321113	1.4515
3.32041241	1.4897
3.28068662	1.4877
3.26013253	1.4469
3.26238275	1.3807
3.29785435	1.2944
3.35642852	1.2252
3.40922637	1.1789
3.42580688	1.162
3.40103324	1.2034
3.37569617	1.274
3.35725312	1.3563
3.34472895	1.403
3.33680929	1.3938
3.33275921	1.3557
3.34055557	1.2933
3.36231758	1.2032
3.39451958	1.115
3.42019356	1.0856
3.43363642	1.1444
3.42804515	1.2296
3.40279852	1.3162
3.36782579	1.3853
3.33937727	1.4296
3.32340128	1.4342
3.33146381	1.3929
3.36083278	1.3017
3.41447831	1.2094
3.47510556	1.1384
3.49796419	1.1077
3.45195105	1.1356
3.36452848	1.2083
3.28445214	1.3171
3.24572207	1.4053
3.22928631	1.4574
3.23465698	1.4646
3.26042817	1.4199
3.32655953	1.311
3.44067621	1.1721
3.55753009	1.0503
3.61973423	0.9752
3.60106459	0.9698
3.51649305	1.0187
3.41450642	1.1064
3.32530213	1.2005
3.27636696	1.2674
3.26858456	1.3109
3.30345759	1.3291
3.3757902	1.3198
3.47356099	1.2785
3.56612177	1.2205
3.60597081	1.1852
3.56775805	1.1843
3.46311764	1.2309
3.34625035	1.3035
3.26430689	1.3749
3.22489494	1.403
3.20742232	1.4187
3.22102667	1.4132
3.26464786	1.3831
3.34782546	1.3028
3.45071966	1.2037
3.51980482	1.1092
3.4930623	1.0539
3.40407931	1.0367
3.31745694	1.0439
3.2682512	1.1008
3.25182945	1.1877
3.23965893	1.2819
3.23668462	1.3284
3.26364348	1.3182
3.33278396	1.2808
3.40385524	1.2514
3.43045172	1.2459
3.40283392	1.276
3.35350636	1.3317
3.31184437	1.4036
3.28236665	1.4616
3.26718725	1.4826
3.26141845	1.4677
3.27943683	1.4174
3.33496369	1.3485
3.41001714	1.2782
3.46643404	1.2346
3.47454732	1.2352
3.44235911	1.2746
3.38570284	1.3414
3.32565712	1.4005
3.27018639	1.4334
3.24223509	1.4381
3.24250066	1.4236
3.2650187	1.3791
3.30209448	1.318
3.34159569	1.2606
3.35837001	1.2323
3.33320512	1.2482
3.28258295	1.2946
3.23672684	1.3881
3.21738254	1.4706
3.21856133	1.5234
3.2308157	1.5413
3.26025012	1.5357
3.30829526	1.4969
3.37330722	1.4258
3.43648926	1.3525
3.47603103	1.31
3.47363524	1.3096
3.4400173	1.3401
3.4063887	1.3697
3.37426407	1.3945
3.3564152	1.4068
3.35142645	1.4096
3.36639584	1.3891
3.40789462	1.3321
3.46824329	1.2664
3.52133091	1.2103
3.53240682	1.1803
3.49544913	1.1794
3.42393515	1.2043
3.33930564	1.2485
3.25782515	1.2962
3.19925632	1.3323
3.17982545	1.3364
3.19816148	1.3212
3.25373038	1.2902
3.32686782	1.2488
3.39878312	1.205
3.43789307	1.1901
3.4440971	1.2157
3.41638019	1.2759
3.37325733	1.3434
3.3242747	1.396
3.28550074	1.4336
3.26795196	1.4495
3.27859351	1.4369
3.30677228	1.3987
3.33886576	1.3463
3.37068177	1.3031
3.39994768	1.2934
3.40935471	1.3052
3.38904813	1.3282
3.34828279	1.3534
3.32065187	1.3792
3.30816739	1.3998
3.31354265	1.4031
3.32167973	1.3737
3.3396178	1.3167
3.37607446	1.2503
3.42343905	1.207
3.44657716	1.1977
3.43578334	1.2173
3.4266503	1.2372
3.42754796	1.2611
3.42912277	1.2939
3.4348409	1.3238
3.43715453	1.346
3.44551354	1.3498
3.45913917	1.338
3.45619069	1.3382
3.44195199	1.3395
3.41469541	1.3375
3.384043	1.3261
3.35306545	1.3142
3.33680944	1.2955
3.33388268	1.2758
3.35091557	1.2493
3.38395528	1.2255
3.41610136	1.2136
3.43887546	1.2101
3.44834564	1.2188
3.44848995	1.2391
3.43244834	1.2728
3.40224317	1.3144
3.3806982	1.3642
3.37778188	1.3944
3.40038504	1.3812
3.44185056	1.3578
3.50941707	1.3252
3.59353613	1.2935
3.66761941	1.2338
3.73274783	1.1643
3.78143613	1.1144
3.78856934	1.1049
3.75694861	1.1358
3.69716051	1.1735
3.6344362	1.2058
3.60400005	1.2267
3.60634594	1.2409
3.63809152	1.2464
3.67314343	1.2448
3.70265768	1.2235
3.71367108	1.2103
3.70670047	1.2225
3.6645214	1.2676
3.59853665	1.3364
3.54301118	1.3903
3.50996619	1.4197
3.48716504	1.4254
3.4659404	1.4143
3.45893898	1.3897
3.47465565	1.3565
3.49701224	1.332
3.49994246	1.331
3.47531975	1.3557
3.45632761	1.3987
3.45794214	1.4428
3.46179566	1.4782
3.47146032	1.4891
3.48674555	1.4767
3.517872	1.4378
3.57970114	1.383
3.66016493	1.333
3.70864367	1.3001
3.70716868	1.2841
3.6713591	1.2932
3.64982581	1.32
3.62938236	1.3391
3.6054085	1.3431
3.58079432	1.3416
3.58381342	1.3303
3.62576981	1.3132
3.68168077	1.2824
3.70186234	1.2528
3.67747117	1.2422
3.6380165	1.2438
3.59878574	1.2398
3.55906472	1.25
3.51123993	1.2966
3.48183655	1.3312
3.48235638	1.3408
3.51543347	1.3271
3.54726854	1.3169
3.56180214	1.3076
3.55665814	1.3032
3.54141602	1.3243
3.52655899	1.3642
3.49702499	1.412
3.4628589	1.4455
3.43881044	1.4628
3.43316743	1.4592
3.4407846	1.4505
3.44984255	1.4434
3.46017973	1.4135
3.48081876	1.3677
3.50829725	1.3287
3.52218875	1.3349
3.51166348	1.3562
3.4824818	1.3713
3.45713986	1.3721
3.45856515	1.3543
3.48737961	1.3359
3.52440559	1.3184
3.5683471	1.2768
3.61153229	1.2313
3.65119329	1.1979
3.68893271	1.1848
3.7073351	1.2118
3.71134333	1.2495
3.6678214	1.2966
3.61320086	1.3425
3.56841056	1.3811
3.55812345	1.3985
3.5662425	1.3847
3.56769595	1.3479
3.57410122	1.2963
3.60561315	1.2531
3.66584628	1.2196
3.70677229	1.1994
3.70782324	1.1932
3.67070498	1.2163
3.64314083	1.2622
3.62486391	1.319
3.61844314	1.349
3.6045215	1.3566
3.57051206	1.3532
3.54198003	1.3384
3.54207927	1.3101
3.55657993	1.2668
3.56039877	1.2255
3.53792715	1.2036
3.51268698	1.1988
3.52629616	1.2014
3.59058583	1.2028
3.667872	1.2083
3.71638989	1.2195
3.71668433	1.2489
3.70491473	1.276
3.70093679	1.3049
3.70233033	1.3362
3.67789143	1.366
3.62776259	1.3939
3.58195278	1.4012
3.55681812	1.3748
3.55668498	1.3385
3.5782841	1.3062
3.59987591	1.2794
3.60858367	1.2488
3.6121504	1.2295
3.60955831	1.2332
3.60161428	1.2734
3.57720186	1.3243
3.54159636	1.3489
3.50653961	1.3637
3.48608185	1.3715
3.48859402	1.3741
3.52245732	1.3531
3.58375676	1.3107
3.65426654	1.2635
3.71163599	1.237
3.74399456	1.2436
3.74779414	1.273
3.71076501	1.3174
3.66517093	1.3529
3.62095968	1.3819
3.58774017	1.3986
3.5595029	1.4044
3.53487419	1.3886
3.5420312	1.3496
3.61447734	1.296
3.72419465	1.2531
3.80449289	1.2214
3.80857055	1.2148
3.75550848	1.23
3.68467613	1.2705
3.62558763	1.3257
3.58768026	1.3732
3.55861651	1.4094
3.53758294	1.4305
3.54314047	1.4157
3.56698606	1.3802
3.60739239	1.3255
3.66078873	1.2686
3.70317407	1.2237
3.72158653	1.1857
3.68871096	1.1796
3.61235426	1.2132
3.53123629	1.2748
3.48575287	1.3314
3.47578088	1.3668
3.47628615	1.3891
3.48305967	1.4016
3.50537373	1.3919
3.55089414	1.3678
3.59455897	1.3451
3.60748586	1.3178
3.58217752	1.285
3.53850394	1.2664
3.51952959	1.2702
3.5371432	1.2765
3.55011043	1.2801
3.55520344	1.2791
3.55479136	1.2897
3.555046	1.3011
3.55511734	1.2963
3.53843199	1.2674
3.48412227	1.2352
3.42656447	1.2338
3.38730699	1.2493
3.37091571	1.2704
3.37058144	1.2927
3.37219833	1.3288
3.3816646	1.3596
3.39834663	1.3615
3.41121458	1.3498
3.40756825	1.3333
3.37090269	1.3093
3.32256045	1.2976
3.28668978	1.3105
3.26400757	1.3538
3.26048971	1.4019
3.26258738	1.4374
3.27739975	1.4395
3.30322834	1.4129
3.34393875	1.3683
3.38332213	1.3056
3.40870441	1.2249
3.41669109	1.1406
3.4252996	1.0675
3.42649738	1.0409
3.40672836	1.1256
3.37270661	1.2495
3.34376357	1.3052
3.34428039	1.2928
3.38251899	1.26
3.41749984	1.2245
3.44506676	1.1882
3.46232141	1.1475
3.47242929	1.1101
3.47202004	1.1219
3.44073989	1.2091
3.39374911	1.3019
3.35388605	1.3444
3.33278205	1.3383
3.34180457	1.3049
3.36780328	1.2575
3.40189634	1.1901
3.42984305	1.0971
3.44119011	0.9934
3.41922664	0.8773
3.38222828	0.8496
3.34677809	0.9569
3.32423866	1.0943
3.30908929	1.1821
3.30336717	1.2181
3.32444533	1.2358
3.36837872	1.2353
3.42866281	1.2022
3.47905355	1.15
3.50697192	1.1232
3.50952299	1.1405
3.50919071	1.1852
3.49867236	1.2475
3.46111184	1.3085
3.41129288	1.3472
3.37618067	1.3676
3.39078752	1.3626
3.44137129	1.3322
3.49832505	1.2806
3.52367541	1.2357
3.5339726	1.216
3.55477665	1.2303
3.57147336	1.2785
3.55786176	1.3281
3.52711108	1.3806
3.50262255	1.4208
3.49300993	1.4307
3.49138986	1.4018
3.50034384	1.3204
3.51271606	1.2311
3.5233519	1.1572
3.51630545	1.1289
3.49140474	1.1336
3.46090533	1.1527
3.44616946	1.1781
3.42609926	1.2164
3.40058944	1.2502
3.37676884	1.2667
3.36649574	1.2532
3.39360829	1.1957
3.42603356	1.1231
3.4556671	1.096
3.47518526	1.1345
3.47638863	1.169
3.48850325	1.1783
3.49475481	1.1943
3.48201325	1.2276
3.45963286	1.2497
3.44561757	1.2651
3.46687052	1.2606
3.50729672	1.2364
3.52852442	1.1962
3.49886875	1.2019
3.46312818	1.251
3.44641964	1.2984
3.44160928	1.3364
3.42114822	1.3789
3.38465778	1.4159
3.35178038	1.4187
3.35092981	1.3723
3.39963816	1.3064
3.46647406	1.242
3.53246281	1.1726
3.5815603	1.1239
3.64410145	1.1097
3.67287213	1.145
3.63705264	1.2196
3.55088211	1.3016
3.46905674	1.3693
3.40763562	1.4163
3.37368181	1.43
3.36555941	1.4024
3.37519638	1.3327
3.41853231	1.2435
3.50148708	1.1588
3.58551956	1.1056
3.6233272	1.0856
3.60131048	1.0925
3.53956564	1.1165
3.45464861	1.1568
3.36728186	1.2021
3.30452079	1.2456
3.28758282	1.2695
3.30067717	1.2684
3.33079258	1.2315
3.36055848	1.1858
3.40003137	1.1727
3.44751883	1.1815
3.46566662	1.1917
3.44916662	1.1903
3.40229187	1.2135
3.3670927	1.2645
3.36793594	1.2849
3.40988726	1.2724
3.46739941	1.2348
3.52011561	1.1898
3.56055937	1.1531
3.61065451	1.1324
3.64092888	1.1421
3.63486388	1.183
3.58721428	1.2519
3.53539732	1.3299
3.50504789	1.3907
3.51620069	1.4127
3.54870469	1.3941
3.59758277	1.3533
3.64224587	1.2944
3.67810267	1.2308
3.6842817	1.1913
3.64937594	1.1844
3.57523778	1.2064
3.50106105	1.2363
3.44852126	1.2568
3.42482973	1.2754
3.43486025	1.2892
3.46683311	1.3038
3.4987951	1.3132
3.52759065	1.306
3.55266205	1.3092
3.58606656	1.3191
3.58938416	1.3319
3.55663019	1.3306
3.50543728	1.3222
3.46133381	1.3195
3.45284547	1.3098
3.46459679	1.2908
3.49016758	1.2478
3.50555513	1.2102
3.51498813	1.1894
3.52888367	1.1884
3.53587504	1.2027
3.53862832	1.2244
3.52880353	1.2555
3.5177171	1.2845
3.51742237	1.3069
3.53415358	1.3074
3.55642313	1.2925
3.59009947	1.2674
3.63351009	1.2406
3.67355442	1.2069
3.68072044	1.1819
3.65073531	1.1673
3.59646409	1.1593
3.52198453	1.1601
3.45330245	1.1605
3.40107688	1.1674
3.38494372	1.1851
3.41151293	1.1911
3.44512281	1.1898
3.4757859	1.1875
3.503956	1.2029
3.53742397	1.2458
3.54916972	1.2849
3.51325954	1.3198
3.44061509	1.356
3.37465463	1.3914
3.32983739	1.4174
3.30583182	1.4068
3.29738422	1.3589
3.31405526	1.2826
3.36088177	1.2212
3.42796847	1.179
3.48483798	1.1464
3.50244683	1.1235
3.47736065	1.1317
3.43459025	1.1775
3.38337751	1.2494
3.3449227	1.3252
3.33040768	1.3752
3.3353134	1.3975
3.35691029	1.4024
3.38937416	1.38
3.42675253	1.342
3.46662601	1.2922
3.49434199	1.253
3.50340534	1.2318
3.48104351	1.2469
3.43946862	1.2851
3.40901289	1.3331
3.40244363	1.3727
3.40567821	1.3996
3.40857926	1.4217
3.4202613	1.4234
3.43583766	1.4151
3.45130396	1.4073
3.44310019	1.3989
3.41714194	1.3999
3.38259271	1.4059
3.35107175	1.4164
3.32742122	1.4112
3.30579233	1.3853
3.29660804	1.3393
3.31522805	1.2924
3.34264975	1.2701
3.36015737	1.2666
3.36583012	1.276
3.36759651	1.3036
3.36690485	1.3472
3.34860939	1.414
3.32120412	1.4768
3.29612789	1.5085
3.2930476	1.4883
3.31332967	1.4388
3.35144846	1.405
3.38023108	1.3821
3.39903983	1.3338
3.41710074	1.2803
3.42578808	1.2569
3.40219864	1.2672
3.33331672	1.3049
3.26229108	1.3534
3.23203106	1.3873
3.24648036	1.4183
3.269216	1.4477
3.29447524	1.4498
3.32785867	1.4209
3.38866571	1.3761
3.45618037	1.3347
3.48945107	1.3146
3.46620263	1.3216
3.41473111	1.3396
3.37421755	1.3733
3.34822309	1.3976
3.31465501	1.4127
3.26688741	1.4215
3.23784766	1.4236
3.25093256	1.4168
3.29784583	1.3924
3.33708916	1.3642
3.35772371	1.3405
3.37176585	1.3471
3.39051003	1.3803
3.40147713	1.4056
3.39925799	1.4204
3.38504432	1.4293
3.3734926	1.4435
3.37156439	1.4307
3.38353759	1.3758
3.39842565	1.3143
3.40688312	1.2754
3.40221113	1.2642
3.39316754	1.2493
3.36791846	1.2372
3.33291786	1.2438
3.30287014	1.2761
3.29043321	1.3187
3.2920376	1.327
3.30566176	1.2706
3.3184988	1.2039
3.35333271	1.182
3.40660854	1.1923
3.45602161	1.2173
3.46965226	1.2759
3.44181193	1.371
3.40282862	1.463
3.36800213	1.5131
3.34371963	1.514
3.33552837	1.4723
3.34944362	1.4165
3.3985753	1.3465
3.47490989	1.2794
3.55744928	1.2227
3.60023453	1.2057
3.57552616	1.2367
3.50603595	1.3032
3.42291283	1.3714
3.34613329	1.4079
3.2961694	1.4356
3.28425434	1.4584
3.29112337	1.4338
3.31926418	1.3451
3.39212817	1.2383
3.46797781	1.161
3.51547837	1.1277
3.51609505	1.1227
3.48822682	1.1344
3.45626543	1.1581
3.41364448	1.2092
3.35511768	1.2851
3.29268706	1.354
3.25864344	1.3845
3.27783822	1.3929
3.32933278	1.4122
3.36473355	1.436
3.35688004	1.4615
3.33252549	1.4726
3.32234262	1.4629
3.3229674	1.4437
3.31107852	1.4278
3.27802308	1.4164
3.26951409	1.3683
3.30745874	1.3039
3.38752874	1.2521
3.4413723	1.248
3.44382123	1.2842
3.41099846	1.3449
3.37734986	1.3973
3.35488011	1.4474
3.32419155	1.5004
3.28564476	1.5264
3.25794985	1.4834
3.25637443	1.3737
3.29196907	1.2451
3.3310467	1.162
3.33271335	1.1194
3.30434285	1.0961
3.28139526	1.0811
3.24283466	1.1258
3.19606095	1.2147
3.15588661	1.3011
3.15374689	1.3452
3.18277505	1.3468
3.21554526	1.3175
3.23738589	1.2576
3.26553095	1.2008
3.30680416	1.1547
3.34072831	1.1507
3.34077731	1.1942
3.31395356	1.2673
3.27976993	1.3399
3.26450085	1.3812
3.25961905	1.4002
3.25192246	1.4041
3.24462269	1.3955
3.25350007	1.3746
3.2853081	1.3405
3.3140269	1.3185
3.30965253	1.303
3.2873416	1.2999
3.27941988	1.2987
3.29882388	1.3251
3.3159776	1.3663
3.31630402	1.4067
3.31658269	1.4133
3.33404661	1.3917
3.37278036	1.3728
3.39619254	1.3813
3.38601809	1.3911
3.3544456	1.394
3.33707015	1.3899
3.33340713	1.3939
3.32902281	1.4053
3.31199195	1.3909
3.28627216	1.3508
3.27860921	1.2982
3.30013303	1.2601
3.33197929	1.2487
3.3380749	1.2555
3.30894144	1.2811
3.27903685	1.3004
3.26828618	1.3094
3.2628635	1.331
3.26180704	1.3508
3.26770029	1.3747
3.2906024	1.3778
3.33294916	1.3499
3.38970199	1.3152
3.43072224	1.3082
3.43438097	1.3316
3.41719314	1.3565
3.39812241	1.3574
3.37767949	1.3539
3.34912457	1.3832
3.31851858	1.4315
3.30785594	1.464
3.32148786	1.4541
3.34746968	1.4214
3.37774158	1.3885
3.39438099	1.3719
3.40682357	1.3626
3.42445536	1.3468
3.4381631	1.3372
3.43475036	1.3607
3.4214576	1.4082
3.42044927	1.4413
3.43593337	1.4155
3.45118798	1.369
3.44708241	1.3349
3.43315036	1.3276
3.42266072	1.3221
3.4166222	1.3023
3.3842137	1.2971
3.33881846	1.3139
3.31327116	1.3532
3.32291516	1.3876
3.34974161	1.4051
3.37713011	1.4087
3.40838342	1.4059
3.45559039	1.4054
3.52506526	1.4055
3.58854527	1.3984
3.61313474	1.382
3.58503929	1.3839
3.53938416	1.3953
3.49932911	1.4058
3.45744377	1.402
3.41161102	1.3887
3.37501068	1.3697
3.37185153	1.342
3.41535064	1.3095
3.48166606	1.2884
3.5366188	1.2639
3.54476412	1.2473
3.53694857	1.2274
3.52626516	1.2254
3.49147345	1.2483
3.42761959	1.296
3.35954438	1.3367
3.3213218	1.3498
3.31958935	1.3325
3.34549729	1.32
3.38385078	1.3251
3.42583395	1.314
3.46508572	1.2785
3.50129326	1.2351
3.53341133	1.2161
3.53194847	1.2325
3.49009869	1.2652
3.44579735	1.2813
3.42644277	1.2778
3.41628729	1.28
3.39512743	1.3027
3.36279109	1.3223
3.34352378	1.3124
3.33767746	1.2888
3.33851725	1.2844
3.33579968	1.3059
3.33912016	1.3248
3.35356995	1.3147
3.37588418	1.284
3.39717813	1.2531
3.40551932	1.2396
3.40788501	1.2351
3.42129111	1.218
3.44579002	1.1974
3.46220798	1.1984
3.45437323	1.2342
3.43525772	1.2993
3.41511569	1.3783
3.4117438	1.4397
3.41370393	1.4738
3.40861832	1.481
3.39385591	1.4736
3.37673133	1.4527
3.37131601	1.4061
3.37221654	1.3377
3.36136276	1.2681
3.32700877	1.2265
3.30010696	1.2202
3.31850053	1.2251
3.35734783	1.2409
3.38065167	1.2685
3.39012088	1.3127
3.40668466	1.3461
3.43690246	1.3489
3.45956804	1.3228
3.46333706	1.2854
3.43789656	1.2593
3.39854913	1.2226
3.37005062	1.1621
3.3572429	1.1185
3.34447091	1.1611
3.32157865	1.2284
3.31841135	1.2507
3.33578598	1.2447
3.36356396	1.2427
3.37993912	1.2537
3.36995305	1.2724
3.37040794	1.2854
3.38614767	1.295
3.39965591	1.3269
3.39335772	1.3675
3.37232859	1.3877
3.36891518	1.3899
3.38676632	1.3886
3.42028433	1.3903
3.4427496	1.3874
3.44820503	1.3565
3.44615391	1.3132
3.46002696	1.2804
3.47468169	1.2718
3.47218073	1.2706
3.44269876	1.2676
3.3976404	1.2556
3.36108525	1.2303
3.34607972	1.1973
3.34861286	1.1508
3.36087684	1.1036
3.37009773	1.0656
3.39210852	1.0423
3.4252093	1.0425
3.45472187	1.0809
3.47152652	1.1485
3.45115736	1.2381
3.42468319	1.3284
3.39127761	1.4048
3.35173362	1.4544
3.31310488	1.4687
3.28266391	1.4395
3.26405581	1.3821
3.25199786	1.3134
3.26167298	1.256
3.29356693	1.2396
3.3333443	1.2596
3.36497969	1.3004
3.37608301	1.356
3.37920182	1.4091
3.37992816	1.4534
3.38175356	1.4836
3.38123736	1.4823
3.37919093	1.4493
3.38344684	1.3938
3.39711484	1.3378
3.41868776	1.2906
3.44033816	1.2594
3.45625996	1.2525
3.47213406	1.2547
3.4725404	1.2571
3.45787817	1.2502
3.42706116	1.2359
3.39095336	1.2256
3.36008825	1.22
3.34437716	1.2137
3.33448923	1.211
3.32640036	1.2229
3.33011089	1.2555
3.36271525	1.2808
3.4047266	1.3053
3.43080766	1.3231
3.45029096	1.3384
3.47537254	1.346
3.51336864	1.342
3.54280339	1.329
3.53947782	1.3235
3.50450059	1.3336
3.46869977	1.3518
3.44047008	1.373
3.40627046	1.3912
3.35630464	1.4091
3.30187077	1.4286
3.26922096	1.4382
3.27164008	1.4216
3.29871235	1.3884
3.33250485	1.3576
3.35731019	1.3322
3.37406644	1.3131
3.38114827	1.307
3.37055155	1.3273
3.33816136	1.3735
3.3034555	1.4187
3.28610883	1.4396
3.30094076	1.4315
3.3439825	1.3977
3.39914944	1.3682
3.44187767	1.3532
3.46912962	1.3437
3.4731525	1.3429
3.45534163	1.3668
3.41372364	1.3972
3.36421751	1.4282
3.32249421	1.4403
3.29281204	1.4273
3.2890205	1.3928
3.30441228	1.3484
3.32569665	1.3031
3.32295892	1.275
3.30452936	1.2884
3.29433975	1.3385
3.2935573	1.3993
3.29215946	1.453
3.29317143	1.5004
3.2947084	1.5305
3.30540315	1.5331
3.33822999	1.5042
3.39642791	1.4544
3.44699235	1.3976
3.45708637	1.3429
3.43923308	1.3054
3.40902397	1.2979
3.3756685	1.3286
3.3329454	1.3754
3.28316442	1.4292
3.248845	1.474
3.24259844	1.4975
3.26957331	1.4893
3.32262761	1.4406
3.38274483	1.3646
3.43155286	1.2872
3.45546562	1.2287
3.43414105	1.2109
3.38394088	1.2327
3.3452836	1.2718
3.33310732	1.3212
3.3447195	1.3776
3.36847604	1.4353
3.39830279	1.4801
3.43085295	1.4921
3.46328724	1.4638
3.49983322	1.4107
3.53721375	1.3541
3.55635139	1.3185
3.54362398	1.3138
3.50726523	1.3468
3.46557702	1.3927
3.41906042	1.4366
3.39622113	1.4666
3.41301138	1.4789
3.46467088	1.4647
3.53081834	1.427
3.56765155	1.3842
3.56111171	1.3505
3.512597	1.3414
3.46561707	1.358
3.41817292	1.4104
3.37153821	1.4562
3.33200805	1.4619
3.31638826	1.4155
3.32651184	1.3259
3.35325963	1.2193
3.38843415	1.1114
3.43065717	1.0298
3.4828002	0.9944
3.52139085	1.0445
3.51997538	1.194
3.45888621	1.3524
3.38806807	1.4345
3.34667352	1.459
3.35031246	1.448
3.39467405	1.4034
3.45895325	1.3278
3.52138206	1.232
3.58573059	1.1527
3.65587388	1.1242
3.6712747	1.1608
3.61570898	1.236
3.51871465	1.352
3.43595953	1.4654
3.3824912	1.5528
3.35696983	1.5848
3.35091946	1.571
3.35459924	1.5143
3.37269345	1.4133
3.41714574	1.292
3.47729302	1.1912
3.52062851	1.1382
3.52779321	1.1275
3.48510742	1.1838
3.41818395	1.2758
3.35475321	1.3555
3.3209044	1.4024
3.32457962	1.4083
3.35544657	1.3892
3.40269148	1.3384
3.45300501	1.2723
3.52895824	1.2209
3.61110841	1.2022
3.6324971	1.2128
3.57347192	1.2392
3.47706727	1.2797
3.40556052	1.3219
3.38631859	1.3435
3.41056677	1.3464
3.47316545	1.3291
3.57171705	1.2954
3.67768272	1.2558
3.74920523	1.1898
3.75013825	1.1332
3.68863338	1.0976
3.58998282	1.0661
3.49074696	1.0131
3.40553498	1.007
3.36230343	1.1153
3.3513859	1.2904
3.36792679	1.3755
3.42378393	1.3501
3.51405311	1.287
3.58875036	1.2386
3.60520467	1.2222
3.56964086	1.2402
3.51862372	1.2705
3.46231513	1.3156
3.413048	1.3602
3.36572752	1.3971
3.34901381	1.4024
3.36658043	1.3771
3.42446894	1.3353
3.4978588	1.3075
3.57459696	1.2885
3.62023034	1.2902
3.61031705	1.3191
3.56823261	1.362
3.51110018	1.4056
3.4698706	1.4086
3.44829949	1.3586
3.43354444	1.2919
3.4224922	1.2491
3.41480392	1.2227
3.42203414	1.1815
3.46023534	1.1361
3.50546432	1.1212
3.50573671	1.1483
3.45620225	1.2157
3.39621458	1.2852
3.36155471	1.3214
3.36720787	1.2928
3.39696301	1.2403
3.44429744	1.2291
3.49768211	1.2536
3.5388169	1.2489
3.56491307	1.2342
3.57090368	1.2313
3.53483019	1.2475
3.45710712	1.2869
3.38034292	1.3544
3.34843983	1.4333
3.35363157	1.4907
3.3872029	1.4962
3.42414143	1.456
3.44365734	1.4101
3.44580605	1.3699
3.44878695	1.316
3.44278972	1.2657
3.39832739	1.2462
3.31806328	1.2792
3.24097202	1.3464
3.19932191	1.3928
3.20119173	1.4035
3.23217359	1.3877
3.28961492	1.3663
3.3580824	1.3432
3.42254892	1.3085
3.44969875	1.2956
3.43172888	1.3033
3.38420543	1.3312
3.33244895	1.3666
3.28649929	1.39
3.2544701	1.4045
3.23765815	1.4191
3.23806876	1.4163
3.266178	1.3865
3.32413815	1.3359
3.38678121	1.2916
3.41345067	1.2855
3.38450278	1.3073
3.32009807	1.3323
3.25191849	1.3611
3.20892496	1.3978
3.19961304	1.4328
3.21144253	1.4494
3.23145446	1.4318
3.25532236	1.3956
3.29117622	1.3614
3.34185923	1.3364
3.39839914	1.3181
3.42772895	1.3219
3.42454755	1.3394
3.39263651	1.3846
3.36452655	1.4263
3.34071413	1.454
3.32833315	1.4539
3.32860427	1.4277
3.34163431	1.3762
3.36606008	1.312
3.39400531	1.2556
3.41489581	1.2254
3.40796772	1.2387
3.39231118	1.2966
3.37945043	1.3611
3.35901574	1.4041
3.33882612	1.4299
3.31795189	1.4412
3.30153374	1.438
3.28513022	1.4121
3.2917258	1.3566
3.31965364	1.3059
3.34951688	1.2558
3.35459892	1.2436
3.33852877	1.268
3.32813517	1.3262
3.33413744	1.3963
3.34378597	1.4345
3.34857637	1.4424
3.36329088	1.4545
3.37808869	1.4596
3.38900931	1.4456
3.37996074	1.4056
3.35635013	1.3709
3.32137528	1.3636
3.28024732	1.3894
3.24610702	1.4171
3.23264998	1.4385
3.25251421	1.4259
3.30805705	1.3984
3.38113597	1.3629
3.43846419	1.3309
3.47645287	1.3079
3.49671667	1.2989
3.47309512	1.3213
3.39513326	1.3662
3.30435039	1.425
3.23277626	1.4642
3.18378617	1.4792
3.16382252	1.4764
3.16457238	1.4445
3.17689661	1.3787
3.21750393	1.2924
3.30462981	1.2099
3.40803479	1.1656
3.4576078	1.179
3.43061404	1.2497
3.36914969	1.3625
3.31699135	1.4731
3.27922932	1.5351
3.26315937	1.5503
3.26058784	1.5508
3.26304269	1.5284
3.27313009	1.4525
3.31691803	1.3404
3.39787944	1.2539
3.45309695	1.2262
3.43666471	1.27
3.37386382	1.3415
3.30345296	1.4201
3.24827334	1.4765
3.21178764	1.5007
3.19216244	1.5153
3.19133981	1.5275
3.20631033	1.5154
3.23442751	1.475
3.27136596	1.4264
3.2981519	1.4027
3.29983417	1.4128
3.28722088	1.4445
3.26886456	1.4639
3.24245396	1.4553
3.21090504	1.4474
3.19535806	1.4439
3.21031262	1.4267
3.26226176	1.3811
3.33298122	1.3322
3.39526291	1.2915
3.43152865	1.2885
3.4478467	1.3185
3.44841226	1.3619
3.42575371	1.3966
3.38607443	1.4154
3.34559306	1.4326
3.3291926	1.434
3.35502569	1.4046
3.39998076	1.3639
3.44519792	1.3255
3.4675995	1.3173
3.47979363	1.3325
3.47332221	1.3591
3.43573058	1.4004
3.38358093	1.4398
3.33520936	1.4861
3.3125548	1.5012
3.32002341	1.4684
3.35822388	1.4113
3.42444099	1.3633
3.50227248	1.3218
3.5760131	1.2906
3.6236142	1.2836
3.6268956	1.3114
3.56482956	1.3642
3.47933208	1.4215
3.4082733	1.4739
3.3645884	1.4992
3.34588146	1.4847
3.35318933	1.4472
3.37683204	1.3898
3.43264559	1.3183
3.51397738	1.2661
3.57334431	1.246
3.56954498	1.2647
3.51534125	1.3075
3.45837063	1.3643
3.43214352	1.4147
3.41196722	1.4233
3.39290281	1.4054
3.38680565	1.3776
3.40581289	1.3304
3.45565982	1.2782
3.49566886	1.2498
3.47746271	1.249
3.4044456	1.2747
3.32364398	1.3373
3.27809587	1.3991
3.25850891	1.4515
3.25953564	1.4704
3.2709624	1.4754
3.29295499	1.4578
3.33013126	1.4176
3.39529141	1.3724
3.45465277	1.3583
3.47493409	1.3844
3.44589588	1.4157
3.38932721	1.4288
3.33717134	1.4381
3.30903944	1.4562
3.30500541	1.4706
3.31177748	1.4572
3.32788882	1.4206
3.3492596	1.3793
3.37193069	1.3663
3.38703534	1.3798
3.3963391	1.3837
3.38781537	1.3758
3.36657017	1.3688
3.34257211	1.3902
3.32105217	1.4108
3.30123841	1.4089
3.29482871	1.4042
3.30618846	1.4065
3.31847236	1.4214
3.32016973	1.4249
3.30870059	1.4247
3.30043882	1.4266
3.30338766	1.4445
3.3040439	1.4655
3.29386417	1.4787
3.28079362	1.471
3.28137852	1.4649
3.30014037	1.4742
3.31778225	1.4943
3.32705502	1.5121
3.3172707	1.5252
3.30578872	1.5375
3.29023558	1.5513
3.27051559	1.557
3.25023716	1.5376
3.24548841	1.5012
3.25976082	1.4693
3.27923622	1.4418
3.29801826	1.4073
3.32491225	1.378
3.35120508	1.376
3.3402926	1.4127
3.29180675	1.464
3.23957014	1.4989
3.20873945	1.515
3.20938632	1.5163
3.22526251	1.5056
3.24608181	1.4781
3.28486329	1.41
3.35817818	1.3266
3.46389843	1.252
3.52445123	1.216
3.5027646	1.2113
3.42204493	1.2368
3.35292187	1.2843
3.31273275	1.3456
3.29474513	1.3982
3.28121985	1.4396
3.27991964	1.4654
3.2983278	1.4681
3.33561941	1.4481
3.37757276	1.4176
3.40406741	1.3899
3.39698437	1.3789
3.35996162	1.3937
3.32800025	1.412
3.31184703	1.4276
3.2989188	1.4541
3.28071461	1.5017
3.27141506	1.5316
3.28944936	1.5219
3.33605391	1.4841
3.40330847	1.4375
3.46272407	1.3966
3.49175342	1.3577
3.50041774	1.3151
3.49721446	1.2991
3.48171443	1.3216
3.4377975	1.3828
3.39478695	1.4382
3.38282643	1.457
3.40899077	1.436
3.46025433	1.4061
3.50957899	1.3631
3.5460265	1.2973
3.5640281	1.225
3.56394517	1.1801
3.5341817	1.1849
3.46868577	1.2276
3.3849769	1.2984
3.33111806	1.3696
3.31537681	1.4275
3.33745948	1.4397
3.37985904	1.4251
3.43350086	1.388
3.47925636	1.3635
3.48366688	1.3499
3.45233452	1.3372
3.41969234	1.3416
3.38747683	1.3714
3.34931971	1.4257
3.31355922	1.4796
3.2941411	1.4967
3.30267341	1.4797
3.35211612	1.4301
3.41496734	1.36
3.45831122	1.288
3.45911862	1.2249
3.42853691	1.1799
3.37502352	1.1672
3.31769671	1.1771
3.26590523	1.2002
3.23259226	1.2339
3.23112349	1.267
3.26508449	1.2911
3.33533432	1.2845
3.42562243	1.2503
3.50065493	1.2184
3.50831123	1.2145
3.42869582	1.2382
3.3429201	1.293
3.30531454	1.36
3.29049658	1.3932
3.27786416	1.4087
3.28018387	1.415
3.30945662	1.4055
3.37945668	1.3561
3.49132162	1.2795
3.59012133	1.2073
3.59772526	1.1653
3.5166038	1.1819
3.42478841	1.2766
3.36246476	1.4207
3.32520428	1.5326
3.30243153	1.5741
3.28534864	1.5754
3.28152873	1.5704
3.30068326	1.5361
3.35399076	1.447
3.41682862	1.3407
3.43923551	1.269
3.40005404	1.2873
3.33445164	1.3916
3.2912626	1.523
3.26802628	1.5845
3.2402595	1.5799
3.21533304	1.5635
3.21821529	1.5637
3.253154	1.5087
3.3277592	1.3765
3.41007516	1.238
3.45125426	1.1724
3.44409371	1.1943
3.41641073	1.286
3.36851402	1.4041
3.30874261	1.51
3.26854919	1.5906
3.26859696	1.6366
3.29562061	1.6472
3.33477162	1.6122
3.37363661	1.5359
3.40700951	1.4532
3.44430871	1.3982
3.49361446	1.3663
3.51773631	1.3664
3.48878662	1.3896
3.43646337	1.4163
3.40158258	1.4296
3.40377644	1.4242
3.43236756	1.4122
3.46309691	1.3911
3.48590011	1.3668
3.51948054	1.3478
3.57207778	1.3487
3.6133743	1.3873
3.60594028	1.4415
3.57066462	1.4692
3.5324814	1.4594
3.52507634	1.4191
3.53624623	1.3635
3.5420775	1.3195
3.55612611	1.2619
3.57137159	1.2063
3.62005928	1.1801
3.656971	1.1919
3.66091689	1.2354
3.61537944	1.2772
3.54922438	1.3168
3.48309685	1.3628
3.43353582	1.4089
3.39044078	1.4379
3.37338384	1.4231
3.37795516	1.38
3.39125098	1.3285
3.41450161	1.2947
3.44661398	1.2621
3.4725899	1.2301
3.48398445	1.2187
3.45828881	1.2436
3.41730662	1.2902
3.37951701	1.3378
3.35680104	1.3654
3.35765775	1.3689
3.35490805	1.3744
3.35052875	1.3785
3.3642303	1.3616
3.40187103	1.3341
3.44332827	1.3253
3.45323175	1.3429
3.43400306	1.3727
3.40051932	1.3971
3.38250265	1.3938
3.38531679	1.3802
3.39695676	1.3805
3.40542812	1.3812
3.41237449	1.3704
3.43062286	1.3385
3.44684104	1.3169
3.44261146	1.3168
3.40139827	1.331
3.34851676	1.3363
3.29613967	1.3167
3.25140783	1.2775
3.22718167	1.2234
3.23019246	1.1872
3.26764533	1.1718
3.31972915	1.1708
3.35661906	1.1865
3.36254994	1.2133
3.35611839	1.242
3.34477554	1.2678
3.3310457	1.2942
3.31483671	1.3227
3.30254355	1.3424
3.3235029	1.3378
3.38013814	1.3187
3.45601486	1.2933
3.50099477	1.2809
3.50967189	1.27
3.50380417	1.2622
3.49513968	1.2712
3.46885009	1.2972
3.41381608	1.3304
3.35332073	1.3619
3.31090405	1.3737
3.2945703	1.3671
3.30461843	1.3418
3.33049408	1.303
3.37935917	1.2498
3.44333234	1.2081
3.51564799	1.1851
3.56635046	1.1799
3.58972162	1.1954
3.58134637	1.2362
3.55642305	1.2747
3.50847779	1.3049
3.46228714	1.3146
3.4336246	1.2972
3.44018888	1.2587
3.47821059	1.2045
3.52323611	1.1564
3.5466205	1.1231
3.54300268	1.1111
3.53606961	1.1236
3.52748185	1.1526
3.49846711	1.1898
3.45604289	1.2295
3.41758241	1.2748
3.40863145	1.3092
3.42173308	1.3334
3.43414161	1.3374
3.42981444	1.3298
3.41756668	1.3192
3.40779286	1.3051
3.41693086	1.2833
3.43226999	1.2596
3.44716225	1.2372
3.46054836	1.2209
3.47812428	1.2117
3.50542634	1.2065
3.52995548	1.2089
3.53319992	1.2303
3.51237876	1.2693
3.47330729	1.326
3.43254649	1.3675
3.39236326	1.4024
3.35830325	1.4269
3.33838011	1.4442
3.33466661	1.4357
3.35135777	1.3973
3.3877484	1.326
3.4488768	1.2356
3.50965953	1.1764
3.5512978	1.171
3.56050463	1.2108
3.53662385	1.2683
3.49238693	1.3219
3.44262886	1.3657
3.39691797	1.4075
3.37386201	1.4238
3.36933053	1.3976
3.38193651	1.3315
3.42379736	1.2509
3.46618665	1.2074
3.48793515	1.2071
3.49218137	1.2363
3.47353177	1.2829
3.44512053	1.3414
3.40723205	1.3986
3.38171115	1.4386
3.38157262	1.4406
3.42469046	1.3992
3.50588795	1.3341
3.59749837	1.2711
3.66271323	1.2241
3.6957874	1.2042
3.68974936	1.2275
3.64803792	1.2788
3.57597653	1.3529
3.50741887	1.4283
3.46671445	1.4854
3.45808183	1.5041
3.47165862	1.4812
3.50602946	1.4218
3.54129497	1.3511
3.564072	1.2882
3.55043501	1.2513
3.49829852	1.2398
3.41223194	1.251
3.32948236	1.2808
3.26907081	1.329
3.24800506	1.3795
3.26174706	1.406
3.29032093	1.3977
3.33311224	1.365
3.37995319	1.3209
3.41636377	1.2754
3.43796539	1.2585
3.4423592	1.2607
3.43241343	1.2676
3.42328287	1.2978
3.39302918	1.3448
3.34669276	1.3674
3.3163565	1.3561
3.32046121	1.3266
3.3493057	1.2779
3.38293692	1.2385
3.3907005	1.2345
3.38844677	1.2597
3.39198501	1.3097
3.39469907	1.3657
3.39798065	1.3994
3.38709321	1.4217
3.37739374	1.4287
3.39465915	1.4146
3.43033565	1.3813
3.46284214	1.3324
3.4625532	1.2874
3.43395451	1.2617
3.40653658	1.2644
3.39053474	1.2889
3.37417163	1.3239
3.3455039	1.367
3.31919718	1.4043
3.32928295	1.4208
3.36346374	1.4137
3.40755409	1.3847
3.43672295	1.3546
3.43549092	1.3394
3.41798179	1.34
3.39319635	1.3529
3.36072647	1.3744
3.32138314	1.4
3.28776534	1.4175
3.2777336	1.4232
3.29277	1.411
3.31457127	1.3792
3.33057855	1.3311
3.34571536	1.2889
3.36488403	1.2601
3.38121135	1.2453
3.37355931	1.2442
3.33556108	1.2623
3.28308738	1.2994
3.24822934	1.3474
3.24057208	1.3762
3.25166159	1.3793
3.27036809	1.3606
3.30188275	1.3188
3.35600177	1.265
3.42901714	1.2172
3.50306628	1.1757
3.55099417	1.151
3.56388267	1.1418
3.53176636	1.161
3.48543022	1.1987
3.45088127	1.2444
3.44033099	1.2718
3.44372728	1.273
3.44456145	1.2598
3.45439254	1.2295
3.4867483	1.2021
3.53823538	1.1846
3.57829803	1.1762
3.57071835	1.1746
3.52106364	1.1951
3.46903482	1.2347
3.42924753	1.2774
3.39925435	1.2934
3.36431414	1.2862
3.32908826	1.2843
3.31409648	1.2928
3.33229831	1.2888
3.37720183	1.2738
3.41956903	1.2671
3.43927391	1.2738
3.4549063	1.2964
3.47529505	1.3201
3.49831684	1.3299
3.50364699	1.3326
3.48219047	1.3306
3.43982595	1.3261
3.38850465	1.3225
3.34415572	1.3178
3.32762732	1.3149
3.33479957	1.3298
3.34952984	1.3615
3.36327511	1.4029
3.37519994	1.4459
3.3932663	1.4797
3.41950035	1.4918
3.43313783	1.4894
3.42234902	1.4833
3.38976019	1.4773
3.37146109	1.4511
3.38699433	1.411
3.41405213	1.3738
3.4134211	1.3657
3.38793061	1.3777
3.36339147	1.3884
3.35757017	1.3866
3.37247352	1.3784
3.38706561	1.3768
3.40941285	1.3805
3.43547899	1.3832
3.46496066	1.38
3.48924787	1.3903
3.48210814	1.4129
3.45068447	1.4498
3.39786408	1.4822
3.3494963	1.4846
3.31516559	1.4689
3.30177637	1.4329
3.30164825	1.3871
3.31389551	1.3467
3.33097028	1.3104
3.35481201	1.2863
3.38935442	1.2764
3.40777616	1.2908
3.39946801	1.324
3.36050688	1.3628
3.30906084	1.3652
3.27272607	1.3037
3.24485675	1.1874
3.22467554	1.0972
3.21648363	1.0816
3.23624052	1.1174
3.28825874	1.1677
3.3445419	1.2418
3.36971495	1.318
3.35604948	1.3782
3.3193957	1.4364
3.28750957	1.4846
3.28235435	1.5053
3.29687088	1.4995
3.31934078	1.4723
3.33672816	1.433
3.36344465	1.3872
3.40340777	1.3573
3.44152944	1.3565
3.44854016	1.3907
3.43196067	1.4384
3.39885384	1.4839
3.37256353	1.5153
3.36302158	1.5203
3.35901776	1.4958
3.35485826	1.4462
3.35459472	1.3881
3.36650277	1.3276
3.40158997	1.2873
3.42325566	1.2749
3.41461313	1.3067
3.3850296	1.3702
3.35379169	1.446
3.33505034	1.4972
3.32720815	1.5102
3.32611433	1.4945
3.32459602	1.4877
3.332567	1.4755
3.35884437	1.4628
3.41167695	1.4405
3.4512333	1.4157
3.45506972	1.3907
3.4268686	1.3843
3.39362122	1.3923
3.38599986	1.4033
3.385482	1.4231
3.37766135	1.4488
3.36279402	1.4914
3.36197023	1.527
3.38419533	1.5393
3.41141937	1.5392
3.40889986	1.5433
3.38697974	1.5492
3.35749805	1.5548
3.33648039	1.5361
3.33495148	1.5016
3.33398076	1.4685
3.33182898	1.4487
3.33790957	1.4326
3.35614943	1.4122
3.38700091	1.3852
3.40996217	1.3741
3.4135874	1.3882
3.3954353	1.4235
3.36850717	1.4502
3.33337924	1.4788
3.31333431	1.5107
3.30869635	1.5321
3.31259067	1.5362
3.31712278	1.5276
3.32133445	1.5137
3.33983815	1.4894
3.37642883	1.4527
3.41504478	1.4183
3.43238974	1.4106
3.41421265	1.4324
3.38580628	1.4513
3.38022363	1.4449
3.39601563	1.4179
3.41376087	1.3983
3.42695786	1.3915
3.44295519	1.3755
3.47692915	1.3413
3.51884703	1.3056
3.53340686	1.2994
3.51193587	1.3205
3.47432867	1.3421
3.44406902	1.3588
3.44468528	1.3764
3.44835508	1.406
3.45091964	1.4344
3.46770961	1.4403
3.49981142	1.415
3.53368583	1.391
3.56412528	1.3774
3.57918301	1.3844
3.57545506	1.4034
3.54847842	1.4215
3.51171257	1.4407
3.48510189	1.4599
3.46830911	1.4875
3.45673931	1.515
3.454305	1.5248
3.46509379	1.5151
3.49285181	1.4849
3.50897511	1.4541
3.50126058	1.4347
3.47897511	1.4247
3.46338506	1.4217
3.46863722	1.4337
3.48682264	1.4522
3.49788586	1.4827
3.50651853	1.5047
3.53218974	1.5053
3.58206769	1.4888
3.61585085	1.483
3.61957713	1.4743
3.58381616	1.466
3.54831274	1.4584
3.51820261	1.4591
3.49242245	1.4631
3.4517494	1.4664
3.42247867	1.458
3.43445709	1.4298
3.48535651	1.379
3.54913457	1.3162
3.59922127	1.2573
3.61855245	1.2168
3.61859	1.2078
3.60032602	1.2383
3.55802478	1.3036
3.49521174	1.3964
3.43325137	1.4906
3.40074855	1.5459
3.38872306	1.5631
3.40184213	1.5339
3.44553237	1.4872
3.50384239	1.4482
3.54002866	1.4134
3.54076944	1.3846
3.53810582	1.3636
3.53087794	1.3664
3.50899687	1.4002
3.46622692	1.4519
3.4307985	1.476
3.4126287	1.4557
3.42782637	1.4096
3.47450913	1.37
3.52783018	1.3328
3.55674546	1.2984
3.56745901	1.2793
3.57693753	1.2719
3.59495029	1.2854
3.61047365	1.3101
3.61011459	1.3358
3.58772736	1.3533
3.57412287	1.3546
3.58189303	1.3455
3.60508757	1.3197
3.58953519	1.304
3.54818516	1.2981
3.49964566	1.3041
3.46944394	1.3169
3.44021627	1.3431
3.40120642	1.3805
3.36262153	1.4516
3.35393783	1.4998
3.36600514	1.4975
3.40600304	1.4757
3.44336297	1.4695
3.45217203	1.4746
3.43172496	1.4671
3.40015985	1.4523
3.38495299	1.4298
3.37038453	1.4445
3.3569831	1.4624
3.3495083	1.4764
3.36624361	1.4656
3.40090198	1.4352
3.4447624	1.4109
3.49099978	1.3795
3.51851541	1.3448
3.50818596	1.3051
3.46390135	1.2878
3.40766801	1.3042
3.38463799	1.3363
3.39471196	1.3584
3.41606832	1.3661
3.42523444	1.3647
3.43362691	1.3536
3.45685937	1.3368
3.48784802	1.3116
3.50844692	1.2726
3.49411356	1.2465
3.45840388	1.2608
3.42552863	1.3128
3.3990308	1.376
3.38469163	1.4366
3.38628184	1.4909
3.39428498	1.5393
3.40961003	1.5602
3.43212788	1.5512
3.44840081	1.5245
3.45647597	1.4976
3.44123973	1.4891
3.41615175	1.4873
3.39834277	1.4959
3.38366637	1.5024
3.36893418	1.5137
3.35463774	1.5169
3.34959262	1.5031
3.37135879	1.4599
3.41232634	1.3911
3.47123527	1.3187
3.53715145	1.2647
3.57221163	1.2392
3.54955087	1.2438
3.48890611	1.2796
3.43660076	1.3395
3.39506943	1.3886
3.36478363	1.4052
3.35627035	1.3816
3.38146892	1.3384
3.45192196	1.2917
3.53575738	1.2391
3.60517345	1.1892
3.62738343	1.1639
3.61165667	1.1886
3.5821029	1.2778
3.54971399	1.3889
3.51287283	1.4868
3.48483076	1.5483
3.46851878	1.5775
3.4753156	1.5679
3.50226965	1.5236
3.53017382	1.4479
3.54204648	1.3657
3.51955788	1.3015
3.48809371	1.2676
3.46204639	1.2697
3.4336642	1.3021
3.40727745	1.3574
3.39458351	1.4178
3.40400167	1.4553
3.43718296	1.4629
3.4790653	1.4561
3.51402508	1.4552
3.5333687	1.4576
3.53431413	1.4502
3.53217019	1.4444
3.53111486	1.4444
3.52406743	1.4442
3.51322663	1.4389
3.50640011	1.4087
3.50667301	1.3759
3.52390545	1.3459
3.55486509	1.3256
3.58485194	1.3118
3.59798221	1.3093
3.57223245	1.3232
3.53433268	1.3473
3.50492451	1.3848
3.47703185	1.4345
3.45426792	1.474
3.43470794	1.4926
3.43688157	1.4928
3.45700883	1.4834
3.4799806	1.4741
3.4915284	1.4697
3.48630729	1.4569
3.48019701	1.434
3.47718173	1.4229
3.47125197	1.4348
3.45507916	1.4515
3.43329129	1.4704
3.41473248	1.4691
3.40951423	1.4686
3.43258248	1.4732
3.46301569	1.4856
3.48496582	1.4917
3.48421601	1.4902
3.46589503	1.4976
3.44797115	1.51
3.4305729	1.5156
3.40132406	1.5026
3.35624222	1.474
3.31404215	1.4455
3.29273895	1.4065
3.30696603	1.3684
3.34185367	1.3342
3.38429661	1.3158
3.42371797	1.3207
3.43919514	1.3613
3.45135823	1.4083
3.44952907	1.4572
3.43143514	1.4922
3.4066896	1.5118
3.38073192	1.5162
3.35588857	1.5093
3.34494857	1.4962
3.34737597	1.4805
3.37271322	1.4499
3.39814008	1.4179
3.39579441	1.4112
3.38692947	1.4371
3.38229885	1.4892
3.37944647	1.5308
3.363805	1.5491
3.34440486	1.5605
3.34068057	1.5704
3.35263896	1.566
3.36696139	1.5384
3.36731752	1.4963
3.36336258	1.4519
3.3723723	1.4155
3.39400104	1.3902
3.40213291	1.3738
3.38816943	1.3644
3.36532367	1.3732
3.34405806	1.3909
3.33926331	1.3942
3.33546196	1.3876
3.33789302	1.377
3.3594165	1.3601
3.40571732	1.3379
3.4564032	1.3068
3.49171046	1.2791
3.49688597	1.2601
3.49131349	1.2588
3.4852546	1.2768
3.45654885	1.3119
3.41438323	1.3463
3.39007963	1.3745
3.38840556	1.3994
3.39702163	1.4276
3.41041062	1.4477
3.43977963	1.4567
3.47929214	1.4373
3.5088504	1.414
3.52717853	1.3875
3.52762079	1.3712
3.51686166	1.3618
3.49533125	1.3645
3.46101079	1.3718
3.42342201	1.3918
3.40366412	1.4193
3.40152078	1.4486
3.41519406	1.4633
3.42523012	1.4448
3.43157435	1.4103
3.43376398	1.3805
3.44160074	1.3632
3.45170883	1.3403
3.46292139	1.316
3.45348762	1.3038
3.44134007	1.3052
3.43906557	1.3121
3.4490427	1.3267
3.47114175	1.3439
3.48596945	1.3682
3.47772745	1.4034
3.45322533	1.4433
3.42444222	1.4807
3.40426885	1.5035
3.39587571	1.4954
3.3900952	1.4691
3.38363497	1.433
3.37708337	1.4073
3.39858408	1.3811
3.45201413	1.3513
3.49731355	1.3292
3.51807808	1.3379
3.51909379	1.3589
3.52174868	1.3805
3.53445766	1.3933
3.54480241	1.4022
3.54461443	1.4054
3.54151806	1.4059
3.55017184	1.3984
3.56441939	1.3838
3.57076759	1.3695
3.56242129	1.3587
3.55249393	1.3472
3.54444408	1.3522
3.5307997	1.3624
3.5100876	1.3799
3.49290363	1.3947
3.47999002	1.4246
3.46785771	1.4443
3.44813571	1.4551
3.42969894	1.4468
3.42286954	1.4357
3.41675293	1.4272
3.40561577	1.4233
3.38235957	1.4142
3.35918315	1.3891
3.35082494	1.3589
3.3438783	1.3455
3.32740241	1.3648
3.30535394	1.3976
3.3016683	1.429
3.32250172	1.4574
3.34980336	1.459
3.35810163	1.4624
3.35289463	1.4596
3.35360589	1.4427
3.37092963	1.4077
3.39627484	1.3721
3.40264101	1.3496
3.37463702	1.3483
3.33821961	1.3646
3.31884313	1.3708
3.32002969	1.3831
3.32323597	1.4057
3.32509052	1.4233
3.33257842	1.4386
3.3642358	1.4334
3.41050022	1.4169
3.45136343	1.402
3.46195975	1.3994
3.45263977	1.4141
3.43778243	1.4254
3.41531437	1.4189
3.39327682	1.408
3.37575215	1.4095
3.36583091	1.4047
3.36984835	1.402
3.38310214	1.3843
3.4069875	1.3663
3.43546582	1.359
3.45149635	1.3687
3.43260631	1.3941
3.38877182	1.4264
3.34797819	1.444
3.3339657	1.4434
3.32247512	1.4387
3.30272722	1.4178
3.2855543	1.3762
3.29010547	1.3296
3.32749233	1.2849
3.37790223	1.2634
3.401444	1.2679
3.38257388	1.3047
3.34541071	1.3648
3.3203866	1.4156
3.31238981	1.4558
3.31026275	1.4812
3.31240455	1.491
3.32533885	1.4796
3.36116339	1.4394
3.41502776	1.3902
3.47059005	1.3506
3.50396338	1.3356
3.49818754	1.3392
3.46737979	1.3557
3.42590087	1.3787
3.3889735	1.4063
3.35178928	1.4477
3.31885847	1.4757
3.29103079	1.4783
3.27470811	1.4672
3.29026452	1.4539
3.31803573	1.4406
3.33962761	1.4309
3.3481992	1.4056
3.35555817	1.3742
3.38033722	1.3439
3.41642519	1.3277
3.41938484	1.3324
3.39786512	1.3456
3.36029969	1.3537
3.33414376	1.3536
3.32194754	1.352
3.31461344	1.3594
3.31120181	1.3561
3.31272144	1.3407
3.32032	1.3099
3.34635756	1.2917
3.37563777	1.291
3.40711394	1.2946
3.41837705	1.296
3.40772964	1.3021
3.39403306	1.3174
3.39080518	1.3369
3.39872312	1.3565
3.38987675	1.3763
3.37497311	1.3826
3.36831339	1.3939
3.39074764	1.4172
3.43116322	1.4247
3.4718659	1.4095
3.49120457	1.374
3.49270364	1.3624
3.49933924	1.3752
3.52299714	1.3865
3.53691105	1.3848
3.52476139	1.3905
3.48509138	1.4152
3.45144709	1.4418
3.44206805	1.4532
3.44123689	1.4379
3.44535202	1.4089
3.46365024	1.3698
3.49489634	1.3311
3.53840228	1.2921
3.57265758	1.2601
3.59017753	1.2372
3.5782619	1.2279
3.54085429	1.2385
3.50006451	1.2642
3.47314001	1.3035
3.46581246	1.3358
3.45671693	1.38
3.4455717	1.4198
3.43984641	1.4386
3.45885749	1.4406
3.49414726	1.4323
3.52352099	1.4242
3.52091837	1.4205
3.479241	1.4136
3.45249663	1.4129
3.44715869	1.4268
3.43227793	1.4567
3.39795964	1.4808
3.3723302	1.4848
3.38321265	1.458
3.42899308	1.4258
3.47424133	1.4032
3.4891408	1.3899
3.49321324	1.3897
3.51209739	1.3913
3.52575987	1.4053
3.49974295	1.4426
3.45233228	1.478
3.42030197	1.4805
3.41279934	1.4414
3.42693298	1.402
3.45181679	1.3718
3.46485026	1.3516
3.47194943	1.3288
3.48064413	1.3293
3.47731124	1.3627
3.45536912	1.4297
3.4224864	1.5027
3.39535721	1.5436
3.37421631	1.543
3.36097691	1.5218
3.35627118	1.4879
3.36279108	1.4337
3.37617895	1.3746
3.3849465	1.3253
3.37513183	1.3126
3.36434643	1.3292
3.3816559	1.3611
3.39738476	1.3966
3.40213711	1.4189
3.39772009	1.4333
3.40866026	1.4265
3.42821968	1.4074
3.45006872	1.374
3.45891468	1.3421
3.44533391	1.3265
3.42235149	1.3191
3.40097157	1.3304
3.39554157	1.3526
3.39992161	1.3738
3.41324129	1.3806
3.4283215	1.3562
3.45344575	1.3085
3.47509086	1.2628
3.49993995	1.2392
3.5041447	1.246
3.47030061	1.2755
3.40338815	1.3206
3.33084859	1.384
3.28782517	1.4471
3.26980255	1.4888
3.26969942	1.4996
3.28826063	1.4782
3.32983886	1.4274
3.3971722	1.3667
3.4738187	1.3081
3.54713778	1.2679
3.57769956	1.2601
3.55546694	1.2844
3.48247539	1.3442
3.41155212	1.4156
3.35822178	1.4656
3.33578361	1.4774
3.33644025	1.4549
3.36660461	1.4232
3.42254317	1.3842
3.50060941	1.3404
3.58250401	1.2989
3.61399297	1.2738
3.57809149	1.2762
3.4948553	1.311
3.41684941	1.3659
3.35615174	1.4059
3.31923332	1.4297
3.30729885	1.4348
3.33334136	1.4364
3.39438403	1.4239
3.47369008	1.3973
3.54235482	1.3657
3.5641684	1.3571
3.55875658	1.3704
3.53307978	1.4085
3.49302812	1.456
3.44646917	1.4954
3.41019911	1.515
3.38329089	1.509
3.3698303	1.4751
3.36700754	1.4217
3.37149776	1.3633
3.38192964	1.3354
3.39843195	1.334
3.41598225	1.3479
3.42481593	1.3673
3.41614529	1.398
3.40238872	1.4342
3.3898277	1.4545
3.38303617	1.4449
3.38650518	1.4147
3.41096207	1.3693
3.4553061	1.3302
3.50330873	1.2958
3.53051826	1.2839
3.52726421	1.3017
3.50376631	1.3572
3.48602796	1.4183
3.48234082	1.4638
3.4750546	1.4703
3.46718958	1.4457
3.47717747	1.4091
3.50958162	1.3602
3.5543388	1.296
3.58097889	1.2266
3.56468845	1.1821
3.51780901	1.1755
3.47488466	1.2102
3.45761629	1.2564
3.45424661	1.2958
3.45088254	1.3254
3.46073527	1.3382
3.5011114	1.3426
3.56939741	1.3255
3.6331591	1.2931
3.6596877	1.2591
3.62993645	1.2488
3.58214256	1.2682
3.5418642	1.2994
3.49726036	1.3237
3.43107042	1.3342
3.3702014	1.3323
3.34370708	1.3137
3.35804495	1.2853
3.38582275	1.2486
3.39589397	1.2157
3.39553255	1.1891
3.39513056	1.196
3.4025562	1.248
3.39170772	1.3276
3.36616332	1.3915
3.33973619	1.4212
3.32740563	1.4082
3.34289091	1.365
3.38766396	1.3152
3.45784802	1.2601
3.52860848	1.2192
3.57456516	1.2003
3.5688782	1.2197
3.52239442	1.2816
3.46364978	1.3609
3.40910601	1.4217
3.36081601	1.4456
3.32320131	1.4274
3.32469217	1.3797
3.38151899	1.3088
3.47417171	1.2194
3.55276597	1.1363
3.59768893	1.08
3.61310667	1.0595
3.62242597	1.0724
3.59827555	1.122
3.52738164	1.1907
3.44850853	1.2558
3.39800152	1.2919
3.40431978	1.295
3.45479457	1.2617
3.51811618	1.21
3.5754741	1.1615
3.61902463	1.1145
3.63853865	1.0937
3.65312282	1.1005
3.65207115	1.1319
3.63321992	1.1727
3.58763832	1.216
3.5261144	1.2556
3.47446732	1.2966
3.45774823	1.3229
3.45981649	1.3253
3.44738211	1.313
3.41852656	1.3019
3.38670695	1.3032
3.38988937	1.3001
3.43576078	1.283
3.48919287	1.2494
3.49809511	1.2242
3.47575776	1.2097
3.49086698	1.2071
3.55087261	1.2163
3.57390663	1.2464
3.52573037	1.2798
3.44044192	1.3179
3.38188085	1.3419
3.37125306	1.3275
3.38977407	1.2914
3.39806454	1.2491
3.39775981	1.1999
3.43942462	1.1327
3.53509922	1.0714
3.62103352	1.04
3.63374145	1.0383
3.58979661	1.0616
3.54010707	1.1004
3.49139844	1.1629
3.43880898	1.2384
3.3868715	1.3066
3.35423883	1.3473
3.35303278	1.3489
3.37992865	1.3241
3.41052943	1.2815
3.42560073	1.2245
3.42134977	1.1633
3.41655663	1.105
3.38963779	1.0823
3.34302925	1.0983
3.30895696	1.1463
3.3048543	1.214
3.323724	1.2827
3.33807667	1.3389
3.35051547	1.3726
3.37503286	1.3853
3.42078002	1.3779
3.46617985	1.3508
3.48321491	1.3055
3.47396995	1.2532
3.47082529	1.2206
3.4808807	1.2165
3.48547974	1.2268
3.46632244	1.2486
3.43254566	1.2705
3.40683195	1.2866
3.39509991	1.294
3.38666489	1.2955
3.3659669	1.2895
3.34738004	1.2745
3.36046996	1.2505
3.39921198	1.2403
3.43601597	1.2488
3.45680588	1.2769
3.48101333	1.2965
3.50829672	1.3027
3.54756594	1.2951
3.57693389	1.2895
3.5885634	1.2855
3.57895366	1.2737
3.53781098	1.2575
3.47534602	1.238
3.41173816	1.2394
3.35894947	1.265
3.32727287	1.3055
3.32086662	1.3281
3.33082025	1.3392
3.36852227	1.3347
3.42224087	1.3298
3.47895082	1.3066
3.51173972	1.2753
3.50688032	1.2526
3.47470922	1.2626
3.43359416	1.3079
3.39250488	1.3682
3.37057723	1.3986
3.35743419	1.4147
3.35687645	1.4133
3.37527373	1.4004
3.4063363	1.3708
3.43566004	1.3215
3.42990882	1.2721
3.38993679	1.2531
3.33801973	1.2878
3.30629533	1.3628
3.29139496	1.4259
3.27357378	1.4626
3.26637312	1.4722
3.28555648	1.474
3.33354198	1.4713
3.39993224	1.4376
3.46127978	1.3729
3.50173265	1.3066
3.52181697	1.2614
3.5228167	1.2705
3.49990298	1.3323
3.45646199	1.4015
3.41219196	1.4545
3.3821787	1.475
3.38213949	1.4619
3.40089861	1.4251
3.43305368	1.3793
3.46566169	1.3316
3.47695514	1.2981
3.46283487	1.2985
3.44627337	1.3341
3.42798035	1.4039
3.40634443	1.4693
3.37008164	1.5074
3.33112262	1.5017
3.30907221	1.4696
3.32528586	1.425
3.38281876	1.3674
3.43723136	1.3172
3.4663767	1.2766
3.45966265	1.2932
3.45186011	1.352
3.44295998	1.4581
3.41476886	1.5614
3.37517932	1.6196
3.33489028	1.6351
3.30930427	1.6234
3.30254718	1.567
3.30976382	1.4533
3.31604502	1.3227
3.31466305	1.2347
3.31749978	1.2053
3.33444538	1.2281
3.34889786	1.2757
3.34329714	1.3461
3.32892634	1.423
3.3264211	1.4915
3.34913128	1.5182
3.38010281	1.5053
3.40064476	1.4647
3.40999081	1.4094
3.39814367	1.3773
3.38677896	1.3621
3.36701092	1.3763
3.3393442	1.4042
3.30932712	1.4389
3.29148867	1.4456
3.3017293	1.431
3.33371902	1.4081
3.36776397	1.3876
3.39250986	1.374
3.40533804	1.3754
3.40372131	1.4044
3.38974654	1.4525
3.36471632	1.5151
3.32961473	1.5606
3.30421575	1.5675
3.2911925	1.5377
3.30843599	1.4801
3.35431545	1.4091
3.40214998	1.3438
3.44432415	1.2778
3.47604152	1.2378
3.49200098	1.241
3.473484	1.2846
3.41762686	1.3487
3.3544931	1.4058
3.30403575	1.4341
3.26826011	1.442
3.24946697	1.4407
3.24316533	1.4098
3.24828289	1.3569
3.27019937	1.3134
3.31484138	1.293
3.37721017	1.3013
3.4257456	1.3435
3.43212881	1.4091
3.40320151	1.4859
3.35764144	1.5537
3.32142184	1.5915
3.3065769	1.5887
3.31161892	1.549
3.31634666	1.4795
3.32338458	1.4113
3.35125104	1.352
3.40694861	1.3387
3.46271744	1.3679
3.48417693	1.4362
3.46708924	1.5117
3.43676665	1.5616
3.40908685	1.5875
3.39425144	1.5848
3.39614159	1.5393
3.4101218	1.4499
3.44114016	1.3327
3.47974163	1.2318
3.50253629	1.185
3.50568787	1.1826
3.48575608	1.2146
3.45432772	1.2634
3.41787891	1.3336
3.38494038	1.4121
3.36006679	1.4778
3.35419226	1.5128
3.37340649	1.5069
3.40529833	1.4738
3.42371675	1.432
3.4330535	1.3955
3.44465986	1.3786
3.44062584	1.3851
3.41027686	1.4025
3.36916831	1.4375
3.33278548	1.4873
3.32203914	1.5343
3.33028907	1.5562
3.34113542	1.5548
3.35323135	1.5437
3.37849007	1.5258
3.40930124	1.5005
3.42604503	1.4745
3.41066574	1.4795
3.37326889	1.4973
3.33087405	1.5091
3.30277166	1.4909
3.29552676	1.4567
3.30408318	1.4197
3.32463392	1.39
3.38028455	1.3733
3.4419993	1.386
3.47711709	1.4178
3.46094106	1.4623
3.42510316	1.5093
3.38409669	1.5335
3.34539424	1.5219
3.30479954	1.4776
3.27040047	1.4303
3.25295003	1.3865
3.2621598	1.3637
3.29756777	1.351
3.3424241	1.3536
3.39312118	1.3726
3.4262707	1.4018
3.42959564	1.4382
3.40460773	1.4837
3.37649954	1.5227
3.35718726	1.5323
3.34515931	1.4979
3.32980883	1.452
3.32073009	1.4345
3.33233802	1.4505
3.3651399	1.4761
3.39239233	1.4874
3.38912904	1.4886
3.36441067	1.5087
3.34119305	1.5452
3.32475684	1.5632
3.31669844	1.5639
3.31200116	1.5334
3.30818208	1.491
3.3142994	1.4431
3.32471129	1.4005
3.34272428	1.3661
3.35959127	1.3392
3.38159823	1.3234
3.38355993	1.3289
3.35801308	1.3587
3.33773592	1.3959
3.34069819	1.4346
3.358135	1.4754
3.37525696	1.5132
3.38775221	1.5343
3.40930014	1.5203
3.45283075	1.4791
3.50368936	1.4315
3.51864262	1.3928
3.49089004	1.3734
3.43732001	1.3722
3.40433663	1.386
3.39101055	1.4175
3.37874911	1.4687
3.37161645	1.5245
3.37351004	1.5597
3.39308932	1.5605
3.4292656	1.5369
3.46954627	1.501
3.48616846	1.4561
3.4700384	1.4171
3.44867523	1.3834
3.44051805	1.3722
3.43338477	1.3858
3.41214226	1.4129
3.39254328	1.4312
3.39507257	1.421
3.43535785	1.3933
3.49609636	1.3525
3.53855503	1.3141
3.55311444	1.2876
3.53835127	1.2822
3.51445329	1.2927
3.48191329	1.3181
3.44268566	1.3573
3.40887518	1.4071
3.39572984	1.4485
3.41505368	1.4647
3.44916414	1.453
3.49477629	1.4113
3.52796118	1.3502
3.54296469	1.2814
