6.578136001097646679e-02 -3.267168466082976508e+00
6.585485862862541784e-02 -3.256787181131404196e+00
6.592835724627436889e-02 -3.246407634944270981e+00
6.600185586392331993e-02 -3.236029923354378113e+00
6.607535448157227098e-02 -3.225654142175070405e+00
6.614885309922122203e-02 -3.215280387202488654e+00
6.622235171687017308e-02 -3.204908754213727562e+00
6.629585033451912413e-02 -3.194539338967954833e+00
6.636934895216807517e-02 -3.184172237202199440e+00
6.644284756981702622e-02 -3.173807544632094135e+00
6.651634618746597727e-02 -3.163445356951875453e+00
6.658984480511492832e-02 -3.153085769832770779e+00
6.666334342276387936e-02 -3.142728878920923563e+00
6.673684204041283041e-02 -3.132374779838453804e+00
6.681034065806176758e-02 -3.122023568181456099e+00
6.688383927571071863e-02 -3.111675339519125671e+00
6.695733789335966968e-02 -3.101330189393653569e+00
6.703083651100862073e-02 -3.090988213318109246e+00
6.710433512865757177e-02 -3.080649506776977020e+00
6.717783374630652282e-02 -3.070314165224710123e+00
6.725133236395547387e-02 -3.059982284083123005e+00
6.732483098160442492e-02 -3.049653958744240612e+00
6.739832959925337597e-02 -3.039329284564693978e+00
6.747182821690232701e-02 -3.029008356870750873e+00
6.754532683455127806e-02 -3.018691270951329386e+00
6.761882545220022911e-02 -3.008378122060033633e+00
6.769232406984918016e-02 -2.998069005416951427e+00
6.776582268749813120e-02 -2.987764016200733508e+00
6.783932130514708225e-02 -2.977463249554640257e+00
6.791281992279603330e-02 -2.967166800583067143e+00
6.798631854044498435e-02 -2.956874764349700868e+00
6.805981715809393540e-02 -2.946587235876584998e+00
6.813331577574288644e-02 -2.936304310146287122e+00
6.820681439339183749e-02 -2.926026082097388681e+00
6.828031301104078854e-02 -2.915752646625545452e+00
6.835381162868973959e-02 -2.905484098582464370e+00
6.842731024633869064e-02 -2.895220532773292277e+00
6.850080886398764168e-02 -2.884962043959093947e+00
6.857430748163659273e-02 -2.874708726853429042e+00
6.864780609928554378e-02 -2.864460676120931026e+00
6.872130471693449483e-02 -2.854217986379497418e+00
6.879480333458343200e-02 -2.843980752196056727e+00
6.886830195223238305e-02 -2.833749068087801248e+00
6.894180056988133409e-02 -2.823523028520927625e+00
6.901529918753028514e-02 -2.813302727909315237e+00
6.908879780517923619e-02 -2.803088260613387561e+00
6.916229642282818724e-02 -2.792879720939343002e+00
6.923579504047713828e-02 -2.782677203140702105e+00
6.930929365812608933e-02 -2.772480801413710338e+00
6.938279227577504038e-02 -2.762290609897545934e+00
6.945629089342399143e-02 -2.752106722676121109e+00
6.952978951107294248e-02 -2.741929233773321428e+00
6.960328812872189352e-02 -2.731758237155492708e+00
6.967678674637084457e-02 -2.721593826726865117e+00
6.975028536401979562e-02 -2.711436096333448731e+00
6.982378398166874667e-02 -2.701285139757718667e+00
6.989728259931769772e-02 -2.691141050719721761e+00
6.997078121696664876e-02 -2.681003922877716050e+00
7.004427983461559981e-02 -2.670873849824609181e+00
7.011777845226455086e-02 -2.660750925086352581e+00
7.019127706991350191e-02 -2.650635242126190505e+00
7.026477568756245295e-02 -2.640526894339345176e+00
7.033827430521140400e-02 -2.630425975051588594e+00
7.041177292286035505e-02 -2.620332577522672679e+00
7.048527154050930610e-02 -2.610246794940911386e+00
7.055877015815825715e-02 -2.600168720425731550e+00
7.063226877580720819e-02 -2.590098447024358208e+00
7.070576739345615924e-02 -2.580036067712201842e+00
7.077926601110509641e-02 -2.569981675392575937e+00
7.085276462875404746e-02 -2.559935362894226074e+00
7.092626324640299851e-02 -2.549897222971736710e+00
7.099976186405194956e-02 -2.539867348303419092e+00
7.107326048170090060e-02 -2.529845831492451680e+00
7.114675909934985165e-02 -2.519832765064231594e+00
7.122025771699880270e-02 -2.509828241466108167e+00
7.129375633464775375e-02 -2.499832353066443247e+00
7.136725495229670480e-02 -2.489845192154882980e+00
7.144075356994565584e-02 -2.479866850938531542e+00
7.151425218759460689e-02 -2.469897421544999361e+00
7.158775080524355794e-02 -2.459936996018768696e+00
7.166124942289250899e-02 -2.449985666320930733e+00
7.173474804054146003e-02 -2.440043524329153612e+00
7.180824665819041108e-02 -2.430110661836000219e+00
7.188174527583936213e-02 -2.420187170549128908e+00
7.195524389348831318e-02 -2.410273142087643095e+00
7.202874251113726423e-02 -2.400368667985398830e+00
7.210224112878621527e-02 -2.390473839687766500e+00
7.217573974643516632e-02 -2.380588748548955635e+00
7.224923836408411737e-02 -2.370713485835924672e+00
7.232273698173306842e-02 -2.360848142724618626e+00
7.239623559938201947e-02 -2.350992810296713031e+00
7.246973421703097051e-02 -2.341147579544276880e+00
7.254323283467992156e-02 -2.331312541366008517e+00
7.261673145232887261e-02 -2.321487786564112810e+00
7.269023006997782366e-02 -2.311673405848351237e+00
7.276372868762676083e-02 -2.301869489831332771e+00
7.283722730527571187e-02 -2.292076129030489184e+00
7.291072592292466292e-02 -2.282293413863277109e+00
7.298422454057361397e-02 -2.272521434651121552e+00
7.305772315822256502e-02 -2.262760281616250424e+00
7.313122177587151607e-02 -2.253010044878980267e+00
7.320472039352046711e-02 -2.243270814461128637e+00
7.327821901116941816e-02 -2.233542680281127346e+00
7.335171762881836921e-02 -2.223825732156239354e+00
7.342521624646732026e-02 -2.214120059800082529e+00
7.349871486411627131e-02 -2.204425752821752127e+00
7.357221348176522235e-02 -2.194742900725618284e+00
7.364571209941417340e-02 -2.185071592910309946e+00
7.371921071706312445e-02 -2.175411918668309852e+00
7.379270933471207550e-02 -2.165763967183689687e+00
7.386620795236102655e-02 -2.156127827533472541e+00
7.393970657000997759e-02 -2.146503588685041208e+00
7.401320518765892864e-02 -2.136891339495695874e+00
7.408670380530787969e-02 -2.127291168712142522e+00
7.416020242295683074e-02 -2.117703164969881868e+00
7.423370104060578178e-02 -2.108127416792040520e+00
7.430719965825473283e-02 -2.098564012587900152e+00
7.438069827590368388e-02 -2.089013040654313258e+00
7.445419689355263493e-02 -2.079474589171331544e+00
7.452769551120158598e-02 -2.069948746204540058e+00
7.460119412885052315e-02 -2.060435599703696496e+00
7.467469274649948807e-02 -2.050935237500294051e+00
7.474819136414842524e-02 -2.041447747308030358e+00
7.482168998179737629e-02 -2.031973216721540965e+00
7.489518859944632734e-02 -2.022511733216640906e+00
7.496868721709527839e-02 -2.013063384148317425e+00
7.504218583474422943e-02 -2.003628256749424352e+00
7.511568445239318048e-02 -1.994206438132227532e+00
7.518918307004213153e-02 -1.984798015285360151e+00
7.526268168769108258e-02 -1.975403075073353776e+00
7.533618030534003362e-02 -1.966021704236439405e+00
7.540967892298898467e-02 -1.956653989390474635e+00
7.548317754063793572e-02 -1.947300017024716112e+00
7.555667615828688677e-02 -1.937959873500293639e+00
7.563017477593583782e-02 -1.928633645053009715e+00
7.570367339358478886e-02 -1.919321417788180995e+00
7.577717201123373991e-02 -1.910023277683205123e+00
7.585067062888269096e-02 -1.900739310584164343e+00
7.592416924653164201e-02 -1.891469602207406453e+00
7.599766786418059306e-02 -1.882214238137137841e+00
7.607116648182954410e-02 -1.872973303825020253e+00
7.614466509947849515e-02 -1.863746884589803088e+00
7.621816371712744620e-02 -1.854535065616092382e+00
7.629166233477639725e-02 -1.845337931953521249e+00
7.636516095242534830e-02 -1.836155568516327108e+00
7.643865957007429934e-02 -1.826988060082371135e+00
7.651215818772325039e-02 -1.817835491292163042e+00
7.658565680537218756e-02 -1.808697946649058252e+00
7.665915542302115249e-02 -1.799575510516600474e+00
7.673265404067008966e-02 -1.790468267118962231e+00
7.680615265831904070e-02 -1.781376300540985724e+00
7.687965127596799175e-02 -1.772299694725731456e+00
7.695314989361694280e-02 -1.763238533474485337e+00
7.702664851126589385e-02 -1.754192900446341241e+00
7.710014712891484490e-02 -1.745162879156200830e+00
7.717364574656379594e-02 -1.736148552976001014e+00
7.724714436421274699e-02 -1.727150005132017441e+00
7.732064298186169804e-02 -1.718167318704303170e+00
7.739414159951064909e-02 -1.709200576627893042e+00
7.746764021715960014e-02 -1.700249861689682618e+00
7.754113883480855118e-02 -1.691315256528170607e+00
7.761463745245750223e-02 -1.682396843634531791e+00
7.768813607010645328e-02 -1.673494705349257927e+00
7.776163468775540433e-02 -1.664608923863072576e+00
7.783513330540435537e-02 -1.655739581215108558e+00
7.790863192305330642e-02 -1.646886759293504809e+00
7.798213054070225747e-02 -1.638050539833754371e+00
7.805562915835120852e-02 -1.629231004417777129e+00
7.812912777600015957e-02 -1.620428234472628404e+00
7.820262639364911061e-02 -1.611642311272825978e+00
7.827612501129806166e-02 -1.602873315935111620e+00
7.834962362894701271e-02 -1.594121329420667976e+00
7.842312224659596376e-02 -1.585386432534185985e+00
7.849662086424491481e-02 -1.576668705922834590e+00
7.857011948189385198e-02 -1.567968230072711577e+00
7.864361809954281690e-02 -1.559285085314350283e+00
7.871711671719175407e-02 -1.550619351815672786e+00
7.879061533484070512e-02 -1.541971109584082456e+00
7.886411395248965617e-02 -1.533340438466840538e+00
7.893761257013860722e-02 -1.524727418148554392e+00
7.901111118778755826e-02 -1.516132128149234148e+00
7.908460980543650931e-02 -1.507554647826637506e+00
7.915810842308546036e-02 -1.498995056374511137e+00
7.923160704073441141e-02 -1.490453432820672219e+00
7.930510565838336245e-02 -1.481929856026738435e+00
7.937860427603231350e-02 -1.473424404688309153e+00
7.945210289368126455e-02 -1.464937157333427109e+00
7.952560151133021560e-02 -1.456468192322375899e+00
7.959910012897916665e-02 -1.448017587845484400e+00
7.967259874662811769e-02 -1.439585421925421826e+00
7.974609736427706874e-02 -1.431171772413506460e+00
7.981959598192601979e-02 -1.422776716989076817e+00
7.989309459957497084e-02 -1.414400333161477619e+00
7.996659321722392189e-02 -1.406042698267491176e+00
8.004009183487287293e-02 -1.397703889470097494e+00
8.011359045252182398e-02 -1.389383983758555985e+00
8.018708907017077503e-02 -1.381083057946970172e+00
8.026058768781972608e-02 -1.372801188676934458e+00
8.033408630546867712e-02 -1.364538452410581471e+00
8.040758492311762817e-02 -1.356294925433889631e+00
8.048108354076657922e-02 -1.348070683858619390e+00
8.055458215841551639e-02 -1.339865803615030160e+00
8.062808077606448132e-02 -1.331680360456008572e+00
8.070157939371341849e-02 -1.323514429954787630e+00
8.077507801136236953e-02 -1.315368087504239725e+00
8.084857662901132058e-02 -1.307241408315878317e+00
8.092207524666027163e-02 -1.299134467420572037e+00
8.099557386430922268e-02 -1.291047339667102278e+00
8.106907248195817373e-02 -1.282980099719431166e+00
8.114257109960712477e-02 -1.274932822059884785e+00
8.121606971725607582e-02 -1.266905580984563073e+00
8.128956833490502687e-02 -1.258898450606679376e+00
8.136306695255397792e-02 -1.250911504851522693e+00
8.143656557020292897e-02 -1.242944817457953377e+00
8.151006418785188001e-02 -1.234998461980200801e+00
8.158356280550083106e-02 -1.227072511781376107e+00
8.165706142314978211e-02 -1.219167040037412164e+00
8.173056004079873316e-02 -1.211282119735855645e+00
8.180405865844768420e-02 -1.203417823673067488e+00
8.187755727609663525e-02 -1.195574224454464485e+00
8.195105589374558630e-02 -1.187751394494767965e+00
8.202455451139453735e-02 -1.179949406017090752e+00
8.209805312904348840e-02 -1.172168331051128831e+00
8.217155174669243944e-02 -1.164408241431942770e+00
8.224505036434139049e-02 -1.156669208802224347e+00
8.231854898199034154e-02 -1.148951304609315827e+00
8.239204759963927871e-02 -1.141254600103888350e+00
8.246554621728824364e-02 -1.133579166340592081e+00
8.253904483493718081e-02 -1.125925074177843044e+00
8.261254345258614573e-02 -1.118292394274657653e+00
8.268604207023508290e-02 -1.110681197092262096e+00
8.275954068788404783e-02 -1.103091552892642824e+00
8.283303930553298500e-02 -1.095523531737256917e+00
8.290653792318193605e-02 -1.087977203485927191e+00
8.298003654083088709e-02 -1.080452637797606030e+00
8.305353515847983814e-02 -1.072949904128218890e+00
8.312703377612878919e-02 -1.065469071729804540e+00
8.320053239377774024e-02 -1.058010209650515066e+00
8.327403101142669128e-02 -1.050573386732903458e+00
8.334752962907564233e-02 -1.043158671613834798e+00
8.342102824672459338e-02 -1.035766132722823585e+00
8.349452686437354443e-02 -1.028395838280761865e+00
8.356802548202249548e-02 -1.021047856300842938e+00
8.364152409967144652e-02 -1.013722254584479288e+00
8.371502271732039757e-02 -1.006419100723658033e+00
8.378852133496934862e-02 -9.991384620976724307e-01
8.386201995261829967e-02 -9.918804058715871008e-01
8.393551857026725072e-02 -9.846449989980285977e-01
8.400901718791620176e-02 -9.774323082123288486e-01
8.408251580556515281e-02 -9.702424000336655752e-01
8.415601442321410386e-02 -9.630753407644441211e-01
8.422951304086305491e-02 -9.559311964851850973e-01
8.430301165851200595e-02 -9.488100330585069742e-01
8.437651027616094312e-02 -9.417119161246780834e-01
8.445000889380990805e-02 -9.346369110979075856e-01
8.452350751145884522e-02 -9.275850831725342971e-01
8.459700612910781015e-02 -9.205564973137541074e-01
8.467050474675674732e-02 -9.135512182595881825e-01
8.474400336440571224e-02 -9.065693105201653168e-01
8.481750198205464941e-02 -8.996108383751533211e-01
8.489100059970360046e-02 -8.926758658726825502e-01
8.496449921735255151e-02 -8.857644568262053042e-01
8.503799783500150256e-02 -8.788766748159702047e-01
8.511149645265045360e-02 -8.720125831862652888e-01
8.518499507029940465e-02 -8.651722450413288357e-01
8.525849368794835570e-02 -8.583557232473175702e-01
8.533199230559730675e-02 -8.515630804281784094e-01
8.540549092324625780e-02 -8.447943789647602841e-01
8.547898954089520884e-02 -8.380496809898403399e-01
8.555248815854415989e-02 -8.313290483882127546e-01
8.562598677619311094e-02 -8.246325427922229778e-01
8.569948539384206199e-02 -8.179602255768081420e-01
8.577298401149101303e-02 -8.113121578548394552e-01
8.584648262913996408e-02 -8.046884004739496277e-01
8.591998124678891513e-02 -7.980890140050718173e-01
8.599347986443786618e-02 -7.915140587378814985e-01
8.606697848208681723e-02 -7.849635946713391377e-01
8.614047709973576827e-02 -7.784376814987474802e-01
8.621397571738471932e-02 -7.719363785984185711e-01
8.628747433503367037e-02 -7.654597450187345942e-01
8.636097295268260754e-02 -7.590078394588850585e-01
8.643447157033157247e-02 -7.525807202509611216e-01
8.650797018798050964e-02 -7.461784453375628345e-01
8.658146880562947456e-02 -7.398010722480989898e-01
8.665496742327841173e-02 -7.334486580715058324e-01
8.672846604092737666e-02 -7.271212594257221440e-01
8.680196465857631383e-02 -7.208189324238638562e-01
8.687546327622526487e-02 -7.145417326391587665e-01
8.694896189387421592e-02 -7.082897150607614378e-01
8.702246051152316697e-02 -7.020629340514936700e-01
8.709595912917211802e-02 -6.958614432986784948e-01
8.716945774682106907e-02 -6.896852957565258180e-01
8.724295636447002011e-02 -6.835345435899391475e-01
8.731645498211897116e-02 -6.774092381025589304e-01
8.738995359976792221e-02 -6.713094296682555751e-01
8.746345221741687326e-02 -6.652351676472747499e-01
8.753695083506582431e-02 -6.591865002917778327e-01
8.761044945271477535e-02 -6.531634746513717005e-01
8.768394807036372640e-02 -6.471661364556560159e-01
8.775744668801267745e-02 -6.411945299879135973e-01
8.783094530566162850e-02 -6.352486979489881946e-01
8.790444392331057955e-02 -6.293286812949112630e-01
8.797794254095953059e-02 -6.234345190655616875e-01
8.805144115860848164e-02 -6.175662481849109042e-01
8.812493977625743269e-02 -6.117239032415113797e-01
8.819843839390638374e-02 -6.059075162437537188e-01
8.827193701155533478e-02 -6.001171163400158548e-01
8.834543562920427195e-02 -5.943527295139006128e-01
8.841893424685323688e-02 -5.886143782395762969e-01
8.849243286450217405e-02 -5.829020810914862238e-01
8.856593148215113898e-02 -5.772158523195010105e-01
8.863943009980007615e-02 -5.715557013668401964e-01
8.871292871744904107e-02 -5.659216323317224351e-01
8.878642733509797824e-02 -5.603136433718027831e-01
8.885992595274692929e-02 -5.547317260330864030e-01
8.893342457039588034e-02 -5.491758645025370811e-01
8.900692318804483139e-02 -5.436460347724008102e-01
8.908042180569378243e-02 -5.381422036961645006e-01
8.915392042334273348e-02 -5.326643279374287943e-01
8.922741904099168453e-02 -5.272123527748568961e-01
8.930091765864063558e-02 -5.217862107553266071e-01
8.937441627628958662e-02 -5.163858201719691010e-01
8.944791489393853767e-02 -5.110110833251724216e-01
8.952141351158748872e-02 -5.056618845519729177e-01
8.959491212923643977e-02 -5.003380879753152044e-01
8.966841074688539082e-02 -4.950395349313687632e-01
8.974190936453434186e-02 -4.897660410378357199e-01
8.981540798218329291e-02 -4.845173928426191878e-01
8.988890659983224396e-02 -4.792933440032030035e-01
8.996240521748119501e-02 -4.740936109386133523e-01
9.003590383513014606e-02 -4.689178678868692884e-01
9.010940245277909710e-02 -4.637657413111426763e-01
9.018290107042804815e-02 -4.586368035828947143e-01
9.025639968807699920e-02 -4.535305658813406637e-01
9.032989830572593637e-02 -4.484464702456065766e-01
9.040339692337490130e-02 -4.433838807211465394e-01
9.047689554102383847e-02 -4.383420735491796449e-01
9.055039415867280339e-02 -4.333202263713431535e-01
9.062389277632174056e-02 -4.283174064098780320e-01
9.069739139397070549e-02 -4.233325576453914607e-01
9.077089001161964266e-02 -4.183644870044389563e-01
9.084438862926859370e-02 -4.134118496250245300e-01
9.091788724691754475e-02 -4.084731333026816458e-01
9.099138586456649580e-02 -4.035466422625617611e-01
9.106488448221544685e-02 -3.986304804434297466e-01
9.113838309986439790e-02 -3.937225345549109079e-01
9.121188171751334894e-02 -3.888204571764042328e-01
9.128538033516229999e-02 -3.839216502529687602e-01
9.135887895281125104e-02 -3.790232493496041855e-01
9.143237757046020209e-02 -3.741221090505746361e-01
9.150587618810915314e-02 -3.692147899235429520e-01
9.157937480575810418e-02 -3.642975474388734369e-01
9.165287342340705523e-02 -3.593663232120434259e-01
9.172637204105600628e-02 -3.544167389297783188e-01
9.179987065870495733e-02 -3.494440932261575483e-01
9.187336927635390837e-02 -3.444433617582127738e-01
9.194686789400285942e-02 -3.394092006358704339e-01
9.202036651165181047e-02 -3.343359532889245145e-01
9.209386512930076152e-02 -3.292176607996353255e-01
9.216736374694971257e-02 -3.240480755868482277e-01
9.224086236459866361e-02 -3.188206782400335726e-01
9.231436098224760078e-02 -3.135286971352151397e-01
9.238785959989656571e-02 -3.081651302001944259e-01
9.246135821754550288e-02 -3.027227679292394669e-01
9.253485683519446781e-02 -2.971942162810208288e-01
9.260835545284340498e-02 -2.915719175531137353e-01
9.268185407049236990e-02 -2.858481666374501629e-01
9.275535268814130707e-02 -2.800151192281425949e-01
9.282885130579025812e-02 -2.740647876264894478e-01
9.290234992343920917e-02 -2.679890188164257836e-01
9.297584854108816022e-02 -2.617794484602953275e-01
9.304934715873711126e-02 -2.554274236205671400e-01
9.312284577638606231e-02 -2.489238862637037641e-01
9.319634439403501336e-02 -2.422592091723494434e-01
9.326984301168396441e-02 -2.354229758202386336e-01
9.334334162933291545e-02 -2.284036960745190470e-01
9.341684024698186650e-02 -2.211884503911463185e-01
9.349033886463081755e-02 -2.137624563344999729e-01
9.356383748227976860e-02 -2.061085528054960037e-01
9.363733609992871965e-02 -1.982065991924173431e-01
9.371083471757767069e-02 -1.900327885109653892e-01
9.378433333522662174e-02 -1.815588754520689463e-01
9.385783195287557279e-02 -1.727513218634264547e-01
9.393133057052452384e-02 -1.635703633188114736e-01
9.400482918817347489e-02 -1.539690011131149561e-01
9.407832780582242593e-02 -1.438919239961506946e-01
9.415182642347137698e-02 -1.332743633100150760e-01
9.422532504112032803e-02 -1.220408839234607967e-01
9.429882365876926520e-02 -1.101041114537864019e-01
9.437232227641823012e-02 -9.736339400146221124e-02
9.444582089406716729e-02 -8.370339390475223240e-02
9.451931951171613222e-02 -6.899260212534841230e-02
9.459281812936506939e-02 -5.308176473804238071e-02
9.466631674701403432e-02 -3.580220767743114152e-02
9.473981536466297149e-02 -1.696404222696301645e-02
9.481331398231192253e-02 3.645770349908872277e-03
9.488681259996087358e-02 2.626552151980376948e-02
9.496031121760982463e-02 5.116105786140323630e-02
9.503380983525877568e-02 7.862832271061037659e-02
9.510730845290772673e-02 1.089961855377019617e-01
9.518080707055667777e-02 1.426296182557749148e-01
9.525430568820562882e-02 1.799332904030670477e-01
9.532780430585457987e-02 2.213556696936578305e-01
9.540130292350353092e-02 2.673937305432119160e-01
9.547480154115248197e-02 3.185983902410889357e-01
9.554830015880143301e-02 3.755808094992723056e-01
9.562179877645038406e-02 4.390197100726389579e-01
9.569529739409933511e-02 5.096698753672797011e-01
9.576879601174828616e-02 5.883720088209933863e-01
9.584229462939723720e-02 6.760641274490097885e-01
9.591579324704618825e-02 7.737946623367761845e-01
9.598929186469513930e-02 8.827374225941824193e-01
9.606279048234409035e-02 1.004208553129924297e+00
9.613628909999304140e-02 1.139685579547542460e+00
9.620978771764199244e-02 1.290828586824599000e+00
9.628328633529092961e-02 1.459503525328511131e+00
9.635678495293989454e-02 1.647807583983716739e+00
9.643028357058883171e-02 1.858096524445294051e+00
9.650378218823779664e-02 2.093013843675244345e+00
9.657728080588673381e-02 2.355521640350190182e+00
9.665077942353569873e-02 2.648933120619155090e+00
9.672427804118463590e-02 2.976946810758203554e+00
9.679777665883358695e-02 3.343682768668063687e+00
9.687127527648253800e-02 3.753721422070267266e+00
9.694477389413148904e-02 4.212146124406206837e+00
9.701827251178044009e-02 4.724591118636293885e+00
9.709177112942939114e-02 5.297297333830806920e+00
9.716526974707834219e-02 5.937179295984282845e+00
9.723876836472729324e-02 6.651907383540317298e+00
9.731226698237624428e-02 7.450010652543291201e+00
9.738576560002519533e-02 8.341006429620104967e+00
9.745926421767414638e-02 9.335563737627722958e+00
9.753276283532309743e-02 1.044570827563326354e+01
9.760626145297204848e-02 1.168507700402069638e+01
9.767976007062099952e-02 1.306923025900685786e+01
9.775325868826995057e-02 1.461602860608047294e+01
9.782675730591890162e-02 1.634608020793375971e+01
9.790025592356785267e-02 1.828326220726084017e+01
9.797375454121678984e-02 2.045531640147131469e+01
9.804725315886575476e-02 2.289451523068932204e+01
9.812075177651469193e-02 2.563838875749215163e+01
9.819425039416365686e-02 2.873049686928328583e+01
9.826774901181259403e-02 3.222122341150821967e+01
9.834124762946155895e-02 3.616856045142506559e+01
9.841474624711049612e-02 4.063884154312034269e+01
9.848824486475946105e-02 4.570737297825450440e+01
9.856174348240839822e-02 5.145890194984710320e+01
9.863524210005736315e-02 5.798785086663382771e+01
9.870874071770630032e-02 6.539823844917212625e+01
9.878223933535526524e-02 7.380320162992251198e+01
9.885573795300420241e-02 8.332402878122260859e+01
9.892923657065316734e-02 9.408861569892431476e+01
9.900273518830210451e-02 1.062292624837100448e+02
9.907623380595105556e-02 1.198797434113880058e+02
9.914973242360000660e-02 1.351716043533073446e+02
9.922323104124895765e-02 1.522296742499150639e+02
9.929672965889790870e-02 1.711668189337912906e+02
9.937022827654685975e-02 1.920780168054507158e+02
9.944372689419581079e-02 2.150338949974560592e+02
9.951722551184476184e-02 2.400739290099650987e+02
9.959072412949371289e-02 2.671995743612395700e+02
9.966422274714266394e-02 2.963676603522941377e+02
9.973772136479161499e-02 3.274844274187635165e+02
9.981121998244056603e-02 3.604006240491834774e+02
9.988471860008951708e-02 3.949080903248894856e+02
9.995821721773845425e-02 4.307382371150816311e+02
1.000317158353874192e-01 4.675627789011243749e+02
1.001052144530363563e-01 5.049969926852410822e+02
1.001787130706853213e-01 5.426056571873994017e+02
1.002522116883342584e-01 5.799116807691468694e+02
1.003257103059832234e-01 6.164072619291529236e+02
1.003992089236321605e-01 6.515672544618051916e+02
1.004727075412811255e-01 6.848642442165606781e+02
1.005462061589300626e-01 7.157847004001171172e+02
1.006197047765790276e-01 7.438454553801822158e+02
1.006932033942279647e-01 7.686097045449474763e+02
1.007667020118769297e-01 7.897017098164068329e+02
1.008402006295258668e-01 8.068194400062540126e+02
1.009136992471748318e-01 8.197444861311365685e+02
1.009871978648237689e-01 8.283487426129902360e+02
1.010606964824727200e-01 8.325975339814336849e+02
1.011341951001216710e-01 8.325490759608735516e+02
1.012076937177706221e-01 8.283503726814702759e+02
1.012811923354195731e-01 8.202298513323836460e+02
1.013546909530685242e-01 8.084872068602321633e+02
1.014281895707174752e-01 7.934810605817541500e+02
1.015016881883664263e-01 7.756151203880427829e+02
1.015751868060153773e-01 7.553235638494318209e+02
1.016486854236643284e-01 7.330563508547808169e+02
1.017221840413132794e-01 7.092651152604250910e+02
1.017956826589622304e-01 6.843901941521105527e+02
1.018691812766111815e-01 6.588492392363873478e+02
1.019426798942601187e-01 6.330277285537945318e+02
1.020161785119090836e-01 6.072715684774179863e+02
1.020896771295580208e-01 5.818818546360232631e+02
1.021631757472069857e-01 5.571117527013037716e+02
1.022366743648559229e-01 5.331653703062431759e+02
1.023101729825048878e-01 5.101984218641990765e+02
1.023836716001538250e-01 4.883204389405707389e+02
1.024571702178027899e-01 4.675982487965071641e+02
1.025306688354517271e-01 4.480604305045743558e+02
1.026041674531006920e-01 4.297024588624621515e+02
1.026776660707496291e-01 4.124922583579735260e+02
1.027511646883985941e-01 3.963759100289253752e+02
1.028246633060475312e-01 3.812832809544817678e+02
1.028981619236964962e-01 3.671333774639423950e+02
1.029716605413454333e-01 3.538392574850183792e+02
1.030451591589943844e-01 3.413123735741596647e+02
1.031186577766433354e-01 3.294662550292076730e+02
1.031921563942922865e-01 3.182194740758066018e+02
1.032656550119412375e-01 3.074978764200114369e+02
1.033391536295901886e-01 2.972360894023469768e+02
1.034126522472391396e-01 2.873783504920982068e+02
1.034861508648880907e-01 2.778787238960430273e+02
1.035596494825370417e-01 2.687007927371973892e+02
1.036331481001859928e-01 2.598169279370868594e+02
1.037066467178349438e-01 2.512072422761155224e+02
1.037801453354838949e-01 2.428583391441756021e+02
1.038536439531328459e-01 2.347619606406645687e+02
1.039271425707817831e-01 2.269136297052151860e+02
1.040006411884307480e-01 2.193113669122400609e+02
1.040741398060796852e-01 2.119545456958807677e+02
1.041476384237286501e-01 2.048429314285849614e+02
1.042211370413775873e-01 1.979759312769710391e+02
1.042946356590265522e-01 1.913520642991175009e+02
1.043681342766754894e-01 1.849686458191028748e+02
1.044416328943244543e-01 1.788216674440751888e+02
1.045151315119733915e-01 1.729058446133725511e+02
1.045886301296223564e-01 1.672147974345692205e+02
1.046621287472712936e-01 1.617413276528548636e+02
1.047356273649202585e-01 1.564777545856190102e+02
1.048091259825691957e-01 1.514162752458882153e+02
1.048826246002181606e-01 1.465493180945481981e+02
1.049561232178670978e-01 1.418698652908312283e+02
1.050296218355160488e-01 1.373717243643693848e+02
1.051031204531649998e-01 1.330497363879792374e+02
1.051766190708139509e-01 1.288999135594973779e+02
1.052501176884629019e-01 1.249195042844830823e+02
1.053236163061118530e-01 1.211069881810368400e+02
1.053971149237608040e-01 1.174620067990383632e+02
1.054706135414097551e-01 1.139852382433500821e+02
1.055441121590587061e-01 1.106782253697629983e+02
1.056176107767076572e-01 1.075431678915313540e+02
1.056911093943566082e-01 1.045826887350210086e+02
1.057646080120055593e-01 1.017995844750141003e+02
1.058381066296545103e-01 9.919656882772093809e+01
1.059116052473034475e-01 9.677601713961945507e+01
1.059851038649524124e-01 9.453971872386783559e+01
1.060586024826013496e-01 9.248864287993413313e+01
1.061321011002503145e-01 9.062272357214958163e+01
1.062055997178992517e-01 8.894066708955728018e+01
1.062790983355482166e-01 8.743978657412000643e+01
1.063525969531971538e-01 8.611586705988594304e+01
1.064260955708461187e-01 8.496306454889173665e+01
1.064995941884950559e-01 8.397384256923776036e+01
1.065730928061440208e-01 8.313894950758248115e+01
1.066465914237929580e-01 8.244743967025623022e+01
1.067200900414419229e-01 8.188674040473588889e+01
1.067935886590908601e-01 8.144276663582884623e+01
1.068670872767398250e-01 8.110008281099013061e+01
1.069405858943887622e-01 8.084211053170017180e+01
1.070140845120377132e-01 8.065137815375433661e+01
1.070875831296866643e-01 8.050980650182053466e+01
1.071610817473356153e-01 8.039902273696473856e+01
1.072345803649845664e-01 8.030069253696237297e+01
1.073080789826335174e-01 8.019685929570796645e+01
1.073815776002824685e-01 8.007027819302872729e+01
1.074550762179314195e-01 7.990473285568073436e+01
1.075285748355803706e-01 7.968532298400208447e+01
1.076020734532293216e-01 7.939871273940804031e+01
1.076755720708782726e-01 7.903333177952093536e+01
1.077490706885272237e-01 7.857952342337011942e+01
1.078225693061761747e-01 7.802963730901120698e+01
1.078960679238251119e-01 7.737806682184321971e+01
1.079695665414740768e-01 7.662123427590272229e+01
1.080430651591230140e-01 7.575752910357685721e+01
1.081165637767719789e-01 7.478720598646364692e+01
1.081900623944209161e-01 7.371225084812255091e+01
1.082635610120698810e-01 7.253622291416135681e+01
1.083370596297188182e-01 7.126408068967536735e+01
1.084105582473677831e-01 6.990199883605684761e+01
1.084840568650167203e-01 6.845718172006689883e+01
1.085575554826656852e-01 6.693767804868630833e+01
1.086310541003146224e-01 6.535219967703136490e+01
1.087045527179635873e-01 6.370994653694833687e+01
1.087780513356125245e-01 6.202043878680682099e+01
1.088515499532614894e-01 6.029335677775159752e+01
1.089250485709104266e-01 5.853838926072745608e+01
1.089985471885593776e-01 5.676509036492286953e+01
1.090720458062083287e-01 5.498274617000334530e+01
1.091455444238572797e-01 5.320025206150592112e+01
1.092190430415062308e-01 5.142600239244519855e+01
1.092925416591551818e-01 4.966779418212453834e+01
1.093660402768041329e-01 4.793274660243331908e+01
1.094395388944530839e-01 4.622723780464953336e+01
1.095130375121020350e-01 4.455686023387303152e+01
1.095865361297509860e-01 4.292639500284628440e+01
1.096600347473999371e-01 4.133980521331234570e+01
1.097335333650488881e-01 3.980024739419248192e+01
1.098070319826978392e-01 3.831009954494689396e+01
1.098805306003467763e-01 3.687100369318464743e+01
1.099540292179957413e-01 3.548392044496156217e+01
1.100275278356446784e-01 3.414919275037756563e+01
1.101010264532936433e-01 3.286661603082905003e+01
1.101745250709425805e-01 3.163551190315867245e+01
1.102480236885915454e-01 3.045480296092419081e+01
1.103215223062404826e-01 2.932308639599056477e+01
1.103950209238894475e-01 2.823870462365438527e+01
1.104685195415383847e-01 2.719981147291421308e+01
1.105420181591873496e-01 2.620443288809685711e+01
1.106155167768362868e-01 2.525052143570921004e+01
1.106890153944852517e-01 2.433600420770041239e+01
1.107625140121341889e-01 2.345882395503367590e+01
1.108360126297831538e-01 2.261697347665809588e+01
1.109095112474320910e-01 2.180852343658079917e+01
1.109830098650810420e-01 2.103164389599398021e+01
1.110565084827299931e-01 2.028461993837562716e+01
1.111300071003789441e-01 1.956586184136397577e+01
1.112035057180278952e-01 1.887391031505759287e+01
1.112770043356768462e-01 1.820743738416821600e+01
1.113505029533257973e-01 1.756524353988785236e+01
1.114240015709747483e-01 1.694625182330535296e+01
1.114975001886236994e-01 1.634949952151669095e+01
1.115709988062726504e-01 1.577412815623086928e+01
1.116444974239216015e-01 1.521937242006006485e+01
1.117179960415705525e-01 1.468454866704102812e+01
1.117914946592195036e-01 1.416904349272984476e+01
1.118649932768684407e-01 1.367230284940012019e+01
1.119384918945174057e-01 1.319382203892554273e+01
1.120119905121663428e-01 1.273313681664363628e+01
1.120854891298153078e-01 1.228981573119510884e+01
1.121589877474642449e-01 1.186345372470927195e+01
1.122324863651132099e-01 1.145366693059971652e+01
1.123059849827621470e-01 1.106008853695711380e+01
1.123794836004111120e-01 1.068236553439086833e+01
1.124529822180600491e-01 1.032015613894887807e+01
1.125264808357090141e-01 9.973127672194467053e+00
1.125999794533579512e-01 9.640954689383942622e+00
1.126734780710069161e-01 9.323317169551557981e+00
1.127469766886558533e-01 9.019898614477810384e+00
1.128204753063048044e-01 8.730383943037736572e+00
1.128939739239537554e-01 8.454457110019905741e+00
1.129674725416027065e-01 8.191798420945307413e+00
1.130409711592516575e-01 7.942081554516491337e+00
1.131144697769006086e-01 7.704970340478643820e+00
1.131879683945495596e-01 7.480115371665824853e+00
1.132614670121985107e-01 7.267150554415042762e+00
1.133349656298474617e-01 7.065689721027924364e+00
1.134084642474964127e-01 6.875323441528161439e+00
1.134819628651453638e-01 6.695616179686663116e+00
1.135554614827943148e-01 6.526103940144448501e+00
1.136289601004432659e-01 6.366292549617300622e+00
1.137024587180922169e-01 6.215656705562709661e+00
1.137759573357411680e-01 6.073639910366779304e+00
1.138494559533901052e-01 5.939655388211324549e+00
1.139229545710390701e-01 5.813088055417445332e+00
1.139964531886880073e-01 5.693297583649084004e+00
1.140699518063369722e-01 5.579622559411845373e+00
1.141434504239859093e-01 5.471385703723525396e+00
1.142169490416348743e-01 5.367900073754890755e+00
1.142904476592838114e-01 5.268476125211588368e+00
1.143639462769327764e-01 5.172429472087493707e+00
1.144374448945817135e-01 5.079089141316364575e+00
1.145109435122306785e-01 4.987806086128948380e+00
1.145844421298796156e-01 4.897961696060942671e+00
1.146579407475285806e-01 4.808976025776331653e+00
1.147314393651775177e-01 4.720315461196260998e+00
1.148049379828264688e-01 4.631499551256510472e+00
1.148784366004754198e-01 4.542106757406301654e+00
1.149519352181243709e-01 4.451778910565497682e+00
1.150254338357733219e-01 4.360224214997266756e+00
1.150989324534222730e-01 4.267218698177476455e+00
1.151724310710712240e-01 4.172606071741421729e+00
1.152459296887201751e-01 4.076296037006887474e+00
1.153194283063691261e-01 3.978261134979183211e+00
1.153929269240180772e-01 3.878532300843447800e+00
1.154664255416670282e-01 3.777193332812169402e+00
1.155399241593159793e-01 3.674374521731291310e+00
1.156134227769649303e-01 3.570245709086966812e+00
1.156869213946138814e-01 3.465009046147581984e+00
1.157604200122628324e-01 3.358891716616300371e+00
1.158339186299117696e-01 3.252138860954485011e+00
1.159074172475607345e-01 3.145006905333932679e+00
1.159809158652096717e-01 3.037757455377359861e+00
1.160544144828586366e-01 2.930651868189865894e+00
1.161279131005075738e-01 2.823946569397641326e+00
1.162014117181565387e-01 2.717889138371944568e+00
1.162749103358054759e-01 2.612715147061937415e+00
1.163484089534544408e-01 2.508645707867845687e+00
1.164219075711033780e-01 2.405885664552929626e+00
1.164954061887523429e-01 2.304622347405182126e+00
1.165689048064012800e-01 2.205024808959851867e+00
1.166424034240502450e-01 2.107243458281121917e+00
1.167159020416991821e-01 2.011410018413645417e+00
1.167894006593481332e-01 1.917637741323353850e+00
1.168628992769970842e-01 1.826021825833755940e+00
1.169363978946460353e-01 1.736639995177352347e+00
1.170098965122949863e-01 1.649553200845918610e+00
1.170833951299439374e-01 1.564806427633790520e+00
1.171568937475928884e-01 1.482429580956161175e+00
1.172303923652418395e-01 1.402438441654759060e+00
1.173038909828907905e-01 1.324835675885868369e+00
1.173773896005397416e-01 1.249611888780190583e+00
1.174508882181886926e-01 1.176746710835615772e+00
1.175243868358376437e-01 1.106209905872599819e+00
1.175978854534865947e-01 1.037962489236424091e+00
1.176713840711355458e-01 9.719578449720209790e-01
1.177448826887844968e-01 9.081428309950503319e-01
1.178183813064334340e-01 8.464588619055923857e-01
1.178918799240823989e-01 7.868429598535477965e-01
1.179653785417313361e-01 7.292287647529533956e-01
1.180388771593803010e-01 6.735474959712171028e-01
1.181123757770292382e-01 6.197288583485018876e-01
1.181858743946782031e-01 5.677018859990283772e-01
1.182593730123271403e-01 5.173957178237351684e-01
1.183328716299761052e-01 4.687402991035405364e-01
1.184063702476250424e-01 4.216670040332495262e-01
1.184798688652740073e-01 3.761091747239824201e-01
1.185533674829229445e-01 3.320025731001479130e-01
1.186268661005719094e-01 2.892857433367801434e-01
1.187003647182208466e-01 2.479002840244923789e-01
1.187738633358697976e-01 2.077910310549739847e-01
1.188473619535187487e-01 1.689061542180212427e-01
1.189208605711676997e-01 1.311971725801477362e-01
1.189943591888166508e-01 9.461889568561687724e-02
1.190678578064656018e-01 5.912929938655508977e-02
1.191413564241145528e-01 2.468934651180987316e-02
1.192148550417635039e-01 -8.737236497236011701e-03
1.192883536594124549e-01 -4.118421542935024604e-02
1.193618522770614060e-01 -7.268312520500330720e-02
1.194353508947103570e-01 -1.032635570459667917e-01
1.195088495123593081e-01 -1.329534462071784162e-01
1.195823481300082591e-01 -1.617793519477253028e-01
1.196558467476572102e-01 -1.897667230272404026e-01
1.197293453653061612e-01 -2.169401437370126473e-01
1.198028439829550984e-01 -2.433235570750404975e-01
1.198763426006040633e-01 -2.689404632269649653e-01
1.199498412182530005e-01 -2.938140927558521298e-01
1.200233398359019654e-01 -3.179675549102256582e-01
1.200968384535509026e-01 -3.414239621482444420e-01
1.201703370711998675e-01 -3.642065323567713619e-01
1.202438356888488047e-01 -3.863386703688966861e-01
1.203173343064977696e-01 -4.078440302799108963e-01
1.203908329241467068e-01 -4.287465597986503951e-01
1.204643315417956717e-01 -4.490705275242348193e-01
1.205378301594446089e-01 -4.688405336773087129e-01
1.206113287770935738e-01 -4.880815044809736492e-01
1.206848273947425110e-01 -5.068186701682968476e-01
1.207583260123914620e-01 -5.250775265209099985e-01
1.208318246300404131e-01 -5.428837798952983462e-01
1.209053232476893641e-01 -5.602632759620682634e-01
1.209788218653383152e-01 -5.772419127565768804e-01
1.210523204829872662e-01 -5.938455391729391408e-01
1.211258191006362173e-01 -6.100998406089459536e-01
1.211993177182851683e-01 -6.260302140844657970e-01
1.212728163359341194e-01 -6.416616357362912026e-01
1.213463149535830704e-01 -6.570185240436998697e-01
1.214198135712320215e-01 -6.721246024618494630e-01
1.214933121888809725e-01 -6.870027652697139331e-01
1.215668108065299235e-01 -7.016749503377575081e-01
1.216403094241788746e-01 -7.161620222042976991e-01
1.217138080418278256e-01 -7.304836683582607293e-01
1.217873066594767628e-01 -7.446583109599593797e-01
1.218608052771257277e-01 -7.587030354496100415e-01
1.219343038947746649e-01 -7.726335367393097897e-01
1.220078025124236298e-01 -7.864640829035174363e-01
1.220813011300725670e-01 -8.002074956442974951e-01
1.221547997477215319e-01 -8.138751463194040525e-01
1.222282983653704691e-01 -8.274769660167429208e-01
1.223017969830194340e-01 -8.410214680541479026e-01
1.223752956006683712e-01 -8.545157813631050203e-01
1.224487942183173361e-01 -8.679656934439208271e-01
1.225222928359662733e-01 -8.813757019020016514e-01
1.225957914536152382e-01 -8.947490739227212941e-01
1.226692900712641754e-01 -9.080879133729666819e-01
1.227427886889131264e-01 -9.213932354420428794e-01
1.228162873065620775e-01 -9.346650488463232875e-01
1.228897859242110285e-01 -9.479024455671876126e-01
1.229632845418599796e-01 -9.611036979007145931e-01
1.230367831595089306e-01 -9.742663622588487726e-01
1.231102817771578817e-01 -9.873873887623254575e-01
1.231837803948068327e-01 -1.000463235194843037e+00
1.232572790124557838e-01 -1.013489983473455425e+00
1.233307776301047348e-01 -1.026463456419271836e+00
1.234042762477536859e-01 -1.039379332394169353e+00
1.234777748654026369e-01 -1.052233255268706813e+00
1.235512734830515880e-01 -1.065020937290430680e+00
1.236247721007005390e-01 -1.077738252643182904e+00
1.236982707183494901e-01 -1.090381319875547206e+00
1.237717693359984272e-01 -1.102946571858190339e+00
1.238452679536473922e-01 -1.115430812468488853e+00
1.239187665712963293e-01 -1.127831259741444825e+00
1.239922651889452943e-01 -1.140145575750555196e+00
1.240657638065942314e-01 -1.152371883950586096e+00
1.241392624242431963e-01 -1.164508775042833122e+00
1.242127610418921335e-01 -1.176555302711463469e+00
1.242862596595410984e-01 -1.188510970712410852e+00
1.243597582771900356e-01 -1.200375712837022490e+00
1.244332568948390005e-01 -1.212149867264599834e+00
1.245067555124879377e-01 -1.223834146691345381e+00
1.245802541301369026e-01 -1.235429605512980089e+00
1.246537527477858398e-01 -1.246937605149728512e+00
1.247272513654347909e-01 -1.258359778477753821e+00
1.248007499830837419e-01 -1.269697994142489961e+00
1.248742486007326929e-01 -1.280954321424150777e+00
1.249477472183816440e-01 -1.292130996189307268e+00
1.250212458360305812e-01 -1.303230388370728576e+00
1.250947444536795461e-01 -1.314254971347160961e+00
1.251682430713285110e-01 -1.325207293490585414e+00
1.252417416889774482e-01 -1.336089952121209734e+00
1.253152403066263854e-01 -1.346905570009845121e+00
1.253887389242753503e-01 -1.357656774515792364e+00
1.254622375419243152e-01 -1.368346179394446693e+00
1.255357361595732524e-01 -1.378976369220701770e+00
1.256092347772221895e-01 -1.389549886339857210e+00
1.256827333948711545e-01 -1.400069220191298314e+00
1.257562320125200916e-01 -1.410536798816114157e+00
1.258297306301690566e-01 -1.420954982335008054e+00
1.259032292478179937e-01 -1.431326058153992165e+00
1.259767278654669587e-01 -1.441652237678404447e+00
1.260502264831158958e-01 -1.451935654304051582e+00
1.261237251007648608e-01 -1.462178362491155070e+00
1.261972237184137979e-01 -1.472382337739144731e+00
1.262707223360627629e-01 -1.482549477322958609e+00
1.263442209537117000e-01 -1.492681601676196124e+00
1.264177195713606650e-01 -1.502780456318523861e+00
1.264912181890096021e-01 -1.512847714269932808e+00
1.265647168066585670e-01 -1.522884978888908947e+00
1.266382154243075042e-01 -1.532893787081007986e+00
1.267117140419564691e-01 -1.542875612834153642e+00
1.267852126596054063e-01 -1.552831871026056021e+00
1.268587112772543435e-01 -1.562763921452573257e+00
1.269322098949033084e-01 -1.572673072997918808e+00
1.270057085125522733e-01 -1.582560587890613490e+00
1.270792071302012105e-01 -1.592427685959160399e+00
1.271527057478501477e-01 -1.602275548813866024e+00
1.272262043654991126e-01 -1.612105323863415762e+00
1.272997029831480775e-01 -1.621918128117709301e+00
1.273732016007970147e-01 -1.631715051680817652e+00
1.274467002184459519e-01 -1.641497160889848317e+00
1.275201988360949168e-01 -1.651265501061915941e+00
1.275936974537438817e-01 -1.661021098787498929e+00
1.276671960713928189e-01 -1.670764963774924894e+00
1.277406946890417561e-01 -1.680498090211141715e+00
1.278141933066907210e-01 -1.690221457651862380e+00
1.278876919243396582e-01 -1.699936031436250161e+00
1.279611905419886231e-01 -1.709642762656448767e+00
1.280346891596375603e-01 -1.719342587689229873e+00
1.281081877772865252e-01 -1.729036427341952731e+00
1.281816863949354623e-01 -1.738725185623865244e+00
1.282551850125844273e-01 -1.748409748208654690e+00
1.283286836302333644e-01 -1.758090980624087862e+00
1.284021822478823016e-01 -1.767769726218165971e+00
1.284756808655312665e-01 -1.777446803970946121e+00
1.285491794831802315e-01 -1.787123006202879338e+00
1.286226781008291686e-01 -1.796799096244260596e+00
1.286961767184781058e-01 -1.806475806132889161e+00
1.287696753361270707e-01 -1.816153834406831535e+00
1.288431739537760357e-01 -1.825833844051340193e+00
1.289166725714249728e-01 -1.835516460665886029e+00
1.289901711890739100e-01 -1.845202270897674524e+00
1.290636698067228749e-01 -1.854891821199993629e+00
1.291371684243718398e-01 -1.864585616942040502e+00
1.292106670420207770e-01 -1.874284121898686095e+00
1.292841656596697142e-01 -1.883987758139014090e+00
1.293576642773186791e-01 -1.893696906297174465e+00
1.294311628949676440e-01 -1.903411906235232820e+00
1.295046615126165812e-01 -1.913133058046442514e+00
1.295781601302655184e-01 -1.922860623387423473e+00
1.296516587479144833e-01 -1.932594827073190302e+00
1.297251573655634482e-01 -1.942335858900209544e+00
1.297986559832123854e-01 -1.952083875641905664e+00
1.298721546008613226e-01 -1.961839003167078488e+00
1.299456532185102875e-01 -1.971601338629776379e+00
1.300191518361592524e-01 -1.981370952699874621e+00
1.300926504538081896e-01 -1.991147891790250313e+00
1.301661490714571268e-01 -2.000932180269606064e+00
1.302396476891060639e-01 -2.010723822628163404e+00
1.303131463067550289e-01 -2.020522805607431138e+00
1.303866449244039938e-01 -2.030329100270705567e+00
1.304601435420529310e-01 -2.040142664033371744e+00
1.305336421597018681e-01 -2.049963442641539402e+00
1.306071407773508330e-01 -2.059791372110662877e+00
1.306806393949997980e-01 -2.069626380621867767e+00
1.307541380126487351e-01 -2.079468390366761454e+00
1.308276366302976723e-01 -2.089317319344358381e+00
1.309011352479466372e-01 -2.099173083089262093e+00
1.309746338655956022e-01 -2.109035596318173944e+00
1.310481324832445393e-01 -2.118904774476181530e+00
1.311216311008934765e-01 -2.128780535167834387e+00
1.311951297185424414e-01 -2.138662799442187179e+00
1.312686283361914064e-01 -2.148551492928806539e+00
1.313421269538403435e-01 -2.158446546796790599e+00
1.314156255714892807e-01 -2.168347898534122464e+00
1.314891241891382456e-01 -2.178255492540154492e+00
1.315626228067872105e-01 -2.188169280528533989e+00
1.316361214244361477e-01 -2.198089221748784183e+00
1.317096200420850849e-01 -2.208015283033308407e+00
1.317831186597340498e-01 -2.217947438683415484e+00
1.318566172773830147e-01 -2.227885670212174318e+00
1.319301158950319519e-01 -2.237829965962399470e+00
1.320036145126808891e-01 -2.247780320615067495e+00
1.320771131303298540e-01 -2.257736734618273289e+00
1.321506117479787912e-01 -2.267699213542748282e+00
1.322241103656277561e-01 -2.277667767399895737e+00
1.322976089832766933e-01 -2.287642409921311071e+00
1.323711076009256304e-01 -2.297623157837156427e+00
1.324446062185745954e-01 -2.307610030150678782e+00
1.325181048362235603e-01 -2.317603047433829389e+00
1.325916034538724975e-01 -2.327602231155204038e+00
1.326651020715214346e-01 -2.337607603042913595e+00
1.327386006891703996e-01 -2.347619184505459700e+00
1.328120993068193645e-01 -2.357636996101454940e+00
1.328855979244683017e-01 -2.367661057078544573e+00
1.329590965421172388e-01 -2.377691384968992239e+00
1.330325951597662038e-01 -2.387727995258451585e+00
1.331060937774151687e-01 -2.397770901115057640e+00
1.331795923950641058e-01 -2.407820113179942823e+00
1.332530910127130430e-01 -2.417875639417937705e+00
1.333265896303620079e-01 -2.427937485014407315e+00
1.334000882480109729e-01 -2.438005652322082994e+00
1.334735868656599100e-01 -2.448080140841856434e+00
1.335470854833088472e-01 -2.458160947236455840e+00
1.336205841009578121e-01 -2.468248065368015887e+00
1.336940827186067771e-01 -2.478341486355846612e+00
1.337675813362557142e-01 -2.488441198644018471e+00
1.338410799539046514e-01 -2.498547188087595572e+00
1.339145785715536163e-01 -2.508659438037664557e+00
1.339880771892025813e-01 -2.518777929444379282e+00
1.340615758068515184e-01 -2.528902640956403047e+00
1.341350744245004556e-01 -2.539033549034117598e+00
1.342085730421493928e-01 -2.549170628071044220e+00
1.342820716597983577e-01 -2.559313850520897660e+00
1.343555702774473226e-01 -2.569463187034996210e+00
1.344290688950962598e-01 -2.579618606617568588e+00
1.345025675127451970e-01 -2.589780076780881402e+00
1.345760661303941619e-01 -2.599947563720077071e+00
1.346495647480431268e-01 -2.610121032495712257e+00
1.347230633656920640e-01 -2.620300447222069451e+00
1.347965619833410011e-01 -2.630485771268617157e+00
1.348700606009899661e-01 -2.640676967460960256e+00
1.349435592186389310e-01 -2.650873998287703870e+00
1.350170578362878682e-01 -2.661076826111235860e+00
1.350905564539368053e-01 -2.671285413377722406e+00
1.351640550715857703e-01 -2.681499722829000731e+00
1.352375536892347352e-01 -2.691719717721005267e+00
1.353110523068836724e-01 -2.701945362043282728e+00
1.353845509245326095e-01 -2.712176620756094891e+00
1.354580495421815745e-01 -2.722413460042668376e+00
1.355315481598305394e-01 -2.732655847594596565e+00
1.356050467774794765e-01 -2.742903752934303441e+00
1.356785453951284137e-01 -2.753157147794020432e+00
1.357520440127773786e-01 -2.763416006566748351e+00
1.358255426304263436e-01 -2.773680306845767163e+00
1.358990412480752807e-01 -2.783950030070625914e+00
1.359725398657242179e-01 -2.794225162302897303e+00
1.360460384833731828e-01 -2.804505695144259292e+00
1.361195371010221200e-01 -2.814791626814690417e+00
1.361930357186710849e-01 -2.825082963410515902e+00
1.362665343363200221e-01 -2.835379720339073373e+00
1.363400329539689593e-01 -2.845681923935465818e+00
1.364135315716179242e-01 -2.855989613258568482e+00
1.364870301892668891e-01 -2.866302842038725984e+00
1.365605288069158263e-01 -2.876621680750655941e+00
1.366340274245647635e-01 -2.886946218758493998e+00
1.367075260422137284e-01 -2.897276566478600657e+00
1.367810246598626933e-01 -2.907612857462574141e+00
1.368545232775116305e-01 -2.917955250314541615e+00
1.369280218951605677e-01 -2.928303930302018188e+00
1.370015205128095326e-01 -2.938659110537313879e+00
1.370750191304584975e-01 -2.949021032561622846e+00
1.371485177481074347e-01 -2.959389966168137320e+00
1.372220163657563718e-01 -2.969766208289836840e+00
1.372955149834053368e-01 -2.980150080784426336e+00
1.373690136010543017e-01 -2.990541926950758267e+00
1.374425122187032389e-01 -3.000942106663773146e+00
1.375160108363521760e-01 -3.011350990015110085e+00
1.375895094540011410e-01 -3.021768949442577679e+00
1.376630080716501059e-01 -3.032196350368096205e+00
1.377365066892990431e-01 -3.042633540462402308e+00
1.378100053069479802e-01 -3.053080837733487485e+00
1.378835039245969452e-01 -3.063538517743904066e+00
1.379570025422459101e-01 -3.074006800331213540e+00
1.380305011598948473e-01 -3.084485836324470043e+00
1.381039997775437844e-01 -3.094975694774234398e+00
1.381774983951927216e-01 -3.105476351306098337e+00
1.382509970128416865e-01 -3.115987678171613595e+00
1.383244956304906514e-01 -3.126509436601640601e+00
1.383979942481395886e-01 -3.137041271957482280e+00
1.384714928657885258e-01 -3.147582712121353765e+00
1.385449914834374907e-01 -3.158133169404999663e+00
1.386184901010864556e-01 -3.168691946126035219e+00
1.386919887187353928e-01 -3.179258243789059080e+00
1.387654873363843300e-01 -3.189831175674706643e+00
1.388389859540332949e-01 -3.200409782405291281e+00
1.389124845716822598e-01 -3.210993049965104262e+00
1.389859831893311970e-01 -3.221579929448456170e+00
1.390594818069801342e-01 -3.232169357809000942e+00
1.391329804246290991e-01 -3.242760278748898273e+00
1.392064790422780640e-01 -3.253351662981959436e+00
