3.53742168	1.3729
3.47911494	1.3953
3.46454173	1.421
3.47867126	1.4397
3.50635494	1.4551
3.53086232	1.4499
3.56612943	1.4379
3.61575267	1.4214
3.64879928	1.4162
3.63697474	1.4129
3.59936643	1.3998
3.56101421	1.3958
3.55671956	1.3886
3.5714772	1.3753
3.58450647	1.3663
3.60342161	1.3504
3.64706032	1.3317
3.69870232	1.3274
3.7263261	1.3228
3.69947113	1.3273
3.64689774	1.3444
3.6028522	1.3774
3.56780353	1.4151
3.52870485	1.4527
3.50263809	1.4737
3.50190154	1.4698
3.55510513	1.4419
3.64643461	1.4069
3.73695448	1.3656
3.78276851	1.3167
3.80197965	1.2703
3.82823251	1.2503
3.84926691	1.2549
3.81322553	1.279
3.73494056	1.3191
3.66425385	1.3741
3.64628423	1.4285
3.65251115	1.4687
3.65961317	1.4737
3.64951551	1.4496
3.64347531	1.4148
3.64591805	1.374
3.64755356	1.3311
3.62401641	1.3043
3.57957773	1.2972
3.54523191	1.3042
3.52940777	1.3125
3.54730293	1.3071
3.58970869	1.2964
3.64233319	1.2852
3.68570323	1.2807
3.70830254	1.2826
3.71239677	1.2988
3.68893025	1.3396
3.64423139	1.413
3.58191009	1.4907
3.52208569	1.546
3.48403654	1.5727
3.46984384	1.5848
3.47244481	1.5834
3.48919728	1.5448
3.51724696	1.4744
3.5507534	1.3899
3.57860528	1.3261
3.60766242	1.2876
3.64013861	1.2672
3.65796525	1.2726
3.63378592	1.3084
3.58061401	1.3728
3.54311839	1.4438
3.53780842	1.5015
3.55654993	1.5284
3.57060031	1.5362
3.58319417	1.5165
3.59933858	1.4681
3.62288372	1.4069
3.62590956	1.353
3.58570963	1.3314
3.53233169	1.3227
3.48662211	1.3297
3.44687767	1.3423
3.41615188	1.3561
3.40979377	1.3837
3.43860357	1.4154
3.5011419	1.4329
3.57389126	1.4392
3.6389744	1.4377
3.69291387	1.4473
3.71445866	1.4709
3.70444803	1.4926
3.65871364	1.4888
3.5903203	1.4765
3.54880708	1.4647
3.53689513	1.4569
3.55241626	1.4409
3.57331337	1.412
3.60134648	1.3639
3.64847179	1.3104
3.70573171	1.2754
3.73587418	1.26
3.71249356	1.2556
3.66476542	1.2591
3.63823061	1.2652
3.64328379	1.2736
3.6709184	1.2739
3.70731524	1.2739
3.7418512	1.2839
3.77777394	1.3006
3.78946409	1.3275
3.75956248	1.3489
3.68819123	1.3666
3.61470803	1.3793
3.55229467	1.3923
3.51312624	1.3826
3.48187078	1.3666
3.4813612	1.3313
3.49922666	1.2944
3.54254215	1.2523
3.59482715	1.2083
3.62809621	1.1814
3.63035289	1.1801
3.60792945	1.2185
3.57928416	1.2691
3.54546838	1.3065
3.52118115	1.3231
3.52261768	1.3223
3.54255628	1.3243
3.58470347	1.3063
3.65072663	1.252
3.72741889	1.1765
3.76987491	1.1165
3.76434959	1.092
3.73673903	1.0945
3.68868988	1.116
3.6332853	1.1381
3.57276051	1.1752
3.53819286	1.2166
3.55125925	1.2416
3.61785855	1.2341
3.71209778	1.2061
3.78080369	1.1791
3.80344042	1.1677
3.78149489	1.1792
3.74123629	1.2123
3.68408861	1.2618
3.61712373	1.3111
3.56448129	1.3623
3.56035397	1.3905
3.60897927	1.3824
3.68750493	1.3389
3.76941666	1.2669
3.81548432	1.1815
3.8336123	1.1012
3.82017425	1.0663
3.76136959	1.0698
3.64319481	1.1149
3.51400288	1.1958
3.44617824	1.284
3.43577083	1.3514
3.45307262	1.3947
3.47888676	1.4035
3.50491524	1.3871
3.53255965	1.3625
3.56350673	1.3436
3.57548432	1.3453
3.56295864	1.3575
3.54355263	1.3633
3.53195096	1.3673
3.53864107	1.3715
3.56339543	1.3601
3.57699775	1.3405
3.57802234	1.2983
3.55912797	1.262
3.5340739	1.2453
3.51309433	1.2428
3.49370728	1.2434
3.49190761	1.2391
3.49618953	1.2366
3.51966526	1.2286
3.56421782	1.2165
3.62211348	1.1868
3.67479941	1.1518
3.7022219	1.1199
3.68259623	1.1152
3.64141211	1.1382
3.5916285	1.185
3.55092221	1.2354
3.51219028	1.2892
3.47950722	1.3335
3.47943277	1.3572
3.51486484	1.3445
3.56215022	1.2965
3.58977387	1.2452
3.59469064	1.2079
3.58701819	1.2049
3.57264275	1.2451
3.54858175	1.3107
3.53226984	1.3831
3.51955564	1.4475
3.5201733	1.4851
3.53356614	1.5052
3.56367847	1.5062
3.60502989	1.4721
3.64892355	1.3909
3.69846202	1.2947
3.73600687	1.221
3.72479196	1.2075
3.67428654	1.2382
3.62207215	1.2745
3.58322949	1.2993
3.55783724	1.3149
3.54018325	1.3252
3.54207295	1.3163
3.57709248	1.2807
3.65218813	1.2323
3.74441295	1.1957
3.80648036	1.1755
3.82649692	1.1828
3.82615582	1.2186
3.80679467	1.2793
3.76735982	1.344
3.72205533	1.4105
3.69816263	1.4511
3.70904421	1.4351
3.73898864	1.3806
3.7823865	1.3158
3.80665643	1.2712
3.81473312	1.257
3.81101454	1.2561
3.78852383	1.2661
3.74358207	1.2866
3.6806128	1.3355
3.62432456	1.3927
3.58593811	1.4303
3.57063629	1.4223
3.56518909	1.3858
3.56348636	1.3468
3.58273295	1.3219
3.61983547	1.3207
3.64965485	1.3355
3.6469504	1.3473
3.62145549	1.3568
3.59912311	1.3665
3.59029778	1.3759
3.5905574	1.3753
3.59222213	1.3583
3.6001147	1.3245
3.60821731	1.2898
3.62087433	1.2642
3.61205492	1.2683
3.56375443	1.2935
3.50322042	1.3254
3.45523936	1.3553
3.43936681	1.3762
3.46043472	1.3756
3.50680066	1.3567
3.57364214	1.3151
3.64764689	1.2739
3.72014294	1.2573
3.78198461	1.2622
3.80743519	1.2858
3.786479	1.3135
3.70657853	1.3565
3.61979333	1.3964
3.56357896	1.4039
3.55312267	1.3769
3.58030799	1.3281
3.62699212	1.2699
3.67583835	1.2181
3.70017513	1.2026
3.6947964	1.2257
3.66367124	1.2831
3.60112828	1.3725
3.53724034	1.4577
3.49039823	1.5166
3.47728191	1.5322
3.49792481	1.5137
3.56687378	1.4477
3.66271363	1.3472
3.76219706	1.2482
3.81155925	1.1944
3.80741028	1.1999
3.75508617	1.2557
3.66331591	1.3416
3.56401057	1.4395
3.48335378	1.5158
3.43738852	1.5416
3.4455478	1.5063
3.50294963	1.4342
3.58542733	1.344
3.65798995	1.2596
3.70228245	1.1936
3.72877776	1.1638
3.74054154	1.1805
3.73543685	1.239
3.70314625	1.3336
3.65976411	1.4337
3.6317099	1.5034
3.63832757	1.537
3.67237194	1.5525
3.71878684	1.5511
3.74285628	1.531
3.73316795	1.4909
3.69886169	1.454
3.66248258	1.4306
3.64134123	1.4184
3.62795232	1.4123
3.61490459	1.4025
3.61047197	1.3876
3.63117712	1.3824
3.66477492	1.3833
3.67809053	1.3942
3.64443619	1.407
3.5827803	1.4283
3.52639225	1.4613
3.49703262	1.4816
3.49785726	1.4851
3.51622457	1.4711
3.53908479	1.4459
3.57096676	1.4172
3.60824562	1.3898
3.6312702	1.3741
3.62983281	1.3802
3.59050623	1.4049
3.53724376	1.4439
3.48862893	1.4877
3.46693709	1.5183
3.45874333	1.5249
3.47167228	1.5015
3.50522312	1.4574
3.55558711	1.3918
3.59628758	1.34
3.62461731	1.3165
3.62191059	1.3344
3.5856707	1.3706
3.54547997	1.4281
3.51968793	1.4863
3.50817605	1.5324
3.51426889	1.5592
3.5342626	1.5603
3.55604719	1.538
3.59569555	1.4792
3.64635019	1.3913
3.67018148	1.3146
3.65923171	1.2683
3.60562305	1.2635
3.54064548	1.2928
3.49855718	1.3407
3.47651454	1.3882
3.46524808	1.4401
3.46246116	1.4748
3.46854434	1.4806
3.50059799	1.4458
3.56524134	1.3812
3.64508029	1.3057
3.71054931	1.2309
3.73672986	1.1759
3.73455098	1.1411
3.70898252	1.1384
3.66926819	1.1622
3.63256004	1.1971
3.60353851	1.233
3.59517786	1.2519
3.61209876	1.2487
3.64884259	1.2319
3.70037241	1.2033
3.74445639	1.1805
3.77606786	1.1576
3.77376113	1.1469
3.7334099	1.1568
3.6830858	1.1955
3.63850477	1.2521
3.60199623	1.3078
3.57226335	1.3384
3.56479904	1.3483
3.58486416	1.3441
3.63370785	1.3263
3.68318628	1.3014
3.71073658	1.2704
3.71903831	1.2434
3.68695787	1.2332
3.63740797	1.243
3.5707673	1.269
3.50846088	1.2914
3.46643315	1.3057
3.47017424	1.3111
3.5152348	1.3118
3.58208984	1.3067
3.65097299	1.2898
3.69973119	1.2722
3.73782822	1.2595
3.78974136	1.2465
3.82613442	1.2449
3.82000224	1.2385
3.76928983	1.227
3.72334354	1.2109
3.70564786	1.2063
3.69975695	1.2196
3.69539588	1.2282
3.66587311	1.2303
3.63080496	1.2298
3.59863955	1.2359
3.57456089	1.2503
3.54811419	1.2701
3.52411533	1.2829
3.51817431	1.2797
3.53572878	1.2567
3.56987585	1.2235
3.60366383	1.1933
3.62699188	1.1709
3.63677864	1.1755
3.64604992	1.2018
3.63966578	1.2465
3.5974354	1.316
3.53190251	1.3981
3.48094396	1.4533
3.45600568	1.4732
3.45052834	1.462
3.46805021	1.419
3.50457744	1.3478
3.55160945	1.2603
3.60436802	1.1787
3.65642713	1.1191
3.6847844	1.1042
3.67127798	1.1354
3.62757159	1.1943
3.57479739	1.2624
3.54513782	1.296
3.5385844	1.3134
3.55209367	1.3183
3.58662094	1.3141
3.65299991	1.2875
3.74277728	1.2304
3.80489213	1.1751
3.81467224	1.1472
3.78145058	1.1472
3.72058121	1.1835
3.659212	1.2308
3.59698454	1.2655
3.54319261	1.2913
3.52516861	1.3122
3.55071134	1.3167
3.60450363	1.3081
3.6767417	1.2804
3.73473337	1.2535
3.77068022	1.2398
3.76954732	1.2485
3.72123812	1.2906
3.64574138	1.3556
3.58171769	1.4148
3.54527543	1.4532
3.5354214	1.4627
3.54740529	1.4466
3.57598482	1.4021
3.62408398	1.3467
3.68518464	1.2874
3.72635426	1.2449
3.7096977	1.2327
3.64231296	1.2493
3.57510768	1.2877
3.53039008	1.327
3.51411407	1.3589
3.52740278	1.3875
3.57474859	1.4114
3.66089428	1.4054
3.76508504	1.3731
3.84678777	1.3347
3.86826387	1.3136
3.84024018	1.3101
3.78769139	1.3232
3.72389599	1.3465
3.64001739	1.3798
3.55609073	1.4224
3.49855198	1.4576
3.48364463	1.4594
3.50719028	1.4226
3.54729678	1.3719
3.59164797	1.3355
3.62478629	1.3215
3.63850128	1.3268
3.62797811	1.3526
3.60539674	1.3831
3.57191877	1.4124
3.54277968	1.443
3.53809184	1.4646
3.55050768	1.4756
3.58616769	1.4568
3.62490582	1.419
3.66428708	1.3806
3.69370684	1.3651
3.69685319	1.3655
3.66057173	1.3789
3.60041552	1.3731
3.53489421	1.3593
3.49614476	1.3453
3.49058971	1.32
3.49163013	1.2779
3.5013052	1.2146
3.5079714	1.1611
3.52562164	1.1478
3.55924075	1.1786
3.57041374	1.2268
3.54219049	1.2751
3.4890365	1.3349
3.45128953	1.4184
3.45282025	1.4996
3.48906674	1.5378
3.54478429	1.521
3.6040665	1.4692
3.6458239	1.41
3.66757889	1.3689
3.65628108	1.3482
3.60241135	1.3562
3.53093247	1.3849
3.45930793	1.4306
3.40745621	1.4852
3.36366352	1.5314
3.32873539	1.5479
3.3132578	1.5239
3.32548185	1.4732
3.34784144	1.4128
3.38218393	1.3643
3.42876168	1.3303
3.49734514	1.3122
3.55948587	1.2922
3.58078385	1.287
3.57265407	1.3148
3.56100777	1.361
3.54455464	1.4104
3.51380491	1.4393
3.45832867	1.4473
3.39892546	1.4629
3.35980051	1.4797
3.34044076	1.4795
3.32646468	1.4585
3.31109126	1.4371
3.30601963	1.4228
3.32979588	1.4066
3.36185327	1.3985
3.39434267	1.3792
3.41591707	1.3747
3.4266849	1.3892
3.42740016	1.4243
3.40572385	1.4651
3.37556501	1.4929
3.36270045	1.5061
3.35888104	1.5046
3.36432557	1.4797
3.37012687	1.4386
3.38149121	1.3866
3.4005878	1.3353
3.41747427	1.2843
3.41006196	1.2583
3.38313343	1.2764
3.35623064	1.3278
3.34722406	1.3743
3.33134354	1.4027
3.31058978	1.4255
3.30541051	1.4463
3.32823132	1.4634
3.3782642	1.4517
3.43746183	1.4057
3.47917217	1.3412
3.5051831	1.2793
3.54247825	1.2461
3.59035889	1.2533
3.60436034	1.2805
3.5540217	1.3249
3.47343831	1.3766
3.41641818	1.4259
3.38803392	1.4531
3.37477005	1.4517
3.36207011	1.4281
3.34300564	1.3938
3.34207974	1.3548
3.36317908	1.3227
3.3908231	1.3085
3.41295781	1.2892
3.42614663	1.2794
3.45008	1.2856
3.49438445	1.3079
3.52777116	1.3299
3.53981421	1.3303
3.53692849	1.3238
3.52841497	1.3114
3.52114062	1.3126
3.49926776	1.3262
3.45727671	1.3318
3.41795638	1.3198
3.38692358	1.3014
3.3851373	1.2803
3.40626029	1.2725
3.42100328	1.262
3.41571621	1.2408
3.40375326	1.2151
3.39923752	1.2048
3.41259661	1.2188
3.41809372	1.2623
3.4085578	1.3071
3.39409717	1.3531
3.39527514	1.4006
3.41773938	1.4502
3.43646421	1.4797
3.43982943	1.4648
3.43511032	1.4288
3.44111682	1.4051
3.45836373	1.3965
3.45043403	1.3991
3.41782686	1.3927
3.38075943	1.37
3.35056429	1.3556
3.32083868	1.3608
3.29093286	1.3799
3.2745126	1.406
3.27954704	1.4184
3.31318065	1.4081
3.3610996	1.4103
3.40967719	1.4279
3.45355687	1.449
3.49462496	1.4648
3.51632002	1.4687
3.50351545	1.4546
3.45355431	1.437
3.39241829	1.3954
3.3530562	1.3585
3.34274311	1.3166
3.34869472	1.2923
3.35173145	1.2565
3.36447499	1.2498
3.40005512	1.2598
3.45161026	1.2896
3.47765083	1.3356
3.46460567	1.3677
3.42566118	1.4078
3.39483196	1.4534
3.39311968	1.4807
3.41211403	1.4927
3.43693203	1.4708
3.46237622	1.4236
3.48468328	1.3665
3.52351196	1.3061
3.56498818	1.2796
3.58042909	1.2718
3.53644246	1.2953
3.4570789	1.3436
3.3956474	1.3908
3.37478824	1.441
3.38467964	1.4568
3.39317082	1.4498
3.39135107	1.4178
3.38980428	1.3724
3.41033374	1.3069
3.45358562	1.24
3.47494996	1.1987
3.46694035	1.1868
3.4549066	1.2231
3.46160885	1.2891
3.46855465	1.3443
3.43981941	1.3956
3.40078409	1.4346
3.39144428	1.4603
3.42865378	1.4532
3.49949351	1.4117
3.54426417	1.3477
3.53998198	1.2921
3.51910668	1.2564
3.51667607	1.2481
3.51490108	1.2677
3.48720027	1.3113
3.44857666	1.3759
3.42402453	1.4417
3.42083338	1.4908
3.42287917	1.5071
3.42307441	1.5057
3.42127367	1.4838
3.41759027	1.4452
3.41940727	1.4029
3.41859144	1.3769
3.42000587	1.3569
3.42681651	1.3445
3.45894508	1.3329
3.51857602	1.3192
3.58114598	1.3053
3.62274645	1.2944
3.63196359	1.2921
3.62099735	1.2854
3.58644263	1.2827
3.53356683	1.2959
3.4727288	1.3117
3.42748318	1.3195
3.41202455	1.3113
3.43232361	1.2855
3.48019466	1.2473
3.53511386	1.2111
3.5878926	1.1826
3.64651661	1.1655
3.66705791	1.1953
3.63083857	1.2555
3.56536379	1.3372
3.50875257	1.4093
3.47116264	1.462
3.45330582	1.4704
3.43912004	1.4554
3.43074874	1.4098
3.44029702	1.3378
3.47792823	1.2626
3.52323641	1.2184
3.54504941	1.216
3.54740237	1.2554
3.55271398	1.304
3.5516996	1.3564
3.54546272	1.3972
3.53011248	1.4338
3.52579028	1.4562
3.5282905	1.4533
3.52869781	1.4099
3.51848259	1.3413
3.51346212	1.281
3.52066527	1.2565
3.53127371	1.2657
3.52651489	1.2846
3.5002127	1.2953
3.47707893	1.2932
3.47606066	1.2952
3.4784156	1.2967
3.4706907	1.2973
3.4489444	1.2995
3.44189683	1.3047
3.44796186	1.3082
3.42820324	1.3308
3.38786983	1.3703
3.3556377	1.4127
3.35824319	1.4457
3.38319791	1.4644
3.40656891	1.4703
3.41781155	1.4601
3.43775428	1.4196
3.48459134	1.3728
3.53676299	1.333
3.54936516	1.3144
3.51007803	1.3079
3.45484627	1.3053
3.42338241	1.3079
3.39559402	1.332
3.36411007	1.3704
3.34028597	1.4099
3.34937488	1.4336
3.39171877	1.4435
3.45476241	1.4494
3.50427829	1.4513
3.54000404	1.4333
3.56810535	1.4086
3.58704234	1.3988
3.58513323	1.3957
3.55870323	1.3909
3.52973548	1.3735
3.51945515	1.3617
3.52408698	1.3697
3.54717534	1.386
3.57838791	1.3999
3.60615878	1.3994
3.61287304	1.3985
3.5980144	1.416
3.57803454	1.4362
3.55526021	1.445
3.5266149	1.4419
3.49918791	1.4429
3.48417052	1.452
3.48890651	1.4414
3.50994861	1.4162
3.5440752	1.3882
3.57476715	1.3946
3.59300138	1.4252
3.5897187	1.4538
3.57624088	1.4702
3.55834516	1.4821
3.55705161	1.4934
3.56409117	1.5022
3.56450537	1.486
3.57215928	1.4453
3.60014485	1.409
3.63801874	1.3843
3.63977733	1.379
3.60530777	1.3783
3.55933053	1.3973
3.53511555	1.4346
3.51895432	1.4913
3.49079288	1.5392
3.45972804	1.5605
3.44356325	1.5565
3.46183811	1.5316
3.51088054	1.4797
3.55135219	1.4203
3.57996939	1.3595
3.60612684	1.3261
3.62409562	1.3273
3.60682788	1.3786
3.55251869	1.4518
3.50884765	1.5172
3.48121386	1.5569
3.46920344	1.5582
3.4664597	1.5233
3.46999556	1.4578
3.48259082	1.3833
3.52098447	1.2978
3.56763452	1.2244
3.5850222	1.1899
3.56634295	1.1994
3.54157867	1.2478
3.52240378	1.3125
3.50500125	1.3735
3.49094337	1.4238
3.49915221	1.4711
3.54172457	1.4858
3.60813498	1.4722
3.6699505	1.445
3.71129793	1.4077
3.71584723	1.3775
3.69327578	1.3609
3.64777874	1.3668
3.58677578	1.3854
3.52090144	1.4087
3.45824411	1.4334
3.43234303	1.4489
3.4514777	1.46
3.49523191	1.4591
3.54139405	1.4445
3.58554108	1.4131
3.62567361	1.3837
3.65403256	1.3749
3.65223272	1.388
3.60618908	1.417
3.53995277	1.4464
3.48251936	1.467
3.4720333	1.4806
3.49588919	1.4827
3.52437705	1.4622
3.52990188	1.4384
3.53506037	1.4086
3.55622598	1.3865
3.5824553	1.373
3.57682675	1.3722
3.52208723	1.3795
3.45362389	1.3934
3.4076041	1.4165
3.39685036	1.4291
3.40127116	1.4264
3.40579642	1.4205
3.4136057	1.4115
3.44061557	1.3916
3.47510981	1.3699
3.48632494	1.3584
3.46651504	1.3626
3.43367336	1.3721
3.40492405	1.384
3.39116882	1.4059
3.3907313	1.4431
3.39730261	1.4736
3.40038135	1.4777
3.38751178	1.4553
3.37665488	1.4159
3.37902097	1.4085
3.38418309	1.4158
3.37858735	1.4293
3.36275012	1.4383
3.35483781	1.4387
3.36792741	1.424
3.39728629	1.4092
3.42036995	1.3842
3.42403408	1.3408
3.42357942	1.299
3.43353788	1.2775
3.43335606	1.2921
3.39671787	1.3308
3.33879028	1.3942
3.29897773	1.4449
3.28539912	1.4641
3.28727902	1.4614
3.29207025	1.4478
3.29976993	1.4229
3.31921391	1.3717
3.35991434	1.3034
3.41361708	1.267
3.45481828	1.2662
3.44809396	1.3071
3.39763583	1.3661
3.34009169	1.4392
3.31485666	1.5149
3.3201937	1.5725
3.34190069	1.5999
3.36568429	1.5967
3.39258308	1.558
3.4327402	1.4903
3.49424605	1.4017
3.5603317	1.3168
3.5752842	1.2673
3.53590382	1.2648
3.4778935	1.3047
3.42004886	1.3738
3.3630629	1.4423
3.32463813	1.4794
3.31345286	1.4934
3.33927855	1.5032
3.39950903	1.5024
3.46787784	1.4851
3.52456893	1.4475
3.56948226	1.419
3.60136333	1.4172
3.59437136	1.4432
3.54820689	1.4774
3.4876253	1.5137
3.4415836	1.5258
3.40707714	1.5123
3.37342012	1.4598
3.3441273	1.3937
3.32701312	1.3373
3.3275295	1.2986
3.35195573	1.2618
3.39095062	1.2294
3.43154493	1.222
3.47576664	1.2434
3.49938556	1.2898
3.50557976	1.3293
3.50163519	1.3575
3.51251988	1.3698
3.53650662	1.3822
3.55018237	1.3878
3.53620668	1.3812
3.50816038	1.3563
3.49113992	1.3391
3.4940335	1.3281
3.5046634	1.3228
3.50826941	1.3114
3.49477124	1.2891
3.48563775	1.2714
3.50146631	1.2505
3.52777998	1.2463
3.54526296	1.2471
3.5292118	1.2627
3.49552551	1.2966
3.46795976	1.3396
3.45057006	1.3995
3.43528622	1.4504
3.43039696	1.4865
3.43283885	1.508
3.45705984	1.4972
3.49420282	1.4526
3.53510235	1.3934
3.55169185	1.3413
3.54071186	1.3121
3.50736535	1.3234
3.45169117	1.3628
3.39760058	1.4229
3.35480962	1.4816
3.33648159	1.5305
3.34092329	1.5621
3.36232697	1.5747
3.4028866	1.5577
3.46337739	1.5239
3.52601516	1.4882
3.56621625	1.4428
3.56027885	1.4188
3.53413922	1.4053
3.50843304	1.4207
3.48831895	1.4541
3.46185572	1.484
3.42941503	1.4957
3.41980682	1.486
3.44354885	1.4765
3.48591309	1.4727
3.52557515	1.4615
3.5387836	1.4359
3.53711061	1.4069
3.53274951	1.4086
3.52748014	1.4509
3.51080551	1.5073
3.48481964	1.5399
3.461652	1.5436
3.45234147	1.5315
3.45610865	1.5054
3.46141262	1.4551
3.46932353	1.366
3.48516268	1.2802
3.51770277	1.2193
3.54517659	1.2049
3.54553297	1.2151
3.51342189	1.2377
3.47497728	1.2758
3.4550217	1.3248
3.45082095	1.3728
3.44584534	1.4154
3.42793312	1.4306
3.41542888	1.4262
3.42268288	1.42
3.46370803	1.3998
3.50394612	1.3817
3.51195136	1.3681
3.51110712	1.3587
3.51441925	1.3616
3.52669376	1.3706
3.53382428	1.3828
3.52487357	1.3917
3.5163468	1.3946
3.5207203	1.3975
3.53161289	1.4115
3.54312167	1.4311
3.55658464	1.4456
3.57602941	1.4467
3.58541626	1.4251
3.58365878	1.389
3.58198315	1.3436
3.59482772	1.2789
3.60090122	1.2044
3.5955494	1.1404
3.56257045	1.1123
3.54350409	1.1327
3.54775653	1.1937
3.55296738	1.2693
3.54191893	1.3358
3.52876335	1.3797
3.53413403	1.3967
3.56294478	1.393
3.59250282	1.3743
3.59522523	1.3393
3.55947782	1.3148
3.51526856	1.3085
3.50077734	1.3375
3.50697469	1.3696
3.49151196	1.4016
3.45473412	1.4182
3.41681405	1.4143
3.39237798	1.4047
3.38996349	1.3887
3.40022477	1.3669
3.40286266	1.3504
3.39571184	1.3204
3.40149425	1.2978
3.4404159	1.2932
3.49984699	1.3088
3.5470773	1.3484
3.55985526	1.3964
3.54538899	1.4341
3.52622882	1.47
3.5099692	1.4802
3.49046472	1.4664
3.46767574	1.414
3.43526778	1.3405
3.42329096	1.2615
3.44548975	1.1963
3.48779268	1.1637
3.52479642	1.1485
3.54208308	1.1496
3.5635237	1.1618
3.57399726	1.2033
3.55610305	1.2601
3.52152913	1.3113
3.49300905	1.3353
3.48619293	1.332
3.49661787	1.3173
3.50290745	1.3167
3.50641359	1.3086
3.51287885	1.2962
3.53564372	1.2743
3.55285178	1.2756
3.54564391	1.2892
3.52197848	1.2902
3.50373321	1.2852
3.50245256	1.2775
3.50440875	1.2921
3.49694833	1.3298
3.47915034	1.3712
3.46154621	1.4041
3.45796763	1.4177
3.46302441	1.4209
3.47828039	1.4124
3.50762739	1.3854
3.53677682	1.33
3.57459341	1.2573
3.61617806	1.1985
3.63872562	1.1721
3.61443273	1.1895
3.55637244	1.23
3.49121422	1.2829
3.44442625	1.3191
3.42230527	1.3391
3.4261911	1.3456
3.44530955	1.3474
3.46504692	1.3432
3.4919228	1.3211
3.51877237	1.2922
3.52702798	1.2793
3.51746981	1.2998
3.50281137	1.3367
3.48412139	1.3744
3.46794237	1.3984
3.45701551	1.4049
3.45400789	1.3888
3.46723488	1.3612
3.49448991	1.316
3.51388561	1.276
3.52344763	1.2673
3.5276912	1.2968
3.52447509	1.3483
3.50277918	1.4101
3.47710834	1.4663
3.45606625	1.4997
3.4512141	1.5008
3.46380663	1.4674
3.48863427	1.4008
3.52001636	1.3116
3.55066798	1.2265
3.58262605	1.1788
3.62562457	1.1849
3.66497468	1.231
3.67060006	1.2902
3.64173008	1.3366
3.60786272	1.3675
3.59153269	1.3858
3.60086884	1.3909
3.61263921	1.372
3.60364058	1.3373
3.57695814	1.3035
3.55337129	1.2871
3.55185142	1.3085
3.54937348	1.3476
3.54584446	1.3725
3.54639594	1.3931
3.55876655	1.409
3.58899316	1.4132
3.61862272	1.4
3.64349912	1.3654
3.66366269	1.3404
3.66865742	1.3484
3.65150597	1.3821
3.61384763	1.4132
3.56794472	1.4167
3.52234185	1.4148
3.49035634	1.4203
3.48181955	1.4342
3.49635032	1.4456
3.5301855	1.4217
3.58302772	1.3786
3.64201091	1.3384
3.67292518	1.3205
3.66693448	1.3212
3.63775552	1.3263
3.58604333	1.3428
3.52207053	1.3635
3.45849423	1.3829
3.42125907	1.387
3.43531621	1.3603
3.49351247	1.3096
3.57211138	1.2555
3.63759282	1.2204
3.68108857	1.2255
3.69442129	1.2722
3.66680911	1.3461
3.61018826	1.4207
3.55308856	1.4659
3.50234567	1.4891
3.46625026	1.4879
3.45156298	1.4654
3.45049352	1.4091
3.46750144	1.3272
3.50563603	1.2433
3.56772487	1.1912
3.63902105	1.1894
3.68122065	1.22
3.67416472	1.259
3.61848179	1.3084
3.5569429	1.3526
3.50269822	1.3957
3.46706577	1.4158
3.44691058	1.4031
3.43648605	1.3643
3.44223022	1.3138
3.47122052	1.2754
3.53032629	1.2657
3.59004018	1.264
3.62638761	1.2795
3.63109555	1.297
3.61339425	1.3204
3.59379798	1.3381
3.58752072	1.3336
3.58034197	1.3161
3.56346212	1.2944
3.53414642	1.2814
3.51282098	1.2875
3.50476063	1.2939
3.51028715	1.2944
3.51785505	1.2984
3.52325064	1.3087
3.54382954	1.3206
3.57657957	1.3202
3.62214359	1.2996
3.65674128	1.2691
3.65261187	1.2615
3.62100086	1.2754
3.60589924	1.2858
3.60131024	1.2814
3.57103548	1.273
3.52681945	1.2744
3.49211653	1.2908
3.49658292	1.3071
3.52987066	1.3098
3.5534215	1.3238
3.55460711	1.3501
3.54502763	1.3879
3.55312793	1.4183
3.57516789	1.4335
3.58680814	1.4338
3.5763826	1.4141
3.54908988	1.3826
3.53631767	1.3464
3.52738151	1.3197
3.52283421	1.2983
3.50294737	1.2932
3.48650056	1.3118
3.49453968	1.3497
3.51432073	1.3988
3.53197523	1.4459
3.52699712	1.4749
3.5053518	1.4904
3.48340837	1.4917
3.46893849	1.4737
3.4522127	1.4541
3.42250982	1.4323
3.3977808	1.4252
3.39536239	1.4349
3.41454469	1.4502
3.44002159	1.4657
3.45525865	1.4867
3.46874843	1.4997
3.49030944	1.4977
3.49898423	1.4841
3.48406792	1.463
3.4541079	1.4392
3.42441454	1.4276
3.40730207	1.4252
3.40046672	1.4041
3.38942501	1.3877
3.38853222	1.3872
3.41044114	1.3962
3.46421885	1.4015
3.52397901	1.4102
3.56233147	1.4222
3.57282516	1.4545
3.57645812	1.4863
3.57235952	1.5071
3.5424285	1.5084
3.49658927	1.4831
3.44963954	1.448
3.43169074	1.3994
3.44332435	1.3454
3.47032636	1.2923
3.49698705	1.2581
3.52166519	1.2606
3.54986975	1.2954
3.575393	1.3523
3.57293271	1.4145
3.55800266	1.463
3.53570048	1.5048
3.51879004	1.5208
3.50345601	1.5088
3.49411597	1.4507
3.48980218	1.3661
3.49336783	1.295
3.49619477	1.265
3.50182555	1.2749
3.5166313	1.2865
3.52367501	1.3056
3.52097694	1.3287
3.50827538	1.3757
3.50672842	1.4233
3.50948722	1.4591
3.51741794	1.4622
3.51380841	1.4487
3.51058661	1.4164
3.52402056	1.3782
3.55377723	1.3424
3.59185674	1.3146
3.61678839	1.3037
3.62142682	1.3119
3.61073792	1.3364
3.5848575	1.3693
3.55085687	1.4056
3.5200546	1.4273
3.49808963	1.4258
3.47263799	1.417
3.4496045	1.394
3.44228475	1.3623
3.45894358	1.3299
3.48484986	1.3155
3.50756304	1.3199
3.51576587	1.3402
3.54147586	1.3552
3.5952719	1.3666
3.65108416	1.3733
3.66860721	1.3901
3.63806343	1.4092
3.58810702	1.4196
3.5504748	1.406
3.54032077	1.3725
3.53142083	1.3489
3.49816247	1.3427
3.46018666	1.3531
3.44450732	1.3714
3.45835717	1.375
3.47892389	1.3832
3.49365864	1.3893
3.49207872	1.3954
3.48904069	1.4061
3.48996687	1.407
3.49737057	1.4132
3.50102658	1.4136
3.50740102	1.4153
3.54035434	1.407
3.58517808	1.4035
3.61511408	1.4021
3.62092464	1.4012
3.60982566	1.3985
3.61887789	1.3797
3.64169139	1.3517
3.6561927	1.3216
3.64782454	1.2942
3.6303769	1.2675
3.61163602	1.2492
3.61557	1.2388
3.62699368	1.2377
3.63384192	1.2444
3.6407651	1.2431
3.642179	1.2547
3.64624695	1.2856
3.6456272	1.3269
3.63801491	1.3592
3.61628215	1.3742
3.58206994	1.3905
3.55603896	1.4071
3.54914497	1.4214
3.56898856	1.4088
3.6058029	1.383
3.63387721	1.366
3.64069641	1.3686
3.63013317	1.3859
3.60938933	1.413
3.57929224	1.4371
3.53872249	1.4754
3.50001678	1.5076
3.47315137	1.5098
3.46485497	1.466
3.47087909	1.3989
3.49444658	1.3219
3.52606782	1.2583
3.55657375	1.2114
3.57810646	1.1869
3.58864925	1.1806
3.58704826	1.2005
3.56495757	1.2516
3.5389532	1.3169
3.53416559	1.3701
3.54193718	1.3935
3.55171047	1.3812
3.56591258	1.3548
3.57972515	1.3125
3.58887223	1.2666
3.59460318	1.2225
3.59195418	1.1884
3.57398749	1.1796
3.53839191	1.2016
3.50802855	1.2391
3.48896999	1.2826
3.48932983	1.3069
3.49745825	1.3257
3.51819472	1.3297
3.54256034	1.3277
3.57456394	1.3184
3.60458604	1.2987
3.62391963	1.273
3.61426833	1.2684
3.58882989	1.2793
3.5621189	1.2983
3.54315537	1.3253
3.5440345	1.3317
3.54729726	1.3301
3.55081533	1.3339
3.54747359	1.3489
3.55113684	1.3484
3.55373313	1.3333
3.55039284	1.3038
3.5200751	1.3026
3.48182346	1.3127
3.46630703	1.3211
3.48622226	1.32
3.53305692	1.3171
3.56910033	1.3126
3.59897784	1.311
3.62341171	1.3102
3.65966689	1.3026
3.68831578	1.2916
3.68096167	1.2987
3.64591064	1.3323
3.6157854	1.3775
3.61276469	1.4083
3.62868592	1.4131
3.65812423	1.3923
3.69532114	1.3492
3.72332989	1.3122
3.74044851	1.2814
3.72457701	1.2668
3.6955451	1.2609
3.69478498	1.2778
3.72673638	1.3186
3.74669305	1.3639
3.73829774	1.3666
3.71094126	1.3427
3.70046524	1.304
3.71856757	1.2671
3.73718142	1.2483
3.7096566	1.2497
3.6448057	1.2594
3.5706603	1.2832
3.53297663	1.3219
3.52417755	1.3667
3.53293988	1.3943
3.53710562	1.3899
3.55065146	1.3455
3.56552603	1.2892
3.5795428	1.2374
3.5836433	1.2069
3.56780394	1.2127
3.54274575	1.2329
3.51216886	1.267
3.47884593	1.3207
3.46427738	1.3783
3.48197744	1.4164
3.51855973	1.4273
3.56033913	1.4123
3.6005925	1.3679
3.64770043	1.3078
3.70110326	1.2492
3.73949433	1.2119
3.73390785	1.1963
3.68010899	1.2151
3.62129844	1.2722
3.59818612	1.3334
3.59985508	1.3642
3.62013966	1.3556
3.65049506	1.3219
3.69212027	1.2736
3.74936619	1.2364
3.80352284	1.2083
3.82196052	1.1971
3.77639536	1.2211
3.69787345	1.2997
3.63851319	1.3999
3.60370095	1.4764
3.5903158	1.4922
3.58580818	1.465
3.59036473	1.4097
3.61251062	1.3355
3.66264046	1.2588
3.71486622	1.2116
3.73554423	1.1991
3.72388855	1.2158
3.69119792	1.262
3.66505368	1.3176
3.64411783	1.3751
3.61843227	1.4173
3.59924202	1.4261
3.58730464	1.41
3.59972125	1.3682
3.63298753	1.3215
3.65356273	1.279
3.6474308	1.259
3.63941105	1.2483
3.63812616	1.242
3.63673317	1.2403
3.62261276	1.2395
3.62161734	1.2198
3.6441928	1.195
3.70845898	1.1587
3.78606417	1.1103
3.83940562	1.077
3.85373222	1.1046
3.8507436	1.1729
3.83928013	1.257
3.80391318	1.344
3.74324707	1.4041
3.67103763	1.4271
3.61695231	1.4148
3.604735	1.3791
3.63134048	1.3342
3.67306304	1.2762
3.69396153	1.2189
3.69695779	1.1802
3.69357879	1.1801
3.69030626	1.2057
3.66076976	1.236
3.61613432	1.2597
3.55432221	1.2823
3.50791689	1.3029
3.48754132	1.328
3.50577756	1.3446
3.55288999	1.3414
3.59707975	1.336
3.6332517	1.3243
3.65380148	1.3095
3.67271579	1.2918
3.66914672	1.2741
3.633164	1.2561
3.56763341	1.2394
3.49825689	1.216
3.46063986	1.1892
3.47936217	1.1587
3.53622081	1.1282
3.59585252	1.1137
3.63063396	1.1235
3.6513195	1.1494
3.67414687	1.1762
3.68457232	1.2136
3.67074914	1.2551
3.66010783	1.2808
3.65605525	1.2918
3.67429007	1.2733
3.71223682	1.2433
3.77426574	1.2188
3.84046115	1.2149
3.88828217	1.2224
3.90466017	1.2299
3.8738244	1.2433
3.82567699	1.2696
3.77617143	1.3063
3.72471797	1.3344
3.67028916	1.3496
3.61863179	1.35
3.5798055	1.3367
3.58141759	1.3185
3.61571128	1.2813
3.64782192	1.2432
3.64833574	1.2176
3.60675965	1.2165
3.54847835	1.2384
3.48588572	1.2786
3.4321149	1.3286
3.38951972	1.3826
3.36880781	1.4182
3.3628217	1.4285
3.3674697	1.4002
3.38295531	1.3575
3.41396944	1.3118
3.4457277	1.2775
3.46760495	1.253
3.4654979	1.249
3.45010585	1.2751
3.42526189	1.3063
3.40101993	1.3324
3.38406597	1.3432
3.37569965	1.337
3.3824138	1.3173
3.41178624	1.2936
3.45673244	1.2749
3.50027454	1.2597
3.54027732	1.2422
3.57442408	1.2289
3.59701033	1.2331
3.5880368	1.2499
3.55752601	1.2676
3.53444994	1.2929
3.52480604	1.3416
3.53786384	1.3673
3.55657882	1.3796
3.56592657	1.3745
3.57010515	1.3646
3.57940985	1.3549
3.59163436	1.3419
3.58319435	1.3292
3.55407615	1.313
3.52884537	1.2931
3.51870081	1.2984
3.52609922	1.3096
3.53380079	1.3281
3.54652125	1.3376
3.56457829	1.3276
3.5906848	1.3148
3.60371978	1.3003
3.58471552	1.2726
3.53706802	1.2581
3.48601808	1.2591
3.44375009	1.2717
3.40463743	1.2887
3.3606576	1.3094
3.32619067	1.3345
3.33310534	1.3548
3.37808038	1.3665
3.44913181	1.3438
3.51757685	1.2847
3.58578219	1.2257
3.63570617	1.2059
3.66101573	1.2377
3.65747996	1.2955
3.6389591	1.359
3.62093733	1.3967
3.59287899	1.4274
3.548244	1.4628
3.5035912	1.4793
3.48171497	1.4714
3.50334591	1.4212
3.55068414	1.3529
3.58286988	1.2844
3.57275694	1.235
3.55038539	1.2174
3.54581413	1.2251
3.55219899	1.2391
3.53439132	1.2672
3.50430074	1.2988
3.48530938	1.3458
3.49628658	1.3905
3.52957463	1.4263
3.56638785	1.4409
3.59741069	1.4317
3.62905644	1.3876
3.66237035	1.3259
3.69112952	1.2693
3.69194381	1.234
3.6453387	1.2149
3.56151003	1.197
3.47089612	1.1777
3.39074129	1.1843
3.35044291	1.2157
3.35012954	1.2584
3.37312784	1.3048
3.39701257	1.3573
3.40553499	1.407
3.41495764	1.4447
3.44668716	1.4557
3.48259279	1.4411
3.49908702	1.4022
3.4901595	1.3551
3.48741298	1.3005
3.50538659	1.256
3.53342128	1.2335
3.54750956	1.2543
3.52601874	1.3199
3.50081155	1.4066
3.50082246	1.49
3.51646994	1.5412
3.51446405	1.5536
3.49794722	1.5402
3.49721776	1.4878
3.50493791	1.4
3.51172323	1.2964
3.49371856	1.222
3.45112016	1.1864
3.40473496	1.1957
3.37213176	1.2357
3.36139389	1.2954
3.34579054	1.3776
3.34532483	1.4558
3.37204204	1.5122
3.41910425	1.533
3.45421671	1.5403
3.47097212	1.5324
3.48335671	1.4974
3.49620224	1.4593
3.49254255	1.4236
3.45692385	1.4168
3.40900888	1.4429
3.3898988	1.4668
3.40766161	1.4683
3.41749346	1.4697
3.40214373	1.4687
3.37503485	1.4788
3.37148099	1.4682
3.39699725	1.4346
3.40723803	1.3945
3.38403551	1.3751
3.36124262	1.377
3.38316847	1.3793
3.44045061	1.369
3.48514911	1.3722
3.48701595	1.3801
3.47282557	1.3843
3.49125486	1.3786
3.54703857	1.3774
3.57170366	1.389
3.52448511	1.4187
3.46110308	1.4274
3.44154187	1.4042
3.47690683	1.3485
3.53694265	1.2754
3.56408481	1.2121
3.57142099	1.1545
3.59510255	1.1137
3.62073432	1.1017
3.62393697	1.1165
3.60655023	1.1489
3.60821442	1.1738
3.62607299	1.2
3.63535371	1.2338
3.63888239	1.2583
3.66234673	1.2706
3.73299861	1.2384
3.83022905	1.1906
3.89758096	1.1517
3.88418075	1.144
3.83047346	1.1608
3.79683562	1.1918
3.77307493	1.2379
3.73777898	1.3012
3.68508133	1.3784
3.64220075	1.443
3.63369723	1.4543
3.64637871	1.4177
3.66794513	1.37
3.68313794	1.318
3.68645817	1.2753
3.67044744	1.2476
3.63321436	1.2526
3.59160807	1.2931
3.57854767	1.343
3.60387319	1.3604
3.652825	1.3433
3.69936633	1.3183
3.74018829	1.3073
3.78358333	1.2947
3.83294712	1.2717
3.84721372	1.2608
3.79447792	1.2921
3.70295708	1.3474
3.61707145	1.3962
3.57143105	1.4178
3.57249028	1.4149
3.59735991	1.397
3.64255195	1.3726
3.70843104	1.343
3.76523466	1.296
3.80006317	1.2472
3.8039632	1.2306
3.77793636	1.2389
3.72719691	1.2701
3.65347219	1.3009
3.56616612	1.328
3.49821569	1.3588
3.46374153	1.3905
3.45709501	1.4125
3.46870746	1.4116
3.49886122	1.3834
3.53952757	1.3411
3.57933635	1.2967
3.6059112	1.2545
3.61527633	1.217
3.59777086	1.2107
3.57829358	1.2383
3.54915447	1.2998
3.50922135	1.3618
3.4739783	1.4091
3.44841484	1.4525
3.44263942	1.4833
3.45338025	1.4853
3.4746468	1.454
3.4889874	1.4119
3.48689975	1.3676
3.48193488	1.3329
3.47623298	1.319
3.46118864	1.3064
3.4334948	1.3023
3.4135033	1.3096
3.41060043	1.3222
3.4289901	1.3339
3.45756782	1.3545
3.47649917	1.3851
3.48536523	1.4131
3.49077225	1.422
3.49934163	1.411
3.50985025	1.3842
3.51524058	1.3458
3.52865565	1.3147
3.55578622	1.2898
3.60616927	1.2583
3.66117839	1.2187
3.68043542	1.1998
3.64718214	1.2119
3.58513868	1.2499
3.52920098	1.3009
3.49452428	1.35
3.46818039	1.4044
3.4555572	1.4438
3.45985918	1.4521
3.48659758	1.4307
3.54068213	1.3826
3.59600874	1.3326
3.64200326	1.2862
3.66811679	1.239
3.66231555	1.2359
3.63080058	1.2733
3.59837303	1.332
3.57169107	1.3802
3.55983592	1.4145
3.56440754	1.4291
3.58209691	1.4218
3.60877633	1.3895
3.65185538	1.3321
3.69138699	1.2822
3.69287442	1.2638
3.65833521	1.2723
3.60357433	1.2997
3.56371822	1.3204
3.53052631	1.3499
3.50405951	1.3886
3.49203063	1.4239
3.51243021	1.416
3.55683969	1.3691
3.59460983	1.3088
3.59080003	1.2618
3.5575691	1.247
3.53253605	1.2714
3.52295612	1.3018
3.4977678	1.339
3.46436154	1.3768
3.45008095	1.3938
3.46862597	1.3826
3.5154019	1.3467
3.577958	1.3099
3.62906444	1.2899
3.65281652	1.2866
3.64497496	1.3032
3.60741212	1.3344
3.54295403	1.388
3.47888612	1.4237
3.43680922	1.4172
3.42862106	1.3586
3.4457	1.2867
3.4852848	1.2204
3.54506675	1.1632
3.61047782	1.1353
3.65320877	1.1425
3.63936169	1.2022
3.58241854	1.2996
3.53195718	1.4152
3.51000514	1.5038
3.50268445	1.5393
3.49805952	1.541
3.50635128	1.5006
3.53459757	1.418
3.58147074	1.3228
3.60469597	1.2615
3.56077416	1.2504
3.48010195	1.2733
3.41367045	1.3236
3.39271831	1.3789
3.3868685	1.4317
3.38515849	1.4602
3.40319567	1.4353
3.44771537	1.3696
3.51018354	1.2891
3.55016035	1.2356
3.52498766	1.2233
3.44908674	1.2462
3.36765899	1.2787
3.31355103	1.3214
3.30094783	1.3582
3.31522495	1.3782
3.35701904	1.369
3.43229781	1.3185
3.56333841	1.2364
3.71406854	1.1804
3.81793308	1.1549
3.81887844	1.1696
3.72929802	1.2151
3.59661129	1.2833
3.46966823	1.3562
3.36020587	1.4147
3.28919873	1.4384
3.26263212	1.4205
3.28792739	1.3727
3.372468	1.2994
3.48952723	1.225
3.58568497	1.1636
3.62938543	1.1374
3.62166904	1.1604
3.55702318	1.22
3.45946659	1.2815
3.36983228	1.3155
3.30954153	1.3264
3.28280633	1.3132
3.29354529	1.2825
3.3409353	1.2215
3.43097097	1.1522
3.52337951	1.1183
3.59022385	1.1175
3.61799323	1.1564
3.59765259	1.236
3.55084697	1.3156
3.49716473	1.3741
3.45487752	1.4095
3.43428031	1.4201
3.42688073	1.396
3.43425478	1.3563
3.45384408	1.3146
3.47810519	1.284
3.49212796	1.2761
3.5083636	1.2945
3.52139698	1.3338
3.52018628	1.3831
3.50838649	1.4193
3.49443766	1.4249
3.48748096	1.4043
3.49034906	1.3642
3.50849077	1.3222
3.52148694	1.2954
3.50139346	1.2912
3.45751052	1.3185
3.42185467	1.364
3.40871655	1.4215
3.39946613	1.4777
3.39601131	1.514
3.40286017	1.5377
3.4352652	1.5304
3.48142223	1.4911
3.52858608	1.4287
3.55170503	1.3667
3.54800417	1.3248
3.53118889	1.3127
3.50293909	1.3199
3.45431377	1.3368
3.41486784	1.3626
3.39225703	1.3844
3.38837005	1.3937
3.39943806	1.398
3.41994037	1.4041
3.46339523	1.4032
3.51497136	1.4001
3.56696212	1.392
3.58233897	1.3831
3.55227523	1.3943
3.51367497	1.4163
3.49651313	1.4278
3.49416593	1.4226
3.48599816	1.3964
3.47726826	1.3597
3.49058478	1.31
3.54651432	1.2637
3.61704248	1.2317
3.65698779	1.2309
3.65377749	1.2503
3.60950295	1.2938
3.55957897	1.3491
3.49391203	1.3929
3.42324316	1.4171
3.36128125	1.415
3.3294227	1.3849
3.32774941	1.3509
3.34823162	1.3316
3.39521317	1.3162
3.45111266	1.3237
3.49868823	1.3482
3.52563696	1.3778
3.52591178	1.3992
3.49434871	1.4009
3.45106361	1.3758
3.4110533	1.3284
3.37759333	1.2633
3.36939571	1.1805
3.37856361	1.104
3.39888858	1.0532
3.40651532	1.0514
3.40733644	1.0972
3.41348944	1.1778
3.41374736	1.2698
3.40994344	1.3433
3.39978212	1.3814
3.40327841	1.3832
3.42693698	1.346
3.47109719	1.2803
3.52975491	1.1866
3.57905095	1.0897
3.60581044	1.0276
3.60971055	1.0211
3.60072884	1.0684
3.5612498	1.1605
3.50295086	1.2744
3.46028247	1.3752
3.44264924	1.457
3.45229479	1.5127
3.46791083	1.55
3.47635381	1.5609
3.4828125	1.5315
3.48784114	1.4812
3.48977425	1.4471
3.47660411	1.447
3.44713228	1.4557
3.4073927	1.4496
3.37752648	1.4244
3.37636357	1.4035
3.38823606	1.3814
3.40761281	1.3502
3.42628934	1.3157
3.45327363	1.2785
3.47307179	1.2695
3.4773238	1.2805
3.46035893	1.3178
3.44468178	1.3583
3.43121653	1.4055
3.41892371	1.4454
3.41262303	1.4623
3.43034348	1.4531
3.47904579	1.4132
3.55111755	1.3457
3.59991328	1.2733
3.59899304	1.2276
3.55787297	1.2099
3.50300474	1.2081
3.44663498	1.2133
3.38150838	1.2418
3.31938778	1.2883
3.29162882	1.3348
3.30468141	1.3666
3.34479951	1.3846
3.38257881	1.3973
3.41132203	1.4106
3.43868226	1.4067
3.46340188	1.4016
3.47054875	1.397
3.44508744	1.4126
3.40214107	1.4319
3.35921584	1.4373
3.33639158	1.428
3.325963	1.4121
3.32740071	1.3984
3.33181564	1.3866
3.34107563	1.3772
3.35563856	1.3735
3.3813363	1.3755
3.40784744	1.3779
3.418058	1.3733
3.39377551	1.3788
3.35400817	1.3986
3.32363891	1.4098
3.30997022	1.4
3.29811769	1.3835
3.27866552	1.366
3.26581579	1.3698
3.27228126	1.3809
3.29695115	1.4049
3.33033163	1.4377
3.34954743	1.4886
3.35608616	1.5346
3.35729556	1.5541
3.36817008	1.5435
3.38303396	1.5256
3.3839405	1.5185
3.38486363	1.5061
3.38927212	1.4878
3.3914997	1.4643
3.3800854	1.4493
3.34867683	1.4463
3.31192658	1.4642
3.28792497	1.4771
3.29597719	1.4683
3.32155385	1.4429
3.36318911	1.4001
3.41241861	1.3553
3.4768659	1.3112
3.53660375	1.2813
3.54989069	1.2726
3.5209768	1.2792
3.46965392	1.3232
3.42921931	1.3883
3.38882964	1.4498
3.34122191	1.4994
3.30911475	1.5302
3.3048648	1.5283
3.33222529	1.4719
3.38454872	1.3785
3.43788764	1.281
3.47074543	1.2097
3.48355459	1.1845
3.47927927	1.2003
3.44250845	1.2435
3.37896153	1.3137
3.32002102	1.393
3.28955064	1.4569
3.29695987	1.4935
3.3243116	1.5099
3.36486876	1.496
3.41936641	1.4335
3.48087918	1.3293
3.53855248	1.2213
3.54391185	1.1548
3.49083273	1.1487
3.41526644	1.1936
3.34965523	1.2591
3.2987461	1.3349
3.26726638	1.4022
3.2529102	1.4554
3.26736861	1.4707
3.31580104	1.4395
3.38319598	1.3806
3.43770462	1.3256
3.44169632	1.2934
3.40547336	1.2907
3.34939092	1.3346
3.29995508	1.4027
3.25618644	1.4816
3.23539276	1.5326
3.24027194	1.5421
3.27481276	1.5134
3.33949457	1.4598
3.4080902	1.3895
3.44619783	1.3139
3.4487307	1.2704
3.43126485	1.2791
3.40573535	1.3559
3.37016402	1.4342
3.33259257	1.4941
3.31001002	1.5278
3.31418805	1.5441
3.35141134	1.5347
3.41451058	1.4756
3.4769732	1.3747
3.53984758	1.2695
3.59301368	1.2102
3.59912421	1.2129
3.54066491	1.2596
3.45062389	1.3265
3.38415909	1.4263
3.36107682	1.5195
3.35888722	1.5604
3.36084397	1.5364
3.37072203	1.4738
3.41718091	1.397
3.48712206	1.3264
3.53757069	1.2753
3.53654643	1.2622
3.49931393	1.2879
3.45042818	1.348
3.40837573	1.4058
3.37033583	1.4409
3.35273868	1.4375
3.36968381	1.4186
3.42815619	1.3795
3.48985094	1.3333
3.54400293	1.278
3.57611373	1.2411
3.56414349	1.2534
3.51857943	1.2913
3.46304254	1.3388
3.41953489	1.3853
3.40625896	1.4104
3.4156455	1.4155
3.44696831	1.3782
3.49782992	1.3092
3.56992313	1.2288
3.64132738	1.1782
3.68472499	1.1624
3.68394656	1.1848
3.63856788	1.2466
3.5823248	1.3197
3.52616786	1.3962
3.4909869	1.4237
3.45889097	1.4147
3.44832427	1.3759
3.48733639	1.3165
3.56104372	1.2726
3.61836687	1.273
3.62751649	1.2911
3.60645897	1.3354
3.58410123	1.3981
3.55490375	1.4539
3.49913291	1.4797
3.43370304	1.4799
3.40470516	1.4511
3.4237615	1.3874
3.47724487	1.2976
3.51954083	1.2296
3.54250949	1.1799
3.56164693	1.1783
3.58186899	1.2195
3.58122059	1.307
3.54494091	1.4163
3.49576976	1.5133
3.45873741	1.5685
3.43724313	1.566
3.4361155	1.5092
3.46879896	1.4133
3.51952015	1.3045
3.55738674	1.2115
3.57437358	1.1574
3.58673489	1.1644
3.57874858	1.2248
3.55206649	1.3199
3.49817059	1.4114
3.44350439	1.4831
3.39732873	1.5274
3.38232972	1.5366
3.41104569	1.5225
3.43680595	1.4825
3.44181402	1.4474
3.44479837	1.4087
3.46548042	1.3819
3.50082239	1.3606
3.51227857	1.3576
3.50010089	1.3702
3.48480242	1.3742
3.48386412	1.3725
3.50692511	1.3716
3.54527989	1.3802
3.57984106	1.404
3.60096616	1.4353
3.6106129	1.4567
3.59330171	1.474
3.57111793	1.4781
3.54776856	1.477
3.52303558	1.4627
3.48474117	1.4388
3.44529869	1.4031
3.42012554	1.3585
3.43047986	1.3299
3.4750914	1.3233
3.50968752	1.329
3.48965629	1.3478
3.44304858	1.3774
3.42368363	1.416
3.4371127	1.4632
3.43389924	1.4964
3.41119016	1.5019
3.38889791	1.4833
3.4151095	1.4654
3.47734851	1.4447
3.5356108	1.4214
3.56503021	1.397
3.57634241	1.3748
3.57891451	1.3732
3.5651841	1.3976
3.51648843	1.4204
3.4487754	1.4274
3.39037087	1.4202
3.36312526	1.3937
3.36242144	1.3803
3.37539019	1.3669
3.39051234	1.3587
3.41657026	1.3574
3.4469826	1.3639
3.46150168	1.3974
3.45765131	1.4458
3.44715333	1.4981
3.43824515	1.5208
3.42650899	1.5203
3.41516429	1.4929
3.41476293	1.4677
3.42271942	1.4466
3.42641944	1.417
3.41663103	1.3775
3.39628261	1.3352
3.3692507	1.3211
3.35480347	1.3281
3.33710776	1.3391
3.31161567	1.3524
3.28503503	1.3674
3.27757281	1.3777
3.29130075	1.3929
3.30804161	1.3933
3.33502813	1.3756
3.37712152	1.3292
3.4178326	1.2843
3.44871903	1.2583
3.46214897	1.2467
3.46811859	1.2569
3.47249188	1.2789
3.47142732	1.3089
3.45876405	1.3293
3.44551714	1.3488
3.45238049	1.3514
3.48819935	1.3382
3.53448573	1.2963
3.55205414	1.2584
3.53807381	1.2239
3.50273514	1.2142
3.46579396	1.2276
3.41768716	1.2645
3.37055863	1.3055
3.34103085	1.3523
3.35058412	1.3811
3.38541008	1.396
3.42712904	1.3847
3.4668743	1.3617
3.49187584	1.3315
3.51018536	1.3077
3.49561922	1.3182
3.43872576	1.3434
3.36031604	1.3865
3.30423646	1.4361
3.28188263	1.4832
3.27509123	1.5193
3.2646771	1.5337
3.26532229	1.5033
3.29283781	1.4408
3.35144502	1.3665
3.40534307	1.3235
3.43413015	1.3118
3.43202966	1.3129
3.41081312	1.329
3.37903162	1.3754
3.34932609	1.4496
3.32751308	1.5215
3.33178438	1.546
3.36269213	1.5218
3.41073771	1.4753
3.45467372	1.4211
3.47578605	1.3736
3.47008112	1.3433
3.45937041	1.3336
3.436818	1.3693
3.39083247	1.4389
3.33948509	1.512
3.31523401	1.5472
3.32228244	1.5371
3.35388795	1.498
3.40080068	1.4489
3.451727	1.392
3.50212583	1.3394
3.53457763	1.3054
3.53269017	1.312
3.47445643	1.3749
3.39911406	1.4727
3.34684711	1.5613
3.32066108	1.5948
3.31555704	1.5843
3.3240095	1.5593
3.34490778	1.5085
3.38520517	1.4256
3.44378498	1.325
3.5007401	1.2431
3.51254704	1.2154
3.47207742	1.266
3.41620907	1.3639
3.36640897	1.4697
3.33848072	1.5388
3.33384283	1.5799
3.34922811	1.5879
3.38703882	1.5532
3.44968994	1.4719
3.5333252	1.3523
3.60064702	1.2488
3.63318929	1.2021
3.61439931	1.2293
3.53747763	1.3088
3.44887647	1.4029
3.38333856	1.4858
3.35138535	1.5394
3.34622087	1.5528
3.36308588	1.5435
3.3980832	1.5186
3.45029338	1.4785
3.52582856	1.4242
3.59176336	1.3964
3.61254771	1.4001
3.58637766	1.4301
3.55086858	1.4627
3.52964204	1.4748
3.50106978	1.4807
3.47012149	1.4855
3.45293183	1.4704
3.46968265	1.4311
3.52094037	1.3681
3.56434916	1.3244
3.56858516	1.3144
3.54599434	1.3342
3.53667796	1.3712
3.54452269	1.4119
3.54773711	1.4361
3.53459485	1.4432
3.51781159	1.4311
3.52834548	1.4038
3.57132793	1.3655
3.61086446	1.3332
3.60841842	1.3131
3.57714864	1.3181
3.55393177	1.3536
3.54029743	1.4063
3.51406767	1.4484
3.47889928	1.462
3.45600445	1.4483
3.45981713	1.4127
3.49768263	1.3547
3.55369032	1.2931
3.60833533	1.2425
3.63275031	1.2068
3.63010179	1.196
3.605718	1.2179
3.57042776	1.2613
3.53567179	1.3079
3.50258664	1.358
3.48441623	1.3984
3.48758675	1.4144
3.52033534	1.3946
3.57160763	1.3507
3.62390988	1.2986
3.65627913	1.265
3.66141612	1.2438
3.64203316	1.2423
3.60427688	1.2528
3.55132189	1.2618
3.5020756	1.2661
3.46678232	1.2584
3.44453762	1.2361
3.46030358	1.1941
3.50274979	1.1574
3.55042716	1.136
3.57936092	1.1288
3.57964887	1.1324
3.57019505	1.1473
3.5618233	1.1703
3.53523041	1.2026
3.50360229	1.2238
3.47933007	1.2207
3.47981322	1.1972
3.50377692	1.1765
3.54108242	1.1679
3.57652977	1.1696
3.61132658	1.174
3.63934209	1.1792
3.65461254	1.1861
3.65704055	1.1923
3.65070015	1.1973
3.63075533	1.2015
3.60842327	1.2078
3.59342152	1.2104
3.59578326	1.2059
3.60537719	1.206
3.61269431	1.2185
3.6153141	1.2553
3.62106876	1.2971
3.64519195	1.3282
3.66781238	1.3413
3.67259513	1.3488
3.65304382	1.3543
3.63465223	1.3394
3.61974462	1.3074
3.62127454	1.2625
3.62902515	1.2359
3.63165754	1.2291
3.63168105	1.2273
3.64717962	1.2158
3.64870968	1.2029
3.62172799	1.1995
3.56936218	1.2083
3.52620583	1.2459
3.51677952	1.2913
3.51587697	1.3326
3.5049304	1.3687
3.49509168	1.3876
3.51540075	1.3882
3.56420307	1.3699
3.61704608	1.3352
3.65386369	1.2935
3.67049874	1.2504
3.68151814	1.2201
3.68740822	1.2183
3.65834911	1.2425
3.60218069	1.2895
3.54925006	1.3408
3.52896082	1.3867
3.54844788	1.4065
3.57672872	1.4026
3.60514694	1.3796
3.63099199	1.3463
3.65300366	1.3181
3.68053592	1.3086
3.70275051	1.3112
3.71390375	1.3081
3.71667519	1.292
3.708188	1.2792
3.69049497	1.2828
3.67640024	1.2918
3.67969224	1.294
3.68334555	1.2844
3.6762591	1.2704
3.63243834	1.2891
3.57833422	1.3319
3.53603795	1.3628
3.50331854	1.3708
3.48675776	1.358
3.48410569	1.3389
3.49163853	1.3277
3.51021505	1.3002
3.51886222	1.2699
3.52028375	1.2514
3.51170876	1.2555
3.49037195	1.2906
3.46197124	1.3328
3.44599868	1.3676
3.44804455	1.4045
3.47698124	1.4269
3.52521747	1.4476
3.57350829	1.4418
3.61481733	1.3957
3.64820316	1.3373
3.65806622	1.2824
3.61910563	1.2379
3.53082259	1.2112
3.43270128	1.2147
3.36088655	1.256
3.32155692	1.3033
3.30998375	1.3424
3.3206506	1.355
3.34930617	1.3493
3.4040536	1.3204
3.4837057	1.2694
3.54976892	1.2212
3.57167415	1.1858
3.54273095	1.1616
3.48183845	1.1683
3.40731493	1.1943
3.34005631	1.2415
3.28817373	1.2849
3.2606031	1.3215
3.2610389	1.3353
3.28948416	1.3212
3.3329696	1.2897
3.3712592	1.2562
3.3927531	1.2162
3.37996211	1.1912
3.33170216	1.1906
3.26762094	1.2101
3.21682268	1.2596
3.18881795	1.3144
3.17769603	1.3561
3.17691794	1.3606
3.19441276	1.3266
3.24272532	1.2786
3.30939942	1.2423
0.0	0.0
3.4083225	1.1773
3.4211418	1.1591
3.41349187	1.1774
3.38276099	1.2368
3.33702617	1.3253
3.30527799	1.3841
3.29740273	1.3923
3.3139522	1.3544
3.34067011	1.296
3.37297483	1.233
3.40816193	1.157
3.43308641	1.0952
3.43627301	1.0606
3.40474433	1.0776
3.3498385	1.1505
3.30881487	1.266
3.27728457	1.3548
3.25237652	1.388
3.24625256	1.3696
3.26388239	1.3246
3.30692504	1.2659
3.36156551	1.182
3.41748003	1.1063
3.44871127	1.0636
3.44626732	1.0904
3.43754782	1.1949
3.43176985	1.3196
3.4133207	1.4094
3.38262103	1.4495
3.36284557	1.4448
3.35658971	1.4134
3.35941424	1.342
3.37084029	1.2585
3.37062036	1.2039
3.38111521	1.1911
3.39297043	1.2257
3.39465631	1.2932
3.38057503	1.3682
3.37514348	1.4253
3.39912051	1.4506
3.45878087	1.4511
3.5348473	1.4242
3.59388663	1.3931
3.63782153	1.3526
3.66384298	1.3244
3.65091869	1.3108
3.60329944	1.3301
3.55206869	1.3646
3.53309305	1.3934
3.55293537	1.379
3.6003691	1.345
3.66388554	1.3139
3.70990646	1.2939
3.72692109	1.2764
3.71822952	1.2738
3.65630977	1.3082
3.55922534	1.379
3.47879841	1.4548
3.42958925	1.4841
3.40565208	1.4681
3.40231418	1.4321
3.41961209	1.3847
3.46677343	1.3276
3.55418028	1.2507
3.64623065	1.1827
3.7120276	1.1451
3.7152632	1.169
3.66868724	1.2368
3.59927624	1.3271
3.52276963	1.3975
3.45713834	1.4289
3.42093423	1.4313
3.42278367	1.4084
3.46282466	1.3532
3.51395756	1.2741
3.5545178	1.2041
3.58501254	1.1555
3.62516317	1.1585
3.65075597	1.2169
3.62047384	1.298
3.54010889	1.3641
3.4462713	1.398
3.38918962	1.4146
3.37287934	1.4153
3.38102489	1.3975
3.39979052	1.3626
3.43212669	1.3205
3.484792	1.2895
3.55699921	1.2803
3.61175396	1.2958
3.62929241	1.319
3.60487538	1.3532
3.57605828	1.3871
3.53972436	1.4168
3.48989519	1.4371
3.43015397	1.4551
3.37919361	1.4606
3.35910709	1.448
3.36096563	1.416
3.36705624	1.3929
3.37518647	1.3759
3.38068824	1.3614
3.40752805	1.3407
3.45043466	1.3119
3.47018968	1.3006
3.45430733	1.3114
3.41639166	1.3441
3.39576808	1.3866
3.3773237	1.4315
3.35073799	1.468
3.33141101	1.4899
3.33093522	1.4892
3.34984685	1.471
3.37591192	1.43
3.39393357	1.3865
3.39145495	1.3479
3.3898705	1.3159
3.39212637	1.2986
3.38977826	1.3068
3.37647804	1.3511
3.36212355	1.4156
3.36311912	1.4633
3.38994252	1.4858
3.41817416	1.4704
3.43767546	1.4438
3.44024058	1.429
3.43729813	1.4232
3.44335041	1.4248
3.45216693	1.4339
3.45167806	1.4528
3.44024509	1.4785
3.42476871	1.4917
3.41555157	1.4877
3.4122909	1.4579
3.41287753	1.42
3.41660896	1.3602
3.41109206	1.3164
3.39978271	1.2916
3.38616504	1.3028
3.36994793	1.3325
3.36180363	1.392
3.35444993	1.4632
3.34502512	1.5358
3.35213434	1.5644
3.37008305	1.548
3.39227905	1.4899
3.40489389	1.4078
3.40267611	1.3325
3.41233863	1.2738
3.44288433	1.2346
3.47461571	1.2193
3.4844135	1.2362
3.47323552	1.2942
3.4580663	1.3689
3.44847322	1.4115
3.44128813	1.4126
3.42871564	1.4013
3.41692128	1.3898
3.41612817	1.3792
3.43127863	1.3618
3.45108227	1.361
3.46186372	1.3717
3.46438508	1.3763
3.47099705	1.3696
3.47503143	1.3609
3.47266529	1.3576
3.46327479	1.3752
3.45479033	1.41
3.45176985	1.4372
3.43974425	1.4757
3.42543938	1.5021
3.41754866	1.5143
3.41692273	1.5363
3.41384304	1.5513
3.4079446	1.547
3.40317122	1.5129
3.42571343	1.4542
3.46135717	1.3913
3.4953966	1.3441
3.50266277	1.3091
3.49756419	1.2837
3.47446216	1.2914
3.44810937	1.3321
3.40799952	1.396
3.36683779	1.4566
3.33109492	1.496
3.32229614	1.5065
3.33586716	1.4884
3.36473256	1.4392
3.39881417	1.3785
3.44189283	1.3256
3.48516069	1.3062
3.50707912	1.3118
3.50446224	1.3535
3.49261764	1.4262
3.4752117	1.5019
3.44968037	1.5515
3.42762996	1.5649
3.41273696	1.5502
3.40991272	1.5117
3.41199081	1.4587
3.41315522	1.4086
3.40842174	1.3769
3.41772789	1.3529
3.45831879	1.3426
3.51085568	1.357
3.5573092	1.3984
3.58669244	1.4401
3.61257533	1.4646
3.63618712	1.4699
3.64013692	1.4563
3.60648101	1.4348
3.53862334	1.4246
3.48522176	1.4178
3.45449016	1.4133
3.43977623	1.4166
3.43191095	1.421
3.4406052	1.4166
3.46025935	1.3985
3.49361559	1.3676
3.52900624	1.3427
3.54521016	1.327
3.51527114	1.331
3.46160352	1.3444
3.40455909	1.3675
3.36360622	1.3845
3.33179758	1.4038
3.31717155	1.4214
3.32384405	1.4348
3.36092121	1.4378
3.42335658	1.4157
3.50818619	1.3589
3.59250613	1.2867
3.65357731	1.2375
3.68138539	1.202
3.67653186	1.194
3.64248241	1.2204
3.58486135	1.2708
3.52757709	1.3282
3.48159583	1.3786
3.45965099	1.4059
3.46070434	1.4085
3.46463968	1.3846
3.47883895	1.3385
3.49373775	1.2901
3.50806824	1.2569
3.51091997	1.255
3.50623955	1.287
3.50468348	1.3409
3.50145165	1.3805
3.48017283	1.4051
3.45069016	1.4113
3.42831046	1.4004
3.42719004	1.3722
3.42646928	1.3412
3.41672662	1.3174
3.40750734	1.3134
3.40816637	1.3364
3.42478319	1.3669
3.43055998	1.3902
3.4144309	1.4007
3.39771368	1.3953
3.40348607	1.3799
3.43721376	1.3613
3.47120777	1.343
3.49033839	1.3144
3.49716376	1.2959
3.48914061	1.2941
3.47644755	1.3253
3.46330381	1.3908
3.44976915	1.4641
3.43819215	1.5156
3.43245456	1.5336
3.44004415	1.5375
3.45739602	1.5213
3.47791864	1.4598
3.49753932	1.3631
3.50597687	1.2738
3.50505391	1.2278
3.5000841	1.2211
3.48893967	1.2448
3.46685459	1.2839
3.43850967	1.3318
3.41913823	1.3886
3.41774713	1.4357
3.43943127	1.4558
3.47604825	1.4338
3.5216119	1.3969
3.55564609	1.3661
3.58468661	1.3266
3.60350177	1.3038
3.58314999	1.2983
3.51798389	1.3139
3.43746682	1.3343
3.3718446	1.3646
3.34333422	1.3967
3.3323553	1.41
3.33432945	1.3995
3.33725273	1.3817
3.35517766	1.3587
3.38063496	1.3412
3.40007659	1.3184
3.39640633	1.2904
3.38158667	1.2724
3.3577529	1.2926
3.3464522	1.3345
3.36221061	1.3675
3.39425234	1.3586
3.43135814	1.3518
3.47299338	1.3603
3.52249388	1.3869
3.57930506	1.4074
3.6275388	1.4019
3.64539883	1.3757
3.62195083	1.3526
3.57705504	1.3364
3.53183545	1.3154
3.50307869	1.2745
3.4827041	1.2172
3.49059152	1.1823
3.52053256	1.1878
3.56489667	1.2193
3.59978819	1.2523
3.59443671	1.2787
3.56828108	1.3019
3.53011078	1.3329
3.4990063	1.361
3.48624334	1.3658
3.48353596	1.351
3.48627993	1.3256
3.49945038	1.3016
3.54012222	1.2718
3.60336662	1.2533
3.66842084	1.2456
3.68814896	1.2509
3.65469035	1.2598
3.5770841	1.2828
3.49539836	1.3146
3.44021447	1.3452
3.40539322	1.3556
3.38686266	1.3328
3.38097631	1.305
3.38335192	1.2803
3.41502106	1.2637
3.49207937	1.2432
3.58039758	1.2187
3.64646987	1.1974
3.65293515	1.1891
3.59986694	1.2288
3.54328006	1.3068
3.50358526	1.3985
3.47107396	1.4868
3.44397797	1.5398
3.42046099	1.5484
3.42373025	1.5384
3.45872278	1.4881
3.50446355	1.4245
3.52748257	1.3685
3.51510926	1.3331
3.49350168	1.3099
3.47700095	1.3092
3.44988034	1.3461
3.40809915	1.3794
3.37152741	1.4209
3.35377022	1.4417
3.36885914	1.4277
3.40143297	1.3967
3.42664186	1.3494
3.43041729	1.3152
3.41024905	1.2909
3.37641215	1.3005
3.35337657	1.3345
3.3405193	1.378
3.32971872	1.4132
3.32647063	1.4308
3.33356247	1.4395
3.36890949	1.4363
3.412685	1.4206
3.44726052	1.382
3.44860238	1.3374
3.41990497	1.3086
3.38347411	1.3219
3.35245533	1.3834
3.32217511	1.4701
3.30669602	1.5475
3.30030316	1.5889
3.32386514	1.5765
3.38829322	1.5194
3.48759505	1.4275
3.60634176	1.3112
3.71903584	1.1936
3.78779966	1.1006
3.76816512	1.0689
3.66336421	1.1199
3.5029727	1.2527
3.37771239	1.4215
3.31481773	1.5528
3.29988462	1.608
3.3260879	1.6086
3.39254433	1.5709
3.48776998	1.4815
3.58167323	1.3535
3.63092548	1.2367
3.62550105	1.1731
3.54315353	1.1806
3.41043864	1.2623
3.28292626	1.3912
3.19651293	1.5043
3.15995425	1.5377
3.15955134	1.5358
3.18743088	1.5308
3.23961976	1.4946
3.31211535	1.403
3.39837681	1.2832
3.48171013	1.203
3.50427906	1.193
3.47032913	1.2332
3.40027463	1.3145
3.33140224	1.4116
3.28207367	1.4986
3.26947139	1.5438
3.28969215	1.5327
3.33366757	1.4753
3.39763494	1.3964
3.46201055	1.3242
3.52632433	1.292
3.56557751	1.3004
3.57782736	1.3387
3.54623274	1.4159
3.50589752	1.4791
3.48925155	1.5171
3.51413292	1.5033
3.56213688	1.4479
3.60297276	1.3667
3.62361774	1.2861
3.62413695	1.2255
3.61199178	1.202
3.57537857	1.2332
3.50370243	1.3082
3.41417621	1.4121
3.3429081	1.4964
3.29913128	1.5237
3.29226525	1.5066
3.31999136	1.4633
3.37375037	1.3923
3.45752	1.3077
3.5396494	1.2548
3.57506466	1.2547
3.55311806	1.3136
3.50487112	1.4193
3.4577576	1.516
3.40463889	1.5738
3.35906635	1.5843
3.33464707	1.5571
3.34856932	1.496
3.39879382	1.3859
3.45672074	1.27
3.49042607	1.1814
3.49023751	1.1569
3.4825574	1.1897
3.45259241	1.2742
3.40137646	1.3762
3.35069074	1.4565
3.33512935	1.5083
3.36624278	1.5345
3.43804339	1.5148
3.53135862	1.4331
3.63478582	1.3362
3.70969512	1.2612
3.7211151	1.2399
3.66951629	1.2597
3.57126434	1.3302
3.47436262	1.4217
3.39995621	1.5151
3.36859213	1.5707
3.36360695	1.576
3.38431438	1.5227
3.4273129	1.4292
3.48415099	1.3278
3.51311854	1.2629
3.49489777	1.253
3.43395122	1.2949
3.35377269	1.3892
3.28485123	1.5043
3.24165481	1.5857
3.21946369	1.6082
3.22007627	1.6102
3.25540246	1.615
3.31816811	1.5877
3.39531656	1.4941
3.4849327	1.3656
3.57592182	1.2819
3.6059094	1.2715
3.54634265	1.3368
3.44951806	1.4467
3.37094395	1.5453
3.32655374	1.5897
3.30411636	1.594
3.31084358	1.558
3.36389037	1.4673
3.47224855	1.3363
3.61573694	1.2118
3.70972016	1.1203
3.67787113	1.1018
3.57449504	1.1721
3.46964067	1.3017
3.3727933	1.4186
3.30062442	1.4929
3.27415785	1.54
3.29157076	1.5567
3.33859516	1.5305
3.4056386	1.4623
3.46419999	1.3944
3.49811077	1.3722
3.52129114	1.4086
3.5284613	1.4703
3.48699064	1.5241
3.41398854	1.5584
3.34382867	1.5791
3.2898948	1.5727
3.25593419	1.5154
3.23359841	1.4296
3.20747775	1.3457
3.19677917	1.2863
3.22943186	1.2539
3.29633113	1.2335
3.33829001	1.2553
3.33055715	1.3156
3.30874002	1.3814
3.31009133	1.4135
3.34623076	1.3944
3.39027047	1.3409
3.41271579	1.2838
3.42144005	1.2331
3.43435303	1.2011
3.45944323	1.1962
3.46799401	1.2292
3.44332232	1.2684
3.4118466	1.3225
3.39707663	1.3651
3.40448375	1.3905
3.42594287	1.3924
3.44441301	1.3678
3.44938957	1.3107
3.46361203	1.2601
3.47138005	1.2572
3.46199682	1.2801
3.42656084	1.2991
3.36963087	1.3101
3.30837514	1.3254
3.27045364	1.3471
3.26080372	1.379
3.28836565	1.3957
3.33321384	1.3962
3.38231322	1.3803
3.43992508	1.368
3.50309293	1.3717
3.53429427	1.3956
3.52956084	1.4042
3.47682071	1.4078
3.40916038	1.4204
3.34542839	1.4425
3.30107979	1.4583
3.28041153	1.4808
3.27224596	1.4966
3.28373947	1.4768
3.32167994	1.4422
3.37184074	1.4047
3.41005486	1.3849
3.42695578	1.3923
3.43588133	1.4035
3.42464007	1.4186
3.3973594	1.4268
3.35810606	1.4226
3.33645391	1.4393
3.34486767	1.4641
3.40029863	1.4758
3.47203907	1.4783
3.54258527	1.4918
3.60055242	1.5054
3.63300889	1.5215
3.64372014	1.5109
3.61738249	1.4858
3.5580536	1.4462
3.48962846	1.411
3.43138223	1.3985
3.37871747	1.3911
3.33522819	1.3947
3.3114118	1.3987
3.32466502	1.3934
3.3676334	1.3812
3.43284298	1.3643
3.47469076	1.3601
3.47096178	1.377
3.42437403	1.4202
3.37522842	1.4772
3.3390043	1.5354
3.32192328	1.573
3.3083679	1.5824
3.30337681	1.5584
3.33359402	1.5061
3.41833447	1.4315
3.52155517	1.3671
3.59268412	1.3241
3.59921132	1.3013
3.5544539	1.3045
3.4795626	1.3545
3.38646769	1.4542
3.30996858	1.5617
3.27006437	1.6246
3.25841429	1.6288
3.28303636	1.585
3.35020494	1.505
3.45203882	1.4069
3.56306429	1.3107
3.64789752	1.2299
3.68702584	1.1735
3.65761979	1.146
3.56253335	1.1746
3.45248976	1.2629
3.37252584	1.3739
3.33345712	1.4579
3.32836247	1.4858
3.35379591	1.4795
3.40414836	1.4387
3.47271279	1.3745
3.5301368	1.3155
3.56749205	1.2663
3.56797572	1.2493
3.52274025	1.2688
3.44649591	1.3359
3.38606748	1.4159
3.37302373	1.478
3.38439573	1.4945
3.40285583	1.4884
3.41483125	1.4608
3.42260255	1.4272
3.44072613	1.3996
3.45413719	1.3819
3.43283383	1.3731
3.37580821	1.4073
3.33931506	1.4778
3.34644384	1.5367
3.3733349	1.5439
3.40339731	1.5088
3.44043522	1.4741
3.50578096	1.4424
3.57558582	1.3952
3.6220951	1.343
3.61392772	1.3111
3.56106689	1.3396
3.51530085	1.4096
3.48214125	1.4915
3.4577863	1.5312
3.43584034	1.5275
3.43208901	1.4955
3.45184439	1.4471
3.48980905	1.3748
3.52165639	1.2843
3.50425406	1.2113
3.44781918	1.1909
3.37432695	1.2277
3.30784578	1.3158
3.2602894	1.4129
3.23466195	1.4858
3.23110803	1.5169
3.24833865	1.5169
3.27999664	1.4933
3.31359875	1.4392
3.34379926	1.3528
3.38054489	1.2786
3.39919949	1.2621
3.35911321	1.3261
3.29507067	1.433
3.25009438	1.5231
3.22993344	1.5555
3.21349916	1.55
3.18984569	1.5411
3.17286987	1.5424
3.18532862	1.5321
3.26051864	1.4712
3.37320949	1.3738
3.44440252	1.2995
3.42409387	1.2867
3.37262859	1.325
3.3355112	1.3918
3.30263797	1.4357
3.25072187	1.4755
3.2040747	1.5214
3.19072834	1.563
3.22326339	1.5607
3.29166574	1.5124
3.34468549	1.4608
3.35735924	1.4604
3.36288572	1.4949
3.39174966	1.5101
3.40378626	1.4965
3.37390909	1.4668
3.30954382	1.4527
3.25420179	1.4489
3.23977504	1.4281
3.25358646	1.3834
3.26115875	1.3656
3.25990609	1.3939
3.26627784	1.4536
3.29671378	1.5041
3.33658687	1.5357
3.3634824	1.5573
3.36621365	1.5742
3.36019471	1.5529
3.36442652	1.4903
3.37994599	1.4217
3.37707505	1.3781
3.35011674	1.366
3.33431393	1.3594
3.33429913	1.3664
3.34602963	1.376
3.33865613	1.4025
3.31259577	1.4232
3.29288636	1.428
3.2958653	1.4237
3.31267779	1.4295
3.322807	1.4438
3.31811184	1.4493
3.30810781	1.4478
3.31446516	1.4339
3.32934223	1.4296
3.34860995	1.4225
3.3605996	1.3996
3.37587279	1.3651
3.40150714	1.3331
3.42381092	1.3373
3.41955848	1.3795
3.40309464	1.4254
3.3975988	1.4556
3.39405071	1.4952
3.37671167	1.5306
3.3472516	1.5469
3.33165504	1.5325
3.33947168	1.4838
3.35183053	1.4099
3.35181088	1.3229
3.36105006	1.2516
3.40806672	1.2224
3.46995863	1.2169
3.4839862	1.2325
3.43877394	1.2676
3.38473517	1.3162
3.36982968	1.3683
3.37280983	1.4081
3.36607414	1.428
3.34589288	1.4335
3.33448265	1.4133
3.34345209	1.3793
3.36662568	1.3434
3.36481824	1.3252
3.3463907	1.3351
3.34972408	1.3784
3.35840117	1.4312
3.35402341	1.4924
3.32704137	1.5365
3.30854042	1.5698
3.32441792	1.5839
3.36080045	1.5652
3.38721094	1.5198
3.39693597	1.4776
3.41854134	1.4504
3.44992351	1.4447
3.45632499	1.4477
3.42008878	1.463
3.3797297	1.4864
3.35880824	1.5036
3.35604048	1.5049
3.34786821	1.496
3.3186378	1.4951
3.2868364	1.5041
3.27945029	1.5056
3.27743234	1.5111
3.26366213	1.5297
3.24565093	1.5558
3.23507934	1.5685
3.24846726	1.5548
3.27556371	1.5227
3.30741176	1.5019
3.33569578	1.511
3.35715872	1.5243
3.38039828	1.5091
3.39957536	1.4976
3.4030212	1.5344
3.39159539	1.6001
3.37412753	1.6451
3.35736179	1.6413
3.34035553	1.6036
3.31877346	1.5516
3.288777	1.4922
3.26386554	1.4086
3.24960651	1.3125
3.23475042	1.2508
3.21435144	1.2339
3.19833022	1.2689
3.20699447	1.3482
3.24231523	1.4449
3.28432724	1.5332
3.31550152	1.5892
3.33848211	1.6033
3.36306402	1.608
3.39165973	1.6128
3.40942497	1.6107
3.39632121	1.5632
3.36223915	1.4982
3.32418269	1.4542
3.31065885	1.436
3.30595195	1.4494
3.29786522	1.4541
3.28632546	1.4351
3.2898922	1.4024
3.30269923	1.3902
3.2985888	1.4085
3.27252406	1.4378
3.24190584	1.4544
3.23098731	1.4633
3.23553483	1.4691
3.24259957	1.4559
3.24645211	1.4198
3.26716636	1.354
3.33204293	1.2615
3.4344694	1.1514
3.50208952	1.0661
3.50971404	1.021
3.4852629	1.0339
3.46394794	1.1159
3.42363539	1.2478
3.36405275	1.378
3.30686413	1.4662
3.27740856	1.4952
3.26239547	1.4793
3.25917435	1.4303
3.24669398	1.3651
3.24383968	1.2888
3.27339199	1.2188
3.33720642	1.1882
3.38989104	1.2219
3.39964707	1.2989
3.37819939	1.3864
3.3743527	1.4353
3.39482241	1.4533
3.42065613	1.4556
3.42532236	1.4464
3.40716495	1.4118
3.37285962	1.3602
3.33185287	1.3392
3.29828733	1.3615
3.2875134	1.4109
3.29169126	1.4492
3.29929163	1.4495
3.30824131	1.4412
3.32824795	1.4455
3.36743623	1.4473
3.38719511	1.4201
3.362363	1.3616
3.29675484	1.3155
3.24125315	1.3269
3.20322166	1.3773
3.18068891	1.4165
3.17519572	1.4242
3.19135322	1.4238
3.23296464	1.4315
3.30611318	1.4281
3.40405768	1.3839
3.48681275	1.3213
3.51215699	1.2699
3.48138556	1.2728
3.43863943	1.3403
3.40143695	1.4222
3.3680163	1.4721
3.33925585	1.4804
3.32994622	1.4734
3.34801135	1.4391
3.40416855	1.3644
3.49557994	1.2524
3.57241556	1.1361
3.58236282	1.0504
3.52523123	1.0216
3.4670293	1.0541
3.4240449	1.1379
3.38836941	1.2471
3.34960375	1.3393
3.31451435	1.3923
3.2891848	1.4058
3.26840119	1.3908
3.25720993	1.3422
3.25015471	1.2745
3.25495387	1.2039
3.26131326	1.1652
3.27230215	1.1621
3.28168642	1.1891
3.29234257	1.2439
3.29993467	1.2915
3.29708791	1.3117
3.28979809	1.2981
3.28762528	1.2689
3.30298659	1.2431
3.33299547	1.2305
3.35947487	1.2114
3.36004124	1.1942
3.33199878	1.2065
3.29198666	1.2522
3.26213277	1.3066
3.2477595	1.3451
3.23619482	1.371
3.2289052	1.3842
3.23151358	1.3899
3.24717691	1.3664
3.27923491	1.3076
3.29847537	1.2492
3.29734197	1.233
3.29482024	1.2538
3.30057415	1.2854
3.30046125	1.3168
3.28569816	1.3477
3.25907159	1.3912
3.23648426	1.4223
3.22810131	1.4225
3.23023003	1.3993
3.22913208	1.3991
3.22643239	1.4294
3.23196376	1.4514
3.24573987	1.4461
3.25731303	1.4324
3.25838213	1.4424
3.2542019	1.4418
3.24589191	1.4224
3.23960341	1.3983
3.2207024	1.392
3.18565397	1.4094
3.1558647	1.4393
3.14224825	1.4707
3.14058632	1.485
3.1433869	1.4906
3.1500678	1.4864
3.1686924	1.4687
3.20167354	1.4429
3.24817235	1.4251
3.30996385	1.4052
3.37103583	1.3791
3.41090763	1.3671
3.43319004	1.3783
3.43427772	1.4305
3.41947223	1.4881
3.39259576	1.5109
3.37163185	1.5072
3.35422414	1.4918
3.32884735	1.4791
3.30702053	1.435
3.30091672	1.3346
3.29908061	1.201
3.28219319	1.1002
3.24697677	1.0926
3.23284416	1.1046
3.25326926	1.1271
3.27630965	1.1703
3.28564705	1.2494
3.30220993	1.3285
3.34004591	1.3768
3.39521932	1.389
3.45364411	1.3864
3.49928099	1.3837
3.53424785	1.3413
3.57667337	1.2724
3.63161237	1.2133
3.66696674	1.1792
3.63632059	1.1825
3.57245484	1.1915
3.51673843	1.2131
3.48152299	1.2494
3.46691069	1.2906
3.45513286	1.3225
3.44554363	1.342
3.43778678	1.3618
3.43225121	1.3972
3.4351152	1.4193
3.45041866	1.4061
3.46864443	1.3693
3.48371141	1.3277
3.49188236	1.2819
3.48633182	1.2228
3.4808953	1.1705
3.47719129	1.1596
3.45978183	1.21
3.43394894	1.2957
3.41180041	1.4063
3.40392616	1.4845
3.39806973	1.5238
3.39466178	1.5407
3.39096115	1.5458
3.39424635	1.5294
3.41809573	1.4805
3.45817439	1.4124
3.47986351	1.3586
3.47449668	1.3274
3.44641092	1.3307
3.41853987	1.3554
3.39735879	1.3892
3.37662537	1.4083
3.35986569	1.4045
3.36996218	1.3835
3.40527315	1.3761
3.4438809	1.3592
3.46058642	1.3027
3.4383272	1.2255
3.40631482	1.1776
3.36985632	1.2012
3.32862985	1.2649
3.28682073	1.3267
3.25472416	1.3557
3.24974569	1.3916
3.27011969	1.4376
3.301869	1.4633
3.34298835	1.4326
3.39989689	1.3471
3.46117403	1.258
3.51284428	1.214
3.51347136	1.2237
3.46459837	1.2677
3.39340679	1.3248
3.32146206	1.3692
3.26300058	1.4043
3.2256901	1.4307
3.20830949	1.4229
3.21692712	1.3634
3.26190354	1.2736
3.34670152	1.1901
3.43786671	1.1432
3.49152567	1.1361
3.51543542	1.1518
3.49206765	1.1607
3.43273378	1.162
3.37800672	1.1565
3.3680764	1.1347
3.41514516	1.0824
3.49104326	1.0232
3.5679808	0.9837
3.64960039	0.9891
3.72983407	1.0413
3.7603873	1.1069
3.69248334	1.1676
3.57134317	1.2322
3.46225134	1.2959
3.38834313	1.3413
3.33617728	1.3427
3.3027413	1.2933
3.30996545	1.1975
3.36850048	1.0966
3.46769754	1.0253
3.55160653	0.9989
3.59221255	1.0074
3.60980524	1.039
3.61955988	1.0904
3.61128188	1.1652
3.57444129	1.2449
3.53758311	1.3095
3.53454141	1.336
3.57825916	1.3299
3.66132514	1.2951
3.75659705	1.2713
3.83283471	1.2627
3.8821177	1.2528
3.88081212	1.2544
3.8287454	1.2584
3.73948975	1.2637
3.64293282	1.2757
3.57609303	1.27
3.55742443	1.2512
3.56981625	1.2233
3.59767929	1.2165
3.62952388	1.2354
3.6406089	1.2691
3.61626831	1.3234
3.57122428	1.3765
3.52126273	1.4237
3.48458195	1.452
3.46481471	1.444
3.47028497	1.3918
3.51431416	1.309
3.5808554	1.229
3.65917248	1.1845
3.71717655	1.1825
3.74535712	1.2127
3.73051547	1.2558
3.68602499	1.2987
3.62584299	1.3434
3.5773888	1.3793
3.55214415	1.3919
3.54837653	1.3674
3.55239788	1.3256
3.55721377	1.2868
3.55925965	1.27
3.55978314	1.2814
3.54441433	1.3034
3.49913678	1.3369
3.44451731	1.3678
3.40198531	1.3889
3.38325633	1.3974
3.38185296	1.3927
3.39293821	1.3718
3.42147575	1.3436
3.46408799	1.3335
3.51112137	1.3319
3.52366763	1.3462
3.50656481	1.3743
3.48421107	1.4082
3.48081507	1.4571
3.48024842	1.4983
3.47428489	1.5243
3.47052811	1.5265
3.47272091	1.4791
3.48875424	1.4006
3.5009486	1.3235
3.51000535	1.279
3.5248478	1.2706
3.53566957	1.2678
3.53850823	1.2735
3.51531923	1.2958
3.47551093	1.3467
3.44176495	1.4007
3.4181584	1.4301
3.38888662	1.4295
3.3561023	1.4285
3.33771814	1.4301
3.34400158	1.438
3.36677821	1.4352
3.39345878	1.4223
3.40759835	1.4155
3.42916781	1.4059
3.4675168	1.3963
3.51573571	1.3903
3.54846827	1.3658
3.55444491	1.3345
3.5558062	1.304
3.56680019	1.3002
3.58795186	1.3133
3.60939598	1.3439
3.61883199	1.3754
3.61435389	1.4097
3.59999033	1.4428
3.57594702	1.4855
3.55216672	1.5145
3.53200114	1.5205
3.52044959	1.495
3.51597146	1.4575
3.50877752	1.4197
3.50216942	1.3737
3.51036703	1.3193
3.53335299	1.2716
3.55413237	1.2526
3.54885651	1.2723
3.52365679	1.326
3.50791474	1.3814
3.49845541	1.4186
3.49040314	1.4301
3.47888489	1.4156
3.47943936	1.3826
3.48656697	1.3245
3.48714403	1.253
3.47736175	1.1876
3.47012556	1.1566
3.48531932	1.1713
3.51310197	1.2263
3.52553196	1.2875
3.52846741	1.3288
3.53756078	1.3508
3.57125548	1.3689
3.62033858	1.3765
3.64315249	1.3713
3.63213305	1.3516
3.60916851	1.3409
3.58389108	1.3606
3.56022979	1.3958
3.51997556	1.4291
3.47357561	1.4612
3.45093107	1.4824
3.45580023	1.4751
3.47989819	1.4632
3.48275385	1.4497
3.48224794	1.4193
3.49494335	1.3822
3.51003136	1.3696
3.48886687	1.3846
3.44276845	1.4174
3.41399444	1.4581
3.41523508	1.5002
3.43281939	1.5232
3.45338271	1.5301
3.48515678	1.5022
3.53113851	1.4465
3.57870621	1.379
3.60038398	1.3286
3.57577797	1.3092
3.51330184	1.3379
3.45034064	1.4017
3.38826839	1.4715
3.332614	1.5219
3.29744089	1.5339
3.28846454	1.5227
3.31061181	1.4721
3.35716054	1.409
3.42804709	1.324
3.50410154	1.2515
3.56373711	1.2043
3.56946086	1.2107
3.53671033	1.301
3.49718993	1.4355
3.44910799	1.5701
3.40656835	1.6521
3.38277692	1.6776
3.38455737	1.6714
3.41736982	1.6267
3.46425418	1.5271
3.50432942	1.3809
3.52618178	1.26
3.53183875	1.2075
3.53044652	1.2316
3.49658386	1.3033
3.43008462	1.384
3.35703766	1.4503
3.30949716	1.4946
3.29111192	1.5097
3.29373397	1.4914
3.29471211	1.4228
3.28655856	1.3197
3.29338368	1.2348
3.33710327	1.1856
3.36805477	1.1998
3.36401334	1.2382
3.33987858	1.2884
3.33329114	1.3379
3.344019	1.3742
3.35306696	1.384
3.35687602	1.3667
3.36344237	1.3266
3.37917598	1.2844
3.38137401	1.2817
3.34650181	1.3194
3.3001575	1.3789
3.26495071	1.4355
3.23271881	1.4663
3.21187838	1.4818
3.20400175	1.4778
3.21311914	1.4577
3.23464286	1.4104
3.27283481	1.3437
3.32268769	1.291
3.36205614	1.2951
3.36851548	1.3669
3.35378847	1.4798
3.33918793	1.5581
3.3194151	1.5839
3.30490451	1.5882
3.30336927	1.588
3.30937131	1.5582
3.33572646	1.4746
3.36937889	1.3674
3.38545894	1.3034
3.35726173	1.3057
3.31607971	1.3718
3.28865772	1.4475
3.2612891	1.4873
3.22967815	1.5119
3.20430592	1.5409
3.19892973	1.5666
3.20651576	1.5556
3.22433474	1.481
3.23919397	1.3855
3.23724686	1.3217
3.23237429	1.3105
3.24260991	1.3177
3.26421241	1.3472
3.2745321	1.3774
3.27052811	1.4167
3.27125609	1.467
3.28425728	1.489
3.31035438	1.4738
3.33321951	1.4432
3.33544176	1.4131
3.33703416	1.3946
3.34724301	1.3871
3.35745129	1.4044
3.34618618	1.4315
3.3118739	1.4695
3.28280674	1.496
3.2763335	1.5006
3.30082169	1.4905
3.34339577	1.467
3.36917867	1.4314
3.37903748	1.3912
3.38020415	1.3705
3.37591396	1.364
3.35054885	1.3573
3.29144792	1.3471
3.22836658	1.3461
3.18251007	1.3545
3.16653435	1.3537
3.16647688	1.3435
3.18444128	1.3323
3.22444281	1.333
3.28951245	1.3273
3.35917348	1.3234
3.41750792	1.3236
3.4418604	1.3295
3.44258572	1.3369
3.42979386	1.3489
3.41401977	1.3549
3.37591386	1.3698
3.32338328	1.3806
3.27918127	1.3886
3.27441989	1.3732
3.28646505	1.3551
3.2974018	1.3472
3.30235518	1.3429
3.31205761	1.3354
3.33143037	1.3245
3.35911225	1.3274
3.37214044	1.3539
3.37667844	1.3806
3.38975807	1.3886
3.42743412	1.377
3.4649817	1.3779
3.47329759	1.4049
3.45253988	1.4442
3.44217209	1.4657
3.44362936	1.4667
3.43384303	1.4838
3.40539963	1.5234
3.37636233	1.5526
3.37080112	1.5469
3.39187964	1.5102
3.4143541	1.4748
3.41071213	1.4608
3.38453596	1.4564
3.35326854	1.4557
3.33574341	1.4566
3.31024825	1.4736
3.27539504	1.5082
3.25017048	1.5435
3.25454791	1.5636
3.29383119	1.5642
3.34945624	1.5638
3.40777101	1.5525
3.45780497	1.5417
3.50203171	1.5169
3.53504427	1.4877
3.54406771	1.4693
3.51232833	1.4709
3.45589447	1.4791
3.39265263	1.4789
3.33324894	1.4713
3.29372445	1.4746
3.28107967	1.4793
3.2949439	1.4795
3.32300944	1.4734
3.3640136	1.4631
3.40309548	1.4686
3.43293415	1.4801
3.43808481	1.4943
3.42206434	1.519
3.38797427	1.5664
3.35504897	1.6297
3.33904128	1.6619
3.34174358	1.6455
3.35536741	1.5917
3.36878144	1.5437
3.37288253	1.5184
3.3792148	1.5055
3.37725323	1.4945
3.36024122	1.4977
3.33102263	1.5387
3.30792839	1.5975
3.29720034	1.6431
3.306836	1.6342
3.32961751	1.6059
3.35437284	1.5753
3.37053895	1.5386
3.38009181	1.4856
3.39030627	1.4283
3.38433097	1.3987
3.35398605	1.4152
3.30675826	1.4688
3.26111465	1.5248
3.24151123	1.5532
3.25123578	1.5665
3.27408285	1.5838
3.29651191	1.5928
3.31406884	1.5708
3.3334528	1.5308
3.35267848	1.4966
3.35856721	1.4891
3.33899732	1.4956
3.3163374	1.5125
3.30394218	1.5387
3.31365472	1.5741
3.34082558	1.618
3.36085081	1.6457
3.36852391	1.6514
3.36980168	1.6241
3.37818964	1.5706
3.39391813	1.5087
3.4068451	1.4626
3.39433916	1.4315
3.35126123	1.4348
3.29358681	1.4526
3.25947832	1.4822
3.25074945	1.515
3.25227605	1.5499
3.26773737	1.5773
3.30194864	1.5943
3.35664429	1.5957
3.42262201	1.5859
3.47641612	1.5628
3.49131264	1.5496
3.46926187	1.5528
3.44411245	1.5702
3.42608391	1.5806
3.41347298	1.5702
3.39934843	1.5412
3.39576735	1.4981
3.40376105	1.4529
3.42039349	1.4255
3.43739332	1.4197
3.42786938	1.4313
3.39507544	1.4597
3.36272154	1.5071
3.34063515	1.5635
3.33447807	1.6038
3.33270259	1.6193
3.32365049	1.6029
3.30914393	1.5533
3.29432613	1.4707
3.30842943	1.3806
3.35282249	1.3347
3.4027791	1.3387
3.43175821	1.3861
3.4235065	1.4522
3.40619919	1.5287
3.40814438	1.6064
3.41869674	1.6672
3.42096822	1.6978
3.41409009	1.6709
3.40692662	1.5945
3.41526411	1.5029
3.41937727	1.4305
3.39550332	1.387
3.35138015	1.3728
3.30193489	1.387
3.2626146	1.4436
3.25220653	1.5219
3.26437503	1.5762
3.2785178	1.6017
3.28844604	1.5972
3.30306909	1.5574
3.33211835	1.493
3.36773458	1.4252
3.40970043	1.3862
3.44338429	1.3883
3.45684549	1.407
3.45220864	1.4368
3.43294241	1.4584
3.40250012	1.4924
