8.776139880507261015e-02 -3.032935902735124124e-04
8.779079825213219335e-02 -3.027616632838671992e-04
8.782019769919177654e-02 -3.022292890470464934e-04
8.784959714625134586e-02 -3.016964683510561318e-04
8.787899659331092905e-02 -3.011632019804457317e-04
8.790839604037051225e-02 -3.006294907259934347e-04
8.793779548743009544e-02 -3.000953353748644957e-04
8.796719493448967864e-02 -2.995607367175657891e-04
8.799659438154924795e-02 -2.990256955431141702e-04
8.802599382860883115e-02 -2.984902126433241695e-04
8.805539327566841434e-02 -2.979542888090904807e-04
8.808479272272799754e-02 -2.974179248335609860e-04
8.811419216978756686e-02 -2.968811215088499982e-04
8.814359161684715005e-02 -2.963438796288639073e-04
8.817299106390673324e-02 -2.958061999896563661e-04
8.820239051096631644e-02 -2.952680833846413203e-04
8.823178995802589963e-02 -2.947295306108830074e-04
8.826118940508546895e-02 -2.941905424651430640e-04
8.829058885214505215e-02 -2.936511197451212871e-04
8.831998829920463534e-02 -2.931112632499435246e-04
8.834938774626421853e-02 -2.925709737775576387e-04
8.837878719332378785e-02 -2.920302521307918111e-04
8.840818664038337105e-02 -2.914890991088313040e-04
8.843758608744295424e-02 -2.909475155148700002e-04
8.846698553450253744e-02 -2.904055021524902525e-04
8.849638498156212063e-02 -2.898630598256509566e-04
8.852578442862168995e-02 -2.893201893406655706e-04
8.855518387568127314e-02 -2.887768915036064256e-04
8.858458332274085634e-02 -2.882331671226895375e-04
8.861398276980043953e-02 -2.876890170082029409e-04
8.864338221686002273e-02 -2.871444419710787949e-04
8.867278166391959204e-02 -2.865994428229691688e-04
8.870218111097917524e-02 -2.860540203782822822e-04
8.873158055803875843e-02 -2.855081754533899535e-04
8.876098000509834163e-02 -2.849619088674381490e-04
8.879037945215792482e-02 -2.844152214394769914e-04
8.881977889921749414e-02 -2.838681139922429996e-04
8.884917834627707733e-02 -2.833205873513940749e-04
8.887857779333666053e-02 -2.827726423460517110e-04
8.890797724039624372e-02 -2.822242798070890386e-04
8.893737668745581304e-02 -2.816755005696081190e-04
8.896677613451539623e-02 -2.811263054733242938e-04
8.899617558157497943e-02 -2.805766953605876241e-04
8.902557502863456262e-02 -2.800266710808336492e-04
8.905497447569414582e-02 -2.794762334870764262e-04
8.908437392275371514e-02 -2.789253834390991197e-04
8.911377336981329833e-02 -2.783741218039520850e-04
8.914317281687288153e-02 -2.778224494556016944e-04
8.917257226393246472e-02 -2.772703672759902534e-04
8.920197171099204791e-02 -2.767178761582547806e-04
8.923137115805161723e-02 -2.761649770036547031e-04
8.926077060511120043e-02 -2.756116707279309200e-04
8.929017005217078362e-02 -2.750579582595531888e-04
8.931956949923036682e-02 -2.745038405403505896e-04
8.934896894628993613e-02 -2.739493185302139264e-04
8.937836839334951933e-02 -2.733943932091142948e-04
8.940776784040910252e-02 -2.728390655757816563e-04
8.943716728746868572e-02 -2.722833366560986233e-04
8.946656673452826891e-02 -2.717272074995522989e-04
8.949596618158783823e-02 -2.711706791878481550e-04
8.952536562864742142e-02 -2.706137528371521618e-04
8.955476507570700462e-02 -2.700564296004994520e-04
8.958416452276658781e-02 -2.694987106748285158e-04
8.961356396982617101e-02 -2.689405973053916269e-04
8.964296341688574032e-02 -2.683820907926047234e-04
8.967236286394532352e-02 -2.678231924969693605e-04
8.970176231100490671e-02 -2.672639038491344318e-04
8.973116175806448991e-02 -2.667042263559787603e-04
8.976056120512405923e-02 -2.661441616118968845e-04
8.978996065218364242e-02 -2.655837113096647150e-04
8.981936009924322561e-02 -2.650228772521500027e-04
8.984875954630280881e-02 -2.644616613636242538e-04
8.987815899336239200e-02 -2.639000657116556984e-04
8.990755844042196132e-02 -2.633380925171056354e-04
8.993695788748154452e-02 -2.627757441733756224e-04
8.996635733454112771e-02 -2.622130232752039941e-04
8.999575678160071091e-02 -2.616499326364716063e-04
9.002515622866028022e-02 -2.610864753188995831e-04
9.005455567571986342e-02 -2.605226546621814635e-04
9.008395512277944661e-02 -2.599584743181345943e-04
9.011335456983902981e-02 -2.593939382897912562e-04
9.014275401689861300e-02 -2.588290509708113642e-04
9.017215346395818232e-02 -2.582638171960850021e-04
9.020155291101776551e-02 -2.576982422955662044e-04
9.023095235807734871e-02 -2.571323321497331503e-04
9.026035180513693190e-02 -2.565660932594656437e-04
9.028975125219651510e-02 -2.559995328209268379e-04
9.031915069925608441e-02 -2.554326588047038139e-04
9.034855014631566761e-02 -2.548654800548657120e-04
9.037794959337525080e-02 -2.542980063856780347e-04
9.040734904043483400e-02 -2.537302487054427132e-04
9.043674848749441719e-02 -2.531622191379056565e-04
9.046614793455398651e-02 -2.525939311710049531e-04
9.049554738161356970e-02 -2.520253998184047431e-04
9.052494682867315290e-02 -2.514566417945362977e-04
9.055434627573273609e-02 -2.508876757215096559e-04
9.058374572279230541e-02 -2.503185223438510318e-04
9.061314516985188861e-02 -2.497492047849940401e-04
9.064254461691147180e-02 -2.491797488172838764e-04
9.067194406397105499e-02 -2.486101831718107473e-04
9.070134351103063819e-02 -2.480405398819387867e-04
9.073074295809020751e-02 -2.474708546646678820e-04
9.076014240514979070e-02 -2.469011673394886199e-04
9.078954185220937390e-02 -2.463315223030772229e-04
9.081894129926895709e-02 -2.457619690529818952e-04
9.084834074632854028e-02 -2.451925627610124659e-04
9.087774019338810960e-02 -2.446233649263543451e-04
9.090713964044769280e-02 -2.440544440826272841e-04
9.093653908750727599e-02 -2.434858765937040819e-04
9.096593853456685919e-02 -2.429177475300747248e-04
9.099533798162642850e-02 -2.423501516442690910e-04
9.102473742868601170e-02 -2.417831944434547446e-04
9.105413687574559489e-02 -2.412169933868915607e-04
9.108353632280517809e-02 -2.406516791958688553e-04
9.111293576986476128e-02 -2.400873973203069655e-04
9.114233521692433060e-02 -2.395243095411550972e-04
9.117173466398391379e-02 -2.389625957523714328e-04
9.120113411104349699e-02 -2.384024559239277604e-04
9.123053355810308018e-02 -2.378441122593936432e-04
9.125993300516266338e-02 -2.372878115890614519e-04
9.128933245222223269e-02 -2.367338279924276982e-04
9.131873189928181589e-02 -2.361824656927546322e-04
9.134813134634139908e-02 -2.356340622397888173e-04
9.137753079340098228e-02 -2.350889920084607782e-04
9.140693024046055160e-02 -2.345476700429196832e-04
9.143632968752013479e-02 -2.340105562784771569e-04
9.146572913457971798e-02 -2.334781601733599979e-04
9.149512858163930118e-02 -2.329510457850512734e-04
9.152452802869888437e-02 -2.324298373343324929e-04
9.155392747575845369e-02 -2.319152252968497167e-04
9.158332692281803689e-02 -2.314079730653281720e-04
9.161272636987762008e-02 -2.309089242314184948e-04
9.164212581693720328e-02 -2.304190105431478883e-04
9.167152526399677259e-02 -2.299392605842433875e-04
9.170092471105635579e-02 -2.294708092439614027e-04
9.173032415811593898e-02 -2.290149080317928636e-04
9.175972360517552218e-02 -2.285729363048048671e-04
9.178912305223510537e-02 -2.281464134872311427e-04
9.181852249929467469e-02 -2.277370123418498643e-04
9.184792194635425788e-02 -2.273465733836229860e-04
9.187732139341384108e-02 -2.269771205174104557e-04
9.190672084047342427e-02 -2.266308779862730573e-04
9.193612028753300747e-02 -2.263102887180724193e-04
9.196551973459257678e-02 -2.260180341824657535e-04
9.199491918165215998e-02 -2.257570558420568226e-04
9.202431862871174317e-02 -2.255305783195908826e-04
9.205371807577132637e-02 -2.253421343841126279e-04
9.208311752283090956e-02 -2.251955918771431911e-04
9.211251696989047888e-02 -2.250951826975935164e-04
9.214191641695006207e-02 -2.250455339696846011e-04
9.217131586400964527e-02 -2.250517015256374778e-04
9.220071531106922846e-02 -2.251192058374218386e-04
9.223011475812879778e-02 -2.252540705335437767e-04
9.225951420518838098e-02 -2.254628636393409273e-04
9.228891365224796417e-02 -2.257527416960102354e-04
9.231831309930754736e-02 -2.261314968835997702e-04
9.234771254636713056e-02 -2.266076073311954061e-04
9.237711199342669988e-02 -2.271902907290582305e-04
9.240651144048628307e-02 -2.278895614198097296e-04
9.243591088754586627e-02 -2.287162911164206938e-04
9.246531033460544946e-02 -2.296822733926165839e-04
9.249470978166501878e-02 -2.308002921092503889e-04
9.252410922872460197e-02 -2.320841939165348708e-04
9.255350867578418517e-02 -2.335489649920101623e-04
9.258290812284376836e-02 -2.352108121433934087e-04
9.261230756990335156e-02 -2.370872484357356086e-04
9.264170701696292087e-02 -2.391971834557158087e-04
9.267110646402250407e-02 -2.415610183593775492e-04
9.270050591108208726e-02 -2.442007458127870979e-04
9.272990535814167046e-02 -2.471400549380756498e-04
9.275930480520125365e-02 -2.504044413638790620e-04
9.278870425226082297e-02 -2.540213224735857569e-04
9.281810369932040616e-02 -2.580201579211698201e-04
9.284750314637998936e-02 -2.624325754720106992e-04
9.287690259343957255e-02 -2.672925022247273292e-04
9.290630204049915575e-02 -2.726363012314286186e-04
9.293570148755872506e-02 -2.785029135260768578e-04
9.296510093461830826e-02 -2.849340055551692055e-04
9.299450038167789145e-02 -2.919741219686596391e-04
9.302389982873747465e-02 -2.996708437230624265e-04
9.305329927579704397e-02 -3.080749514163555079e-04
9.308269872285662716e-02 -3.172405937396542220e-04
9.311209816991621036e-02 -3.272254609250778348e-04
9.314149761697579355e-02 -3.380909630245540736e-04
9.317089706403537674e-02 -3.499024128299511307e-04
9.320029651109494606e-02 -3.627292132263056470e-04
9.322969595815452926e-02 -3.766450487093523573e-04
9.325909540521411245e-02 -3.917280808115906421e-04
9.328849485227369565e-02 -4.080611471156239721e-04
9.331789429933327884e-02 -4.257319635067332675e-04
9.334729374639284816e-02 -4.448333293009959781e-04
9.337669319345243135e-02 -4.654633348363195313e-04
9.340609264051201455e-02 -4.877255710910867437e-04
9.343549208757159774e-02 -5.117293408570312320e-04
9.346489153463116706e-02 -5.375898709689425764e-04
9.349429098169075025e-02 -5.654285250622592771e-04
9.352369042875033345e-02 -5.953730162911814641e-04
9.355308987580991664e-02 -6.275576194266383953e-04
9.358248932286949984e-02 -6.621233817170038474e-04
9.361188876992906915e-02 -6.992183318716446803e-04
9.364128821698865235e-02 -7.389976865002270256e-04
9.367068766404823554e-02 -7.816240533366379181e-04
9.370008711110781874e-02 -8.272676305220536420e-04
9.372948655816740193e-02 -8.761064012571650583e-04
9.375888600522697125e-02 -9.283263230581427798e-04
9.378828545228655444e-02 -9.841215108950130547e-04
9.381768489934613764e-02 -1.043694413449259596e-03
9.384708434640572083e-02 -1.107255981735173755e-03
9.387648379346529015e-02 -1.175025829324517160e-03
9.390588324052487335e-02 -1.247232383416089054e-03
9.393528268758445654e-02 -1.324113025994878151e-03
9.396468213464403973e-02 -1.405914224353555127e-03
9.399408158170362293e-02 -1.492891650219496397e-03
9.402348102876319225e-02 -1.585310286796058404e-03
9.405288047582277544e-02 -1.683444523022517309e-03
9.408227992288235864e-02 -1.787578234373757985e-03
9.411167936994194183e-02 -1.898004849578147210e-03
9.414107881700152503e-02 -2.015027402643190888e-03
9.417047826406109434e-02 -2.138958569618557015e-03
9.419987771112067754e-02 -2.270120689587273172e-03
9.422927715818026073e-02 -2.408845769397042341e-03
9.425867660523984393e-02 -2.555475471710643830e-03
9.428807605229941324e-02 -2.710361086003983989e-03
9.431747549935899644e-02 -2.873863482210067388e-03
9.434687494641857963e-02 -3.046353046754520736e-03
9.437627439347816283e-02 -3.228209600801023628e-03
9.440567384053774602e-02 -3.419822300613147535e-03
9.443507328759731534e-02 -3.621589519995417963e-03
9.446447273465689853e-02 -3.833918714858476195e-03
9.449387218171648173e-02 -4.057226270050259646e-03
9.452327162877606492e-02 -4.291937328660126033e-03
9.455267107583564812e-02 -4.538485604120021458e-03
9.458207052289521743e-02 -4.797313175484972138e-03
9.461146996995480063e-02 -5.068870266398923380e-03
9.464086941701438382e-02 -5.353615008334798933e-03
9.467026886407396702e-02 -5.652013188796231255e-03
9.469966831113355021e-02 -5.964537985269410120e-03
9.472906775819311953e-02 -6.291669685813622639e-03
9.475846720525270273e-02 -6.633895397276557034e-03
9.478786665231228592e-02 -6.991708742226236326e-03
9.481726609937186911e-02 -7.365609545768351044e-03
9.484666554643143843e-02 -7.756103513549208670e-03
9.487606499349102163e-02 -8.163701902301492841e-03
9.490546444055060482e-02 -8.588921184386767368e-03
9.493486388761018802e-02 -9.032282707896546053e-03
9.496426333466977121e-02 -9.494312353911073601e-03
9.499366278172934053e-02 -9.975540192626679986e-03
9.502306222878892372e-02 -1.047650014008335607e-02
9.505246167584850692e-02 -1.099772961731915188e-02
9.508186112290809011e-02 -1.153976921378936302e-02
9.511126056996765943e-02 -1.210316235693546967e-02
9.514066001702724262e-02 -1.268845498980509558e-02
9.517005946408682582e-02 -1.329619525863608327e-02
9.519945891114640901e-02 -1.392693321228636281e-02
9.522885835820599221e-02 -1.458122051540102979e-02
9.525825780526556152e-02 -1.525961017713805233e-02
9.528765725232514472e-02 -1.596265629722496554e-02
9.531705669938472791e-02 -1.669091383103911766e-02
9.534645614644431111e-02 -1.744493837531680899e-02
9.537585559350389430e-02 -1.822528597596165950e-02
9.540525504056346362e-02 -1.903251295929774684e-02
9.543465448762304681e-02 -1.986717578796005218e-02
9.546405393468263001e-02 -2.072983094241737795e-02
9.549345338174221320e-02 -2.162103482895397569e-02
9.552285282880179640e-02 -2.254134371468833123e-02
9.555225227586136572e-02 -2.349131368999800296e-02
9.558165172292094891e-02 -2.447150065844357070e-02
9.561105116998053211e-02 -2.548246035402681325e-02
9.564045061704011530e-02 -2.652474838533271789e-02
9.566985006409968462e-02 -2.759892030578334210e-02
9.569924951115926781e-02 -2.870553170895836018e-02
9.572864895821885101e-02 -2.984513834756991058e-02
9.575804840527843420e-02 -3.101829627438817960e-02
9.578744785233800352e-02 -3.222556200306558871e-02
9.581684729939758671e-02 -3.346749268647436493e-02
9.584624674645716991e-02 -3.474464630983362806e-02
9.587564619351675310e-02 -3.605758189560322874e-02
9.590504564057633630e-02 -3.740685971677192023e-02
9.593444508763590561e-02 -3.879304151487361629e-02
9.596384453469548881e-02 -4.021669071879822172e-02
9.599324398175507200e-02 -4.167837266015102238e-02
9.602264342881465520e-02 -4.317865478071941654e-02
9.605204287587423839e-02 -4.471810682734474879e-02
9.608144232293380771e-02 -4.629730102933488078e-02
9.611084176999339090e-02 -4.791681225339942257e-02
9.614024121705297410e-02 -4.957721813095310875e-02
9.616964066411255729e-02 -5.127909915257806289e-02
9.619904011117214049e-02 -5.302303872439459442e-02
9.622843955823170981e-02 -5.480962318109962317e-02
9.625783900529129300e-02 -5.663944175049294427e-02
9.628723845235087619e-02 -5.851308646440538802e-02
9.631663789941045939e-02 -6.043115201112659457e-02
9.634603734647004258e-02 -6.239423552460105632e-02
9.637543679352961190e-02 -6.440293630593540986e-02
9.640483624058919510e-02 -6.645785547306272412e-02
9.643423568764877829e-02 -6.855959553474133550e-02
9.646363513470836148e-02 -7.070875988549178703e-02
9.649303458176793080e-02 -7.290595221848564234e-02
9.652243402882751400e-02 -7.515177585390177273e-02
9.655183347588709719e-02 -7.744683298076075750e-02
9.658123292294668039e-02 -7.979172381083446397e-02
9.661063237000624970e-02 -8.218704564376502764e-02
9.664003181706583290e-02 -8.463339184316763519e-02
9.666943126412541609e-02 -8.713135072407986181e-02
9.669883071118499929e-02 -8.968150435280200505e-02
9.672823015824458248e-02 -9.228442726077101810e-02
9.675762960530415180e-02 -9.494068507477357310e-02
9.678702905236373499e-02 -9.765083306646622774e-02
9.681642849942331819e-02 -1.004154146247474427e-01
9.684582794648290138e-02 -1.032349596552013943e-01
9.687522739354248458e-02 -1.061099829113658077e-01
9.690462684060205389e-02 -1.090409822631694114e-01
9.693402628766163709e-02 -1.120284369083956039e-01
9.696342573472122028e-02 -1.150728055334944017e-01
9.699282518178080348e-02 -1.181745244305378861e-01
9.702222462884038667e-02 -1.213340055774537046e-01
9.705162407589995599e-02 -1.245516346890220838e-01
9.708102352295953918e-02 -1.278277692464010185e-01
9.711042297001912238e-02 -1.311627365130995371e-01
9.713982241707870557e-02 -1.345568315455282493e-01
9.716922186413828877e-02 -1.380103152062766292e-01
9.719862131119785809e-02 -1.415234121882783802e-01
9.722802075825744128e-02 -1.450963090580058290e-01
9.725742020531702448e-02 -1.487291523256165926e-01
9.728681965237660767e-02 -1.524220465498833110e-01
9.731621909943617699e-02 -1.561750524853813271e-01
9.734561854649576018e-02 -1.599881852791441017e-01
9.737501799355534338e-02 -1.638614127235609175e-01
9.740441744061492657e-02 -1.677946535719030130e-01
9.743381688767449589e-02 -1.717877759223336853e-01
9.746321633473407908e-02 -1.758405956757338739e-01
9.749261578179366228e-02 -1.799528750720799652e-01
9.752201522885324547e-02 -1.841243213095483111e-01
9.755141467591282867e-02 -1.883545852498217377e-01
9.758081412297239798e-02 -1.926432602124344973e-01
9.761021357003198118e-02 -1.969898808603584850e-01
9.763961301709156437e-02 -2.013939221782550804e-01
9.766901246415114757e-02 -2.058547985442650552e-01
9.769841191121073076e-02 -2.103718628954075187e-01
9.772781135827030008e-02 -2.149444059860920742e-01
9.775721080532988327e-02 -2.195716557385630208e-01
9.778661025238946647e-02 -2.242527766834704339e-01
9.781600969944904966e-02 -2.289868694882415678e-01
9.784540914650863286e-02 -2.337729705703185945e-01
9.787480859356820218e-02 -2.386100517918722796e-01
9.790420804062778537e-02 -2.434970202321462551e-01
9.793360748768736856e-02 -2.484327180331663554e-01
9.796300693474695176e-02 -2.534159223142616879e-01
9.799240638180653495e-02 -2.584453451505214217e-01
9.802180582886610427e-02 -2.635196336100874004e-01
9.805120527592568747e-02 -2.686373698450995606e-01
9.808060472298527066e-02 -2.737970712308932519e-01
9.811000417004485386e-02 -2.789971905481665737e-01
9.813940361710442317e-02 -2.842361162027482457e-01
9.816880306416400637e-02 -2.895121724777806049e-01
9.819820251122358956e-02 -2.948236198132175856e-01
9.822760195828317276e-02 -3.001686551078285303e-01
9.825700140534274207e-02 -3.055454120391073447e-01
9.828640085240232527e-02 -3.109519613968572682e-01
9.831580029946190846e-02 -3.163863114265180188e-01
9.834519974652149166e-02 -3.218464081788361408e-01
9.837459919358107485e-02 -3.273301358627970781e-01
9.840399864064064417e-02 -3.328353171993113646e-01
9.843339808770022736e-02 -3.383597137736359950e-01
9.846279753475981056e-02 -3.439010263850252880e-01
9.849219698181939375e-02 -3.494568953926902588e-01
9.852159642887897695e-02 -3.550249010577053443e-01
9.855099587593854626e-02 -3.606025638810417822e-01
9.858039532299812946e-02 -3.661873449385367740e-01
9.860979477005771265e-02 -3.717766462140938422e-01
9.863919421711729585e-02 -3.773678109330685371e-01
9.866859366417687904e-02 -3.829581238982531777e-01
9.869799311123644836e-02 -3.885448118314335231e-01
9.872739255829603156e-02 -3.941250437240153004e-01
9.875679200535561475e-02 -3.996959312006198028e-01
9.878619145241519794e-02 -4.052545289000908380e-01
9.881559089947478114e-02 -4.107978348786795464e-01
9.884499034653435046e-02 -4.163227910405770671e-01
9.887438979359393365e-02 -4.218262836013091377e-01
9.890378924065351685e-02 -4.273051435897456951e-01
9.893318868771310004e-02 -4.327561473947901804e-01
9.896258813477266936e-02 -4.381760173629398181e-01
9.899198758183225255e-02 -4.435614224531213567e-01
9.902138702889183575e-02 -4.489089789552200283e-01
9.905078647595141894e-02 -4.542152512789003893e-01
9.908018592301100214e-02 -4.594767528191815442e-01
9.910958537007057145e-02 -4.646899469052864773e-01
9.913898481713015465e-02 -4.698512478391551617e-01
9.916838426418973784e-02 -4.749570220298341972e-01
9.919778371124932104e-02 -4.800035892298610829e-01
9.922718315830889035e-02 -4.849872238794312729e-01
9.925658260536847355e-02 -4.899041565639362661e-01
9.928598205242805674e-02 -4.947505755900742930e-01
9.931538149948763994e-02 -4.995226286854701492e-01
9.934478094654722313e-02 -5.042164248262565041e-01
9.937418039360679245e-02 -5.088280361966993626e-01
9.940357984066637564e-02 -5.133535002844791251e-01
9.943297928772595884e-02 -5.177888221147095571e-01
9.946237873478554203e-02 -5.221299766253398866e-01
9.949177818184512523e-02 -5.263729111859632992e-01
9.952117762890469455e-02 -5.305135482615305209e-01
9.955057707596427774e-02 -5.345477882219121790e-01
9.957997652302386093e-02 -5.384715122975821666e-01
9.960937597008344413e-02 -5.422805856811969694e-01
9.963877541714302732e-02 -5.459708607741382558e-01
9.966817486420259664e-02 -5.495381805765221506e-01
9.969757431126217984e-02 -5.529783822185538877e-01
9.972697375832176303e-02 -5.562873006304700496e-01
9.975637320538134623e-02 -5.594607723477487138e-01
9.978577265244091554e-02 -5.624946394476175726e-01
9.981517209950049874e-02 -5.653847536123615125e-01
9.984457154656008193e-02 -5.681269803143063069e-01
9.987397099361966513e-02 -5.707172031168747939e-01
9.990337044067924832e-02 -5.731513280855357051e-01
9.993276988773881764e-02 -5.754252883019992382e-01
9.996216933479840083e-02 -5.775350484745506163e-01
9.999156878185798403e-02 -5.794766096369498021e-01
1.000209682289175672e-01 -5.812460139279750360e-01
1.000503676759771365e-01 -5.828393494432830835e-01
1.000797671230367197e-01 -5.842527551509676398e-01
1.001091665700963029e-01 -5.854824258618910315e-01
1.001385660171558861e-01 -5.865246172456474172e-01
1.001679654642154693e-01 -5.873756508828119616e-01
1.001973649112750386e-01 -5.880319193439580427e-01
1.002267643583346218e-01 -5.884898912858497200e-01
1.002561638053942050e-01 -5.887461165551137743e-01
1.002855632524537882e-01 -5.887972312896996296e-01
1.003149626995133714e-01 -5.886399630084400147e-01
1.003443621465729407e-01 -5.882711356790768509e-01
1.003737615936325239e-01 -5.876876747552337577e-01
1.004031610406921071e-01 -5.868866121729310326e-01
1.004325604877516903e-01 -5.858650912974143754e-01
1.004619599348112735e-01 -5.846203718112734649e-01
1.004913593818708428e-01 -5.831498345350387691e-01
1.005207588289304260e-01 -5.814509861717167549e-01
1.005501582759900092e-01 -5.795214639669885592e-01
1.005795577230495924e-01 -5.773590402770878427e-01
1.006089571701091617e-01 -5.749616270366936233e-01
1.006383566171687449e-01 -5.723272801194804194e-01
1.006677560642283281e-01 -5.694542035843028760e-01
1.006971555112879113e-01 -5.663407538003278896e-01
1.007265549583474945e-01 -5.629854434447245648e-01
1.007559544054070638e-01 -5.593869453669054748e-01
1.007853538524666470e-01 -5.555440963135606092e-01
1.008147532995262302e-01 -5.514559005091131949e-01
1.008441527465858134e-01 -5.471215330864314108e-01
1.008735521936453827e-01 -5.425403433629933936e-01
1.009029516407049659e-01 -5.377118579578995528e-01
1.009323510877645491e-01 -5.326357837454201993e-01
1.009617505348241323e-01 -5.273120106409220353e-01
1.009911499818837155e-01 -5.217406142152758441e-01
1.010205494289432848e-01 -5.159218581339867216e-01
1.010499488760028680e-01 -5.098561964174087580e-01
1.010793483230624512e-01 -5.035442755186447794e-01
1.011087477701220344e-01 -4.969869362156423831e-01
1.011381472171816176e-01 -4.901852153142848278e-01
1.011675466642411869e-01 -4.831403471591823595e-01
1.011969461113007701e-01 -4.758537649489756327e-01
1.012263455583603533e-01 -4.683271018530162921e-01
1.012557450054199365e-01 -4.605621919261994046e-01
1.012851444524795197e-01 -4.525610708188442244e-01
1.013145438995390890e-01 -4.443259762784279587e-01
1.013439433465986722e-01 -4.358593484399828633e-01
1.013733427936582554e-01 -4.271638299020241725e-01
1.014027422407178386e-01 -4.182422655847197746e-01
1.014321416877774218e-01 -4.090977023671725776e-01
1.014615411348369911e-01 -3.997333885005914245e-01
1.014909405818965743e-01 -3.901527727941451751e-01
1.015203400289561575e-01 -3.803595035704464555e-01
1.015497394760157407e-01 -3.703574273874893907e-01
1.015791389230753100e-01 -3.601505875241117760e-01
1.016085383701348932e-01 -3.497432222260561385e-01
1.016379378171944764e-01 -3.391397627099419498e-01
1.016673372642540596e-01 -3.283448309225007744e-01
1.016967367113136289e-01 -3.173632370527556534e-01
1.017261361583732121e-01 -3.061999767949814544e-01
1.017555356054327953e-01 -2.948602283606586161e-01
1.017849350524923785e-01 -2.833493492377777145e-01
1.018143344995519617e-01 -2.716728726964187102e-01
1.018437339466115310e-01 -2.598365040397218051e-01
1.018731333936711142e-01 -2.478461165999155669e-01
1.019025328407306974e-01 -2.357077474795406247e-01
1.019319322877902806e-01 -2.234275930383545772e-01
1.019613317348498638e-01 -2.110120041271049407e-01
1.019907311819094331e-01 -1.984674810698689729e-01
1.020201306289690163e-01 -1.858006683971111239e-01
1.020495300760285995e-01 -1.730183493325109512e-01
1.020789295230881827e-01 -1.601274400368742634e-01
1.021083289701477659e-01 -1.471349836134364930e-01
1.021377284172073352e-01 -1.340481438793059143e-01
1.021671278642669184e-01 -1.208741989085471702e-01
1.021965273113265016e-01 -1.076205343531691089e-01
1.022259267583860848e-01 -9.429463654876776846e-02
1.022553262054456680e-01 -8.090408541245237839e-02
1.022847256525052373e-01 -6.745654714128430929e-02
1.023141250995648205e-01 -5.395976672008293701e-02
1.023435245466244037e-01 -4.042156024823509441e-02
1.023729239936839869e-01 -2.684980709562999335e-02
1.024023234407435562e-01 -1.325244189856575154e-02
1.024317228878031394e-01 3.625535929447842518e-04
1.024611223348627226e-01 1.398715880446283963e-02
1.024905217819223058e-01 2.761332275055042654e-02
1.025199212289818751e-01 4.123297255922011434e-02
1.025493206760414583e-01 5.483802209395140237e-02
1.025787201231010415e-01 6.842038065922835532e-02
1.026081195701606247e-01 8.197196177535992501e-02
1.026375190172202079e-01 9.548469200774753474e-02
1.026669184642797772e-01 1.089505198355832788e-01
1.026963179113393604e-01 1.223614245446767168e-01
1.027257173583989436e-01 1.357094251286940778e-01
1.027551168054585268e-01 1.489865891831854972e-01
1.027845162525181100e-01 1.621850417762986107e-01
1.028139156995776793e-01 1.752969742801553377e-01
1.028433151466372625e-01 1.883146531467401741e-01
1.028727145936968457e-01 2.012304286120241426e-01
1.029021140407564289e-01 2.140367433121724561e-01
1.029315134878160121e-01 2.267261407956526198e-01
1.029609129348755814e-01 2.392912739150925561e-01
1.029903123819351646e-01 2.517249130830005455e-01
1.030197118289947478e-01 2.640199543753713463e-01
1.030491112760543310e-01 2.761694274676999572e-01
1.030785107231139142e-01 2.881665033878792470e-01
1.031079101701734835e-01 3.000045020708633214e-01
1.031373096172330667e-01 3.116768997003108166e-01
1.031667090642926499e-01 3.231773358225862869e-01
1.031961085113522331e-01 3.344996202191423129e-01
1.032255079584118024e-01 3.456377395234537797e-01
1.032549074054713856e-01 3.565858635693531786e-01
1.032843068525309688e-01 3.673383514578719145e-01
1.033137062995905520e-01 3.778897573304975666e-01
1.033431057466501213e-01 3.882348358370533159e-01
1.033725051937097045e-01 3.983685472872199873e-01
1.034019046407692877e-01 4.082860624751757372e-01
1.034313040878288709e-01 4.179827671677044387e-01
1.034607035348884541e-01 4.274542662466740417e-01
1.034901029819480234e-01 4.366963874976146354e-01
1.035195024290076066e-01 4.457051850369460611e-01
1.035489018760671898e-01 4.544769423711167988e-01
1.035783013231267730e-01 4.630081750819410868e-01
1.036077007701863562e-01 4.712956331331706883e-01
1.036371002172459255e-01 4.793363027943461918e-01
1.036664996643055087e-01 4.871274081789084831e-01
1.036958991113650919e-01 4.946664123945110902e-01
1.037252985584246751e-01 5.019510183045552409e-01
1.037546980054842582e-01 5.089791689009082187e-01
1.037840974525438276e-01 5.157490472888874855e-01
1.038134968996034108e-01 5.222590762866312630e-01
1.038428963466629940e-01 5.285079176420240943e-01
1.038722957937225772e-01 5.344944708714922665e-01
1.039016952407821603e-01 5.402178717260017748e-01
1.039310946878417297e-01 5.456774902906913471e-01
1.039604941349013129e-01 5.508729287256609597e-01
1.039898935819608961e-01 5.558040186564358054e-01
1.040192930290204654e-01 5.604708182237122527e-01
1.040486924760800624e-01 5.648736088029866487e-01
1.040780919231396318e-01 5.690128914055591069e-01
1.041074913701992150e-01 5.728893827735000999e-01
1.041368908172587981e-01 5.765040111818467983e-01
1.041662902643183675e-01 5.798579119623387124e-01
1.041956897113779507e-01 5.829524227636211364e-01
1.042250891584375339e-01 5.857890785636598041e-01
1.042544886054971170e-01 5.883696064507262236e-01
1.042838880525567002e-01 5.906959201899141254e-01
1.043132874996162696e-01 5.927701145926245196e-01
1.043426869466758528e-01 5.945944597069353632e-01
1.043720863937354359e-01 5.961713948470561686e-01
1.044014858407950191e-01 5.975035224803972866e-01
1.044308852878546023e-01 5.985936019909029460e-01
1.044602847349141717e-01 5.994445433374158139e-01
1.044896841819737549e-01 6.000594006258268553e-01
1.045190836290333380e-01 6.004413656136688981e-01
1.045484830760929212e-01 6.005937611656501085e-01
1.045778825231525044e-01 6.005200346783176046e-01
1.046072819702120738e-01 6.002237514917354577e-01
1.046366814172716569e-01 5.997085883055645050e-01
1.046660808643312401e-01 5.989783266164679931e-01
1.046954803113908233e-01 5.980368461931204749e-01
1.047248797584504065e-01 5.968881186044564524e-01
1.047542792055099758e-01 5.955362008160474119e-01
1.047836786525695590e-01 5.939852288686831017e-01
1.048130780996291422e-01 5.922394116523943541e-01
1.048424775466887116e-01 5.903030247882209425e-01
1.048718769937483086e-01 5.881804046290756149e-01
1.049012764408078779e-01 5.858759423900927743e-01
1.049306758878674611e-01 5.833940784177540362e-01
1.049600753349270443e-01 5.807392966061256656e-01
1.049894747819866136e-01 5.779161189673920340e-01
1.050188742290461968e-01 5.749291003628429486e-01
1.050482736761057800e-01 5.717828233993920151e-01
1.050776731231653632e-01 5.684818934956017422e-01
1.051070725702249464e-01 5.650309341201674718e-01
1.051364720172845157e-01 5.614345822047559498e-01
1.051658714643440989e-01 5.576974837320669565e-01
1.051952709114036821e-01 5.538242894990538234e-01
1.052246703584632653e-01 5.498196510542301407e-01
1.052540698055228485e-01 5.456882168071607309e-01
1.052834692525824178e-01 5.414346283073433463e-01
1.053128686996420010e-01 5.370635166889162759e-01
1.053422681467015842e-01 5.325794992769208314e-01
1.053716675937611674e-01 5.279871763501191584e-01
1.054010670408207506e-01 5.232911280548393496e-01
1.054304664878803199e-01 5.184959114637589517e-01
1.054598659349399031e-01 5.136060577730672261e-01
1.054892653819994863e-01 5.086260696311244445e-01
1.055186648290590695e-01 5.035604185913485908e-01
1.055480642761186527e-01 4.984135426819085168e-01
1.055774637231782220e-01 4.931898440846110288e-01
1.056068631702378052e-01 4.878936869152776801e-01
1.056362626172973884e-01 4.825293950979757662e-01
1.056656620643569577e-01 4.771012503254288828e-01
1.056950615114165548e-01 4.716134900981620026e-01
1.057244609584761241e-01 4.660703058351503558e-01
1.057538604055357073e-01 4.604758410488726250e-01
1.057832598525952905e-01 4.548341895782431754e-01
1.058126592996548598e-01 4.491493938730414803e-01
1.058420587467144430e-01 4.434254433240475968e-01
1.058714581937740262e-01 4.376662726335689424e-01
1.059008576408336094e-01 4.318757602214908231e-01
1.059302570878931926e-01 4.260577266626441317e-01
1.059596565349527619e-01 4.202159331518311447e-01
1.059890559820123451e-01 4.143540799934655738e-01
1.060184554290719283e-01 4.084758051134850243e-01
1.060478548761315115e-01 4.025846825917487326e-01
1.060772543231910947e-01 3.966842212138895207e-01
1.061066537702506640e-01 3.907778630421916422e-01
1.061360532173102472e-01 3.848689820057323852e-01
1.061654526643698304e-01 3.789608825107047552e-01
1.061948521114294136e-01 3.730567980723860644e-01
1.062242515584889968e-01 3.671598899709068720e-01
1.062536510055485661e-01 3.612732459334825341e-01
1.062830504526081493e-01 3.553998788463393899e-01
1.063124498996677325e-01 3.495427255000817524e-01
1.063418493467273157e-01 3.437046453726421702e-01
1.063712487937868989e-01 3.378884194544329866e-01
1.064006482408464682e-01 3.320967491206567868e-01
1.064300476879060514e-01 3.263322550559789037e-01
1.064594471349656346e-01 3.205974762371328612e-01
1.064888465820252039e-01 3.148948689790561084e-01
1.065182460290848010e-01 3.092268060504100857e-01
1.065476454761443703e-01 3.035955758643632540e-01
1.065770449232039535e-01 2.980033817504070259e-01
1.066064443702635367e-01 2.924523413131183691e-01
1.066358438173231060e-01 2.869444858834295786e-01
1.066652432643826892e-01 2.814817600679012655e-01
1.066946427114422724e-01 2.760660214012392033e-01
1.067240421585018556e-01 2.706990401068946617e-01
1.067534416055614388e-01 2.653824989703047477e-01
1.067828410526210081e-01 2.601179933288706447e-01
1.068122404996805913e-01 2.549070311822745905e-01
1.068416399467401745e-01 2.497510334262715292e-01
1.068710393937997577e-01 2.446513342124677359e-01
1.069004388408593409e-01 2.396091814360450101e-01
1.069298382879189102e-01 2.346257373527423085e-01
1.069592377349784934e-01 2.297020793257399662e-01
1.069886371820380766e-01 2.248392007024644923e-01
1.070180366290976598e-01 2.200380118205615965e-01
1.070474360761572430e-01 2.152993411416624647e-01
1.070768355232168123e-01 2.106239365108438510e-01
1.071062349702763955e-01 2.060124665389523602e-01
1.071356344173359787e-01 2.014655221043625544e-01
1.071650338643955619e-01 1.969836179699595569e-01
1.071944333114551451e-01 1.925671945106011418e-01
1.072238327585147144e-01 1.882166195456186908e-01
1.072532322055742976e-01 1.839321902703739409e-01
1.072826316526338808e-01 1.797141352803367509e-01
1.073120310996934501e-01 1.755626166806435184e-01
1.073414305467530472e-01 1.714777322736289467e-01
1.073708299938126165e-01 1.674595178165038112e-01
1.074002294408721997e-01 1.635079493408399809e-01
1.074296288879317829e-01 1.596229455254714602e-01
1.074590283349913522e-01 1.558043701139677772e-01
1.074884277820509354e-01 1.520520343678188335e-01
1.075178272291105186e-01 1.483656995463411843e-01
1.075472266761701018e-01 1.447450794042292599e-01
1.075766261232296850e-01 1.411898426977776233e-01
1.076060255702892543e-01 1.376996156908424640e-01
1.076354250173488375e-01 1.342739846517866653e-01
1.076648244644084207e-01 1.309124983328738279e-01
1.076942239114680039e-01 1.276146704238233787e-01
1.077236233585275871e-01 1.243799819715949162e-01
1.077530228055871564e-01 1.212078837588384389e-01
1.077824222526467396e-01 1.180977986338589136e-01
1.078118216997063228e-01 1.150491237854505272e-01
1.078412211467659060e-01 1.120612329564063397e-01
1.078706205938254892e-01 1.091334785901040966e-01
1.079000200408850585e-01 1.062651939051032501e-01
1.079294194879446417e-01 1.034556948932827541e-01
1.079588189350042249e-01 1.007042822376737340e-01
1.079882183820638081e-01 9.801024314672367177e-02
1.080176178291233913e-01 9.537285310238130531e-02
1.080470172761829606e-01 9.279137751999720629e-02
1.080764167232425438e-01 9.026507331865003814e-02
1.081058161703021270e-01 8.779319040111634165e-02
1.081352156173616963e-01 8.537497304327819336e-02
1.081646150644212934e-01 8.300966119332985060e-02
1.081940145114808627e-01 8.069649168169820697e-02
1.082234139585404459e-01 7.843469934305355440e-02
1.082528134056000291e-01 7.622351805232137345e-02
1.082822128526595984e-01 7.406218167698402910e-02
1.083116122997191816e-01 7.194992494838224617e-02
1.083410117467787648e-01 6.988598425507924761e-02
1.083704111938383480e-01 6.786959836164248305e-02
1.083998106408979312e-01 6.590000905646310747e-02
1.084292100879575005e-01 6.397646173245831458e-02
1.084586095350170837e-01 6.209820590463953349e-02
1.084880089820766669e-01 6.026449566869131885e-02
1.085174084291362501e-01 5.847459010473415875e-02
1.085468078761958333e-01 5.672775363051200948e-02
1.085762073232554026e-01 5.502325630820193575e-02
1.086056067703149858e-01 5.336037410901856709e-02
1.086350062173745690e-01 5.173838913967459402e-02
1.086644056644341522e-01 5.015658983463510551e-02
1.086938051114937354e-01 4.861427111795028899e-02
1.087232045585533047e-01 4.711073453827506474e-02
1.087526040056128879e-01 4.564528838043845071e-02
1.087820034526724711e-01 4.421724775674986535e-02
1.088114028997320543e-01 4.282593468091980271e-02
1.088408023467916375e-01 4.147067812726661779e-02
1.088702017938512068e-01 4.015081407756927734e-02
1.088996012409107900e-01 3.886568555768676880e-02
1.089290006879703732e-01 3.761464266576372562e-02
1.089584001350299564e-01 3.639704259358473443e-02
1.089877995820895396e-01 3.521224964237122668e-02
1.090171990291491089e-01 3.405963523405709098e-02
1.090465984762086921e-01 3.293857791883463004e-02
1.090759979232682753e-01 3.184846337954674172e-02
1.091053973703278446e-01 3.078868443327283794e-02
1.091347968173874278e-01 2.975864103028012797e-02
1.091641962644470110e-01 2.875774025034022810e-02
1.091935957115065942e-01 2.778539629626240390e-02
1.092229951585661774e-01 2.684103048437901443e-02
1.092523946056257467e-01 2.592407123161141053e-02
1.092817940526853299e-01 2.503395403868963892e-02
1.093111934997449131e-01 2.417012146903060182e-02
1.093405929468044963e-01 2.333202312277313575e-02
1.093699923938640794e-01 2.251911560545115376e-02
1.093993918409236488e-01 2.173086249082716720e-02
1.094287912879832320e-01 2.096673427742842127e-02
1.094581907350428152e-01 2.022620833840310661e-02
1.094875901821023984e-01 1.950876886438470195e-02
1.095169896291619815e-01 1.881390679914710790e-02
1.095463890762215509e-01 1.814111976793101461e-02
1.095757885232811341e-01 1.748991199844825845e-02
1.096051879703407173e-01 1.685979423467857258e-02
1.096345874174003004e-01 1.625028364370932968e-02
1.096639868644598836e-01 1.566090371599078435e-02
1.096933863115194530e-01 1.509118415951547602e-02
1.097227857585790362e-01 1.454066078855114838e-02
1.097521852056386193e-01 1.400887540767837419e-02
1.097815846526982025e-01 1.349537569199683873e-02
1.098109840997577857e-01 1.299971506448085491e-02
1.098403835468173551e-01 1.252145257153593032e-02
1.098697829938769382e-01 1.206015275790412594e-02
1.098991824409365214e-01 1.161538554214512631e-02
1.099285818879960908e-01 1.118672609393440119e-02
1.099579813350556740e-01 1.077375471448813876e-02
1.099873807821152571e-01 1.037605672143463408e-02
1.100167802291748403e-01 9.993222339428765866e-03
1.100461796762344235e-01 9.624846597826646963e-03
1.100755791232939929e-01 9.270529236669359033e-03
1.101049785703535761e-01 8.929874622184634514e-03
1.101343780174131592e-01 8.602491672945305687e-03
1.101637774644727424e-01 8.287993797735189114e-03
1.101931769115323256e-01 7.985998846071776236e-03
1.102225763585918950e-01 7.696129072218814600e-03
1.102519758056514781e-01 7.418011113400425731e-03
1.102813752527110613e-01 7.151275982777035439e-03
1.103107746997706445e-01 6.895559077614220496e-03
1.103401741468302277e-01 6.650500202904812905e-03
1.103695735938897970e-01 6.415743610550992369e-03
1.103989730409493802e-01 6.190938054048533874e-03
1.104283724880089634e-01 5.975736858458499320e-03
1.104577719350685466e-01 5.769798005261766310e-03
1.104871713821281298e-01 5.572784231562643090e-03
1.105165708291876991e-01 5.384363142925649263e-03
1.105459702762472823e-01 5.204207338983525034e-03
1.105753697233068655e-01 5.031994550817392269e-03
1.106047691703664487e-01 4.867407788962968551e-03
1.106341686174260319e-01 4.710135500785174456e-03
1.106635680644856012e-01 4.559871735843731497e-03
1.106929675115451844e-01 4.416316317775598362e-03
1.107223669586047676e-01 4.279175021144178935e-03
1.107517664056643369e-01 4.148159751623897024e-03
1.107811658527239201e-01 4.022988727850590474e-03
1.108105652997835033e-01 3.903386663224153990e-03
1.108399647468430865e-01 3.789084945928567535e-03
1.108693641939026697e-01 3.679821815448062593e-03
1.108987636409622390e-01 3.575342533854020035e-03
1.109281630880218222e-01 3.475399550168353259e-03
1.109575625350814054e-01 3.379752656189795399e-03
1.109869619821409886e-01 3.288169132174560867e-03
1.110163614292005718e-01 3.200423880890780007e-03
1.110457608762601411e-01 3.116299548629886638e-03
1.110751603233197243e-01 3.035586631863151919e-03
1.111045597703793075e-01 2.958083568351516698e-03
1.111339592174388907e-01 2.883596811639182935e-03
1.111633586644984739e-01 2.811940887980256785e-03
1.111927581115580432e-01 2.742938434912981817e-03
1.112221575586176264e-01 2.676420220809883500e-03
1.112515570056772096e-01 2.612225144911548610e-03
1.112809564527367928e-01 2.550200217469224349e-03
1.113103558997963760e-01 2.490200519810178981e-03
1.113397553468559453e-01 2.432089144267666515e-03
1.113691547939155285e-01 2.375737114065664627e-03
1.113985542409751117e-01 2.321023283424481116e-03
1.114279536880346949e-01 2.267834218253761240e-03
1.114573531350942781e-01 2.216064057978218808e-03
1.114867525821538474e-01 2.165614359139224170e-03
1.115161520292134306e-01 2.116393921559680397e-03
1.115455514762730138e-01 2.068318597958039400e-03
1.115749509233325831e-01 2.021311088022196330e-03
1.116043503703921663e-01 1.975300718009832292e-03
1.116337498174517495e-01 1.930223207074571474e-03
1.116631492645113327e-01 1.886020421549011380e-03
1.116925487115709159e-01 1.842640118488959085e-03
1.117219481586304852e-01 1.800035679846340858e-03
1.117513476056900684e-01 1.758165838640209262e-03
1.117807470527496516e-01 1.716994398558090509e-03
1.118101464998092348e-01 1.676489948409502816e-03
1.118395459468688180e-01 1.636625572853385446e-03
1.118689453939283873e-01 1.597378560827286730e-03
1.118983448409879705e-01 1.558730113071971415e-03
1.119277442880475537e-01 1.520665050121860909e-03
1.119571437351071369e-01 1.483171522087816481e-03
1.119865431821667201e-01 1.446240721508377462e-03
1.120159426292262894e-01 1.409866600499195145e-03
1.120453420762858726e-01 1.374045593351578545e-03
1.120747415233454558e-01 1.338776345673391675e-03
1.121041409704050390e-01 1.304059451081802110e-03
1.121335404174646222e-01 1.269897196372693797e-03
1.121629398645241915e-01 1.236293316029135874e-03
1.121923393115837747e-01 1.203252756802836252e-03
1.122217387586433579e-01 1.170781453060662416e-03
1.122511382057029411e-01 1.138886113459000203e-03
1.122805376527625243e-01 1.107574019431473850e-03
1.123099370998220936e-01 1.076852835891336938e-03
1.123393365468816768e-01 1.046730434444011638e-03
1.123687359939412600e-01 1.017214729329024483e-03
1.123981354410008293e-01 9.883135262198376649e-04
1.124275348880604125e-01 9.600343839192648863e-04
1.124569343351199957e-01 9.323844889266952145e-04
1.124863337821795789e-01 9.053705427589408324e-04
1.125157332292391621e-01 8.789986618450697188e-04
1.125451326762987314e-01 8.532742897431504821e-04
1.125745321233583146e-01 8.282021213772179516e-04
1.126039315704178978e-01 8.037860389168191132e-04
1.126333310174774810e-01 7.800290588950087789e-04
1.126627304645370642e-01 7.569332900887333062e-04
1.126921299115966335e-01 7.344999016748430826e-04
1.127215293586562167e-01 7.127291011144440197e-04
1.127509288057157999e-01 6.916201212098447822e-04
1.127803282527753831e-01 6.711712157499561239e-04
1.128097276998349663e-01 6.513796631321843627e-04
1.128391271468945356e-01 6.322417773617171723e-04
1.128685265939541188e-01 6.137529257898584724e-04
1.128979260410137020e-01 5.959075529909148988e-04
1.129273254880732852e-01 5.786992101302099005e-04
1.129567249351328684e-01 5.621205892354457466e-04
1.129861243821924377e-01 5.461635617524567346e-04
1.130155238292520209e-01 5.308192208036004211e-04
1.130449232763116041e-01 5.160779265800843462e-04
1.130743227233711873e-01 5.019293543122462344e-04
1.131037221704307705e-01 4.883625442914345119e-04
1.131331216174903398e-01 4.753659534504430005e-04
1.131625210645499230e-01 4.629275080118462615e-04
1.131919205116095062e-01 4.510346567722292176e-04
1.132213199586690755e-01 4.396744246000862974e-04
1.132507194057286587e-01 4.288334657524195881e-04
1.132801188527882419e-01 4.184981166747031057e-04
1.133095182998478251e-01 4.086544479390176866e-04
1.133389177469074083e-01 3.992883150445163836e-04
1.133683171939669776e-01 3.903854078051681442e-04
1.133977166410265608e-01 3.819312981081226729e-04
1.134271160880861440e-01 3.739114858303906660e-04
1.134565155351457272e-01 3.663114427441714269e-04
1.134859149822053104e-01 3.591166542800208229e-04
1.135153144292648797e-01 3.523126590055775630e-04
1.135447138763244629e-01 3.458850857571772784e-04
1.135741133233840461e-01 3.398196883367150941e-04
1.136035127704436293e-01 3.341023777379986703e-04
1.136329122175032125e-01 3.287192518751119621e-04
1.136623116645627818e-01 3.236566228194663760e-04
1.136917111116223650e-01 3.189010415404184727e-04
1.137211105586819482e-01 3.144393201977212183e-04
1.137505100057415314e-01 3.102585520256744629e-04
1.137799094528011146e-01 3.063461288559376225e-04
1.138093088998606839e-01 3.026897563703163973e-04
1.138387083469202671e-01 2.992774671357152291e-04
1.138681077939798503e-01 2.960976315387997657e-04
1.138975072410394335e-01 2.931389666880338451e-04
1.139269066880990167e-01 2.903905433999108055e-04
1.139563061351585860e-01 2.878417913736589840e-04
1.139857055822181692e-01 2.854825026524168566e-04
1.140151050292777524e-01 2.833028334938604976e-04
1.140445044763373217e-01 2.812933047535622348e-04
1.140739039233969049e-01 2.794448008959921070e-04
1.141033033704564881e-01 2.777485677415712827e-04
1.141327028175160713e-01 2.761962090700954744e-04
1.141621022645756545e-01 2.747796821644854959e-04
1.141915017116352238e-01 2.734912924308401778e-04
1.142209011586948070e-01 2.723236871669649194e-04
1.142503006057543902e-01 2.712698485984688730e-04
1.142797000528139734e-01 2.703230862691463339e-04
1.143090994998735566e-01 2.694770288669666599e-04
1.143384989469331259e-01 2.687256155854396509e-04
1.143678983939927091e-01 2.680630870889512017e-04
1.143972978410522923e-01 2.674839761633462281e-04
1.144266972881118755e-01 2.669830981181408247e-04
1.144560967351714587e-01 2.665555410118102464e-04
1.144854961822310280e-01 2.661966557529079312e-04
1.145148956292906112e-01 2.659020461360556316e-04
1.145442950763501944e-01 2.656675588662468215e-04
1.145736945234097776e-01 2.654892736148410084e-04
1.146030939704693608e-01 2.653634931471019441e-04
1.146324934175289301e-01 2.652867335577713780e-04
1.146618928645885133e-01 2.652557146588814920e-04
1.146912923116480965e-01 2.652673505319046296e-04
1.147206917587076797e-01 2.653187402799919931e-04
1.147500912057672628e-01 2.654071590005848899e-04
1.147794906528268322e-01 2.655300489961243647e-04
1.148088900998864154e-01 2.656850112377367491e-04
1.148382895469459986e-01 2.658697970915442025e-04
1.148676889940055679e-01 2.660823003229218636e-04
1.148970884410651649e-01 2.663205493851921899e-04
1.149264878881247343e-01 2.665826999914553330e-04
1.149558873351843175e-01 2.668670279755896773e-04
1.149852867822439006e-01 2.671719224510259042e-04
1.150146862293034700e-01 2.674958792556797384e-04
1.150440856763630532e-01 2.678374946854829427e-04
1.150734851234226364e-01 2.681954595174375995e-04
1.151028845704822196e-01 2.685685533100235119e-04
1.151322840175418027e-01 2.689556389788211105e-04
1.151616834646013721e-01 2.693556576481097829e-04
1.151910829116609553e-01 2.697676237594651616e-04
1.152204823587205385e-01 2.701906204346365145e-04
1.152498818057801216e-01 2.706237950882473030e-04
1.152792812528397048e-01 2.710663552862764558e-04
1.153086806998992742e-01 2.715175648159494186e-04
1.153380801469588574e-01 2.719767400024677767e-04
1.153674795940184405e-01 2.724432462125345525e-04
1.153968790410780237e-01 2.729164945823319040e-04
1.154262784881376069e-01 2.733959389275210806e-04
1.154556779351971763e-01 2.738810728456904332e-04
1.154850773822567594e-01 2.743714269909680072e-04
1.155144768293163426e-01 2.748665665223707028e-04
1.155438762763759258e-01 2.753660887026065452e-04
1.155732757234355090e-01 2.758696206642265950e-04
1.156026751704950783e-01 2.763768173009967894e-04
1.156320746175546615e-01 2.768873593084926477e-04
1.156614740646142447e-01 2.774009513477296730e-04
1.156908735116738141e-01 2.779173203302693924e-04
1.157202729587334111e-01 2.784362138174988240e-04
1.157496724057929804e-01 2.789573985247833024e-04
1.157790718528525636e-01 2.794806589350639844e-04
1.158084712999121468e-01 2.800057959956626669e-04
1.158378707469717162e-01 2.805326259127365746e-04
1.158672701940312993e-01 2.810609790272192892e-04
1.158966696410908825e-01 2.815906987632196693e-04
1.159260690881504657e-01 2.821216406601970714e-04
1.159554685352100489e-01 2.826536714693165695e-04
1.159848679822696182e-01 2.831866683054839193e-04
1.160142674293292014e-01 2.837205178731104982e-04
1.160436668763887846e-01 2.842551157402406015e-04
1.160730663234483678e-01 2.847903656641669577e-04
1.161024657705079510e-01 2.853261789701053630e-04
1.161318652175675203e-01 2.858624739718054969e-04
1.161612646646271035e-01 2.863991754325116235e-04
1.161906641116866867e-01 2.869362140756620419e-04
1.162200635587462699e-01 2.874735261163155562e-04
1.162494630058058531e-01 2.880110528398230297e-04
1.162788624528654224e-01 2.885487402074513388e-04
1.163082618999250056e-01 2.890865384920358232e-04
1.163376613469845888e-01 2.896244019364958497e-04
1.163670607940441720e-01 2.901622884456073019e-04
1.163964602411037552e-01 2.907001592960232767e-04
1.164258596881633245e-01 2.912379788717900115e-04
1.164552591352229077e-01 2.917757144144347056e-04
1.164846585822824909e-01 2.923133357987891569e-04
1.165140580293420602e-01 2.928508153197268695e-04
1.165434574764016573e-01 2.933881275010105129e-04
1.165728569234612266e-01 2.939252489160601835e-04
1.166022563705208098e-01 2.944621580212981957e-04
1.166316558175803930e-01 2.949988350066988594e-04
1.166610552646399623e-01 2.955352616500347366e-04
1.166904547116995455e-01 2.960714211969468594e-04
1.167198541587591287e-01 2.966072982286201316e-04
1.167492536058187119e-01 2.971428785670917130e-04
1.167786530528782951e-01 2.976781491618208124e-04
1.168080524999378644e-01 2.982130980021942225e-04
1.168374519469974476e-01 2.987477140320859851e-04
1.168668513940570308e-01 2.992819870696021437e-04
1.168962508411166140e-01 2.998159077335679334e-04
1.169256502881761972e-01 3.003494673799303244e-04
1.169550497352357665e-01 3.008826580383796830e-04
1.169844491822953497e-01 3.014154723560983273e-04
1.170138486293549329e-01 3.019479035463447326e-04
1.170432480764145161e-01 3.024799453403922587e-04
1.170726475234740993e-01 3.030115919469194901e-04
1.171020469705336686e-01 3.035428380055400300e-04
1.171314464175932518e-01 3.040736785558947148e-04
