9.158185916385935821e-02 -3.266282643606734482e+00
9.165535778150830926e-02 -3.256223735598458902e+00
9.172885639915726030e-02 -3.246166571554368829e+00
9.180235501680621135e-02 -3.236111244328673919e+00
9.187585363445516240e-02 -3.226057846758799030e+00
9.194935225210411345e-02 -3.216006471664092814e+00
9.202285086975306450e-02 -3.205957211845232635e+00
9.209634948740201554e-02 -3.195910160083494489e+00
9.216984810505096659e-02 -3.185865409139482907e+00
9.224334672269991764e-02 -3.175823051752747261e+00
9.231684534034886869e-02 -3.165783180640506345e+00
9.239034395799781973e-02 -3.155745888497008877e+00
9.246384257564677078e-02 -3.145711267992764348e+00
9.253734119329572183e-02 -3.135679411773381275e+00
9.261083981094467288e-02 -3.125650412458885086e+00
9.268433842859361005e-02 -3.115624362643028888e+00
9.275783704624256110e-02 -3.105601354891946997e+00
9.283133566389151214e-02 -3.095581481743950647e+00
9.290483428154046319e-02 -3.085564835708021647e+00
9.297833289918941424e-02 -3.075551509263270589e+00
9.305183151683836529e-02 -3.065541594858229857e+00
9.312533013448731634e-02 -3.055535184909604851e+00
9.319882875213626738e-02 -3.045532371801600746e+00
9.327232736978521843e-02 -3.035533247885176422e+00
9.334582598743416948e-02 -3.025537905476946676e+00
9.341932460508312053e-02 -3.015546436858484114e+00
9.349282322273207158e-02 -3.005558934275365246e+00
9.356632184038102262e-02 -2.995575489936225466e+00
9.363982045802997367e-02 -2.985596196012231474e+00
9.371331907567892472e-02 -2.975621144635677950e+00
9.378681769332787577e-02 -2.965650427899511499e+00
9.386031631097682681e-02 -2.955684137856394500e+00
9.393381492862577786e-02 -2.945722366517637525e+00
9.400731354627472891e-02 -2.935765205852522541e+00
9.408081216392367996e-02 -2.925812747787306378e+00
9.415431078157263101e-02 -2.915865084204412483e+00
9.422780939922158205e-02 -2.905922306941389976e+00
9.430130801687053310e-02 -2.895984507790243967e+00
9.437480663451948415e-02 -2.886051778496305786e+00
9.444830525216843520e-02 -2.876124210757520672e+00
9.452180386981738625e-02 -2.866201896223390833e+00
9.459530248746633729e-02 -2.856284926494215171e+00
9.466880110511527446e-02 -2.846373393120007478e+00
9.474229972276422551e-02 -2.836467387599645562e+00
9.481579834041317656e-02 -2.826567001380084321e+00
9.488929695806212761e-02 -2.816672325855151371e+00
9.496279557571107865e-02 -2.806783452364712161e+00
9.503629419336002970e-02 -2.796900472193895482e+00
9.510979281100898075e-02 -2.787023476571800273e+00
9.518329142865793180e-02 -2.777152556670767325e+00
9.525679004630688285e-02 -2.767287803605400498e+00
9.533028866395583389e-02 -2.757429308431330384e+00
9.540378728160478494e-02 -2.747577162144459351e+00
9.547728589925373599e-02 -2.737731455679842441e+00
9.555078451690268704e-02 -2.727892279910580697e+00
9.562428313455163809e-02 -2.718059725646943647e+00
9.569778175220058913e-02 -2.708233883635028150e+00
9.577128036984954018e-02 -2.698414844555898640e+00
9.584477898749849123e-02 -2.688602699024324139e+00
9.591827760514744228e-02 -2.678797537587715993e+00
9.599177622279639333e-02 -2.668999450724919953e+00
9.606527484044534437e-02 -2.659208528844901664e+00
9.613877345809429542e-02 -2.649424862285744808e+00
9.621227207574324647e-02 -2.639648541313267316e+00
9.628577069339219752e-02 -2.629879656119589626e+00
9.635926931104114856e-02 -2.620118296821992487e+00
9.643276792869009961e-02 -2.610364553461456794e+00
9.650626654633905066e-02 -2.600618516001048874e+00
9.657976516398800171e-02 -2.590880274324714350e+00
9.665326378163693888e-02 -2.581149918235512430e+00
9.672676239928590380e-02 -2.571427537454171741e+00
9.680026101693484097e-02 -2.561713221617178959e+00
9.687375963458379202e-02 -2.552007060275172989e+00
9.694725825223274307e-02 -2.542309142891211238e+00
9.702075686988169412e-02 -2.532619558838492324e+00
9.709425548753064517e-02 -2.522938397398727162e+00
9.716775410517959621e-02 -2.513265747759806601e+00
9.724125272282854726e-02 -2.503601699013545456e+00
9.731475134047749831e-02 -2.493946340153369690e+00
9.738824995812644936e-02 -2.484299760071898788e+00
9.746174857577540040e-02 -2.474662047558132016e+00
9.753524719342435145e-02 -2.465033291294803419e+00
9.760874581107330250e-02 -2.455413579855443729e+00
9.768224442872225355e-02 -2.445803001701015944e+00
9.775574304637120460e-02 -2.436201645176765851e+00
9.782924166402015564e-02 -2.426609598508560950e+00
9.790274028166910669e-02 -2.417026949799163660e+00
9.797623889931805774e-02 -2.407453787024204317e+00
9.804973751696700879e-02 -2.397890198027443631e+00
9.812323613461595984e-02 -2.388336270516816739e+00
9.819673475226491088e-02 -2.378792092058972685e+00
9.827023336991386193e-02 -2.369257750073895608e+00
9.834373198756281298e-02 -2.359733331829625413e+00
9.841723060521176403e-02 -2.350218924435813150e+00
9.849072922286071508e-02 -2.340714614837134278e+00
9.856422784050966612e-02 -2.331220489806337781e+00
9.863772645815860329e-02 -2.321736635936716198e+00
9.871122507580756822e-02 -2.312263139633689235e+00
9.878472369345650539e-02 -2.302800087106158244e+00
9.885822231110545644e-02 -2.293347564357020474e+00
9.893172092875440748e-02 -2.283905657172974557e+00
9.900521954640335853e-02 -2.274474451113485785e+00
9.907871816405230958e-02 -2.265054031498713982e+00
9.915221678170126063e-02 -2.255644483397251321e+00
9.922571539935021168e-02 -2.246245891611636125e+00
9.929921401699916272e-02 -2.236858340663889777e+00
9.937271263464811377e-02 -2.227481914779447791e+00
9.944621125229706482e-02 -2.218116697869470855e+00
9.951970986994601587e-02 -2.208762773512185973e+00
9.959320848759496692e-02 -2.199420224933023249e+00
9.966670710524391796e-02 -2.190089134982056152e+00
9.974020572289286901e-02 -2.180769586110724134e+00
9.981370434054182006e-02 -2.171461660346416522e+00
9.988720295819077111e-02 -2.162165439264462918e+00
9.996070157583972215e-02 -2.152881003958507122e+00
1.000342001934886732e-01 -2.143608435008134805e+00
1.001076988111376243e-01 -2.134347812444172376e+00
1.001811974287865753e-01 -2.125099215710955392e+00
1.002546960464355263e-01 -2.115862723625028252e+00
1.003281946640844774e-01 -2.106638414331948539e+00
1.004016932817334284e-01 -2.097426365258257874e+00
1.004751918993823795e-01 -2.088226653059511051e+00
1.005486905170313305e-01 -2.079039353565551806e+00
1.006221891346802677e-01 -2.069864541719800499e+00
1.006956877523292326e-01 -2.060702291514058260e+00
1.007691863699781698e-01 -2.051552675918664193e+00
1.008426849876271347e-01 -2.042415766806293220e+00
1.009161836052760719e-01 -2.033291634869826225e+00
1.009896822229250229e-01 -2.024180349533715173e+00
1.010631808405739740e-01 -2.015081978857940825e+00
1.011366794582229250e-01 -2.005996589434698052e+00
1.012101780758718761e-01 -1.996924246276185144e+00
1.012836766935208271e-01 -1.987865012693527333e+00
1.013571753111697782e-01 -1.978818950166774115e+00
1.014306739288187292e-01 -1.969786118203030512e+00
1.015041725464676803e-01 -1.960766574184557243e+00
1.015776711641166313e-01 -1.951760373204129095e+00
1.016511697817655824e-01 -1.942767567887157654e+00
1.017246683994145334e-01 -1.933788208199912262e+00
1.017981670170634845e-01 -1.924822341242776957e+00
1.018716656347124355e-01 -1.915870011026157727e+00
1.019451642523613866e-01 -1.906931258229603188e+00
1.020186628700103376e-01 -1.898006119941760161e+00
1.020921614876592887e-01 -1.889094629379188817e+00
1.021656601053082397e-01 -1.880196815583641268e+00
1.022391587229571908e-01 -1.871312703095393104e+00
1.023126573406061418e-01 -1.862442311601272493e+00
1.023861559582550929e-01 -1.853585655554716993e+00
1.024596545759040439e-01 -1.844742743766062176e+00
1.025331531935529950e-01 -1.835913578962239612e+00
1.026066518112019460e-01 -1.827098157310956594e+00
1.026801504288508970e-01 -1.818296467908245617e+00
1.027536490464998342e-01 -1.809508492227692500e+00
1.028271476641487991e-01 -1.800734203525966137e+00
1.029006462817977363e-01 -1.791973566203274970e+00
1.029741448994466874e-01 -1.783226535115391087e+00
1.030476435170956384e-01 -1.774493054832463557e+00
1.031211421347445895e-01 -1.765773058842391663e+00
1.031946407523935405e-01 -1.757066468692972450e+00
1.032681393700424916e-01 -1.748373193070326792e+00
1.033416379876914426e-01 -1.739693126807551948e+00
1.034151366053403936e-01 -1.731026149819122395e+00
1.034886352229893447e-01 -1.722372125955510924e+00
1.035621338406382957e-01 -1.713730901773837800e+00
1.036356324582872468e-01 -1.705102305215897118e+00
1.037091310759361978e-01 -1.696486144189771395e+00
1.037826296935851489e-01 -1.687882205047101181e+00
1.038561283112340999e-01 -1.679290250948445973e+00
1.039296269288830510e-01 -1.670710020110057314e+00
1.040031255465320020e-01 -1.662141223923615740e+00
1.040766241641809531e-01 -1.653583544939364103e+00
1.041501227818299041e-01 -1.645036634705201450e+00
1.042236213994788552e-01 -1.636500111450823525e+00
1.042971200171278062e-01 -1.627973557606640753e+00
1.043706186347767573e-01 -1.619456517147106922e+00
1.044441172524257083e-01 -1.610948492746897998e+00
1.045176158700746594e-01 -1.602448942737266790e+00
1.045911144877236104e-01 -1.593957277850032384e+00
1.046646131053725615e-01 -1.585472857735185315e+00
1.047381117230214986e-01 -1.576994987238869328e+00
1.048116103406704636e-01 -1.568522912424633375e+00
1.048851089583194007e-01 -1.560055816323639988e+00
1.049586075759683518e-01 -1.551592814396318687e+00
1.050321061936173028e-01 -1.543132949686988553e+00
1.051056048112662539e-01 -1.534675187654332973e+00
1.051791034289152049e-01 -1.526218410656014157e+00
1.052526020465641560e-01 -1.517761412068580285e+00
1.053261006642131070e-01 -1.509302890019942112e+00
1.053995992818620581e-01 -1.500841440711230490e+00
1.054730978995110091e-01 -1.492375551305226367e+00
1.055465965171599602e-01 -1.483903592355574119e+00
1.056200951348089112e-01 -1.475423809750392223e+00
1.056935937524578623e-01 -1.466934316142825878e+00
1.057670923701068133e-01 -1.458433081840865952e+00
1.058405909877557644e-01 -1.449917925124644569e+00
1.059140896054047154e-01 -1.441386501961154920e+00
1.059875882230536664e-01 -1.432836295083806277e+00
1.060610868407026175e-01 -1.424264602401837720e+00
1.061345854583515685e-01 -1.415668524705132825e+00
1.062080840760005196e-01 -1.407044952627373391e+00
1.062815826936494706e-01 -1.398390552829155808e+00
1.063550813112984217e-01 -1.389701753361563874e+00
1.064285799289473727e-01 -1.380974728169245935e+00
1.065020785465963238e-01 -1.372205380690179055e+00
1.065755771642452748e-01 -1.363389326508752220e+00
1.066490757818942259e-01 -1.354521875015308296e+00
1.067225743995431630e-01 -1.345598010027703850e+00
1.067960730171921280e-01 -1.336612369324171823e+00
1.068695716348410651e-01 -1.327559223038807801e+00
1.069430702524900301e-01 -1.318432450869533312e+00
1.070165688701389672e-01 -1.309225518044421221e+00
1.070900674877879183e-01 -1.299931449993877663e+00
1.071635661054368693e-01 -1.290542805673386084e+00
1.072370647230858204e-01 -1.281051649480865251e+00
1.073105633407347714e-01 -1.271449521711591757e+00
1.073840619583837225e-01 -1.261727407491353148e+00
1.074575605760326735e-01 -1.251875704130636535e+00
1.075310591936816246e-01 -1.241884186838099424e+00
1.076045578113305756e-01 -1.231741972733427559e+00
1.076780564289795267e-01 -1.221437483098160470e+00
1.077515550466284777e-01 -1.210958403802806060e+00
1.078250536642774288e-01 -1.200291643848224510e+00
1.078985522819263798e-01 -1.189423291958359385e+00
1.079720508995753309e-01 -1.178338571164065485e+00
1.080455495172242819e-01 -1.167021791314063250e+00
1.081190481348732330e-01 -1.155456299452875868e+00
1.081925467525221840e-01 -1.143624428005232119e+00
1.082660453701711351e-01 -1.131507440706098322e+00
1.083395439878200861e-01 -1.119085476219268571e+00
1.084130426054690371e-01 -1.106337489386319817e+00
1.084865412231179882e-01 -1.093241190051351452e+00
1.085600398407669392e-01 -1.079772979408204492e+00
1.086335384584158903e-01 -1.065907883819747326e+00
1.087070370760648275e-01 -1.051619486060673125e+00
1.087805356937137924e-01 -1.036879853940149587e+00
1.088540343113627296e-01 -1.021659466262001104e+00
1.089275329290116945e-01 -1.005927136086370410e+00
1.090010315466606317e-01 -9.896499312594926323e-01
1.090745301643095966e-01 -9.727930921829681665e-01
1.091480287819585338e-01 -9.553199468014064166e-01
1.092215273996074848e-01 -9.371918227899804776e-01
1.092950260172564358e-01 -9.183679569325917669e-01
1.093685246349053869e-01 -8.988054016849282846e-01
1.094420232525543379e-01 -8.784589289278272872e-01
1.095155218702032890e-01 -8.572809309210036588e-01
1.095890204878522400e-01 -8.352213184759804676e-01
1.096625191055011911e-01 -8.122274163785832002e-01
1.097360177231501421e-01 -7.882438560972637731e-01
1.098095163407990932e-01 -7.632124658258945260e-01
1.098830149584480442e-01 -7.370721579189485340e-01
1.099565135760969953e-01 -7.097588137905646022e-01
1.100300121937459463e-01 -6.812051663570706239e-01
1.101035108113948974e-01 -6.513406801173786675e-01
1.101770094290438484e-01 -6.200914289799506207e-01
1.102505080466927995e-01 -5.873799719540713227e-01
1.103240066643417505e-01 -5.531252268415656204e-01
1.103975052819907016e-01 -5.172423420784717507e-01
1.104710038996396526e-01 -4.796425668894208627e-01
1.105445025172886037e-01 -4.402331199364191150e-01
1.106180011349375547e-01 -3.989170566575381827e-01
1.106914997525864919e-01 -3.555931355084638312e-01
1.107649983702354568e-01 -3.101556833372676181e-01
1.108384969878843940e-01 -2.624944601400791555e-01
1.109119956055333589e-01 -2.124945234629187496e-01
1.109854942231822961e-01 -1.600360927347708184e-01
1.110589928408312610e-01 -1.049944138320491049e-01
1.111324914584801982e-01 -4.723962419896565734e-02
1.112059900761291492e-01 1.336338113877388878e-02
1.112794886937781003e-01 7.695508230527536853e-02
1.113529873114270513e-01 1.436814656730760476e-01
1.114264859290760024e-01 2.136941529299285492e-01
1.114999845467249534e-01 2.871505276978005838e-01
1.115734831643739045e-01 3.642138592660160157e-01
1.116469817820228555e-01 4.450534229835838573e-01
1.117204803996718065e-01 5.298446168372947795e-01
1.117939790173207576e-01 6.187690737223050519e-01
1.118674776349697086e-01 7.120147688947504605e-01
1.119409762526186597e-01 8.097761220802155435e-01
1.120144748702676107e-01 9.122540936918426269e-01
1.120879734879165618e-01 1.019656274600365009e+00
1.121614721055655128e-01 1.132196968878027121e+00
1.122349707232144639e-01 1.250097268929323491e+00
1.123084693408634149e-01 1.373585122405994952e+00
1.123819679585123660e-01 1.502895390289282318e+00
1.124554665761613170e-01 1.638269895518327246e+00
1.125289651938102681e-01 1.779957461528017149e+00
1.126024638114592191e-01 1.928213940053581155e+00
1.126759624291081702e-01 2.083302227555986263e+00
1.127494610467571212e-01 2.245492269614519643e+00
1.128229596644060584e-01 2.415061052629219773e+00
1.128964582820550233e-01 2.592292582180999005e+00
1.129699568997039605e-01 2.777477847391182308e+00
1.130434555173529254e-01 2.970914770631516433e+00
1.131169541350018626e-01 3.172908141938648896e+00
1.131904527526508275e-01 3.383769537496087665e+00
1.132639513702997647e-01 3.603817221555900119e+00
1.133374499879487157e-01 3.833376031188967303e+00
1.134109486055976668e-01 4.072777243263249858e+00
1.134844472232466178e-01 4.322358423073254130e+00
1.135579458408955689e-01 4.582463254061417857e+00
1.136314444585445199e-01 4.853441348096799501e+00
1.137049430761934710e-01 5.135648035806115175e+00
1.137784416938424220e-01 5.429444136478288385e+00
1.138519403114913731e-01 5.735195707098160511e+00
1.139254389291403241e-01 6.053273770102791218e+00
1.139989375467892752e-01 6.384054019489338927e+00
1.140724361644382262e-01 6.727916504946641396e+00
1.141459347820871773e-01 7.085245293729931504e+00
1.142194333997361283e-01 7.456428110041464663e+00
1.142929320173850793e-01 7.841855951735368535e+00
1.143664306350340304e-01 8.241922684214349815e+00
1.144399292526829814e-01 8.657024611446654916e+00
1.145134278703319325e-01 9.087560024088659816e+00
1.145869264879808835e-01 9.533928724759011430e+00
1.146604251056298346e-01 9.996531530579364500e+00
1.147339237232787856e-01 1.047576975315990211e+01
1.148074223409277228e-01 1.097204465627643444e+01
1.148809209585766877e-01 1.148575689156349711e+01
1.149544195762256249e-01 1.201730591261124914e+01
1.150279181938745898e-01 1.256708936794072784e+01
1.151014168115235270e-01 1.313550247339658661e+01
1.151749154291724919e-01 1.372293736458815694e+01
1.152484140468214291e-01 1.432978243007340424e+01
1.153219126644703801e-01 1.495642162607694914e+01
1.153954112821193312e-01 1.560323377359914332e+01
1.154689098997682822e-01 1.627059183886575511e+01
1.155424085174172333e-01 1.695886219814330786e+01
1.156159071350661843e-01 1.766840388802602391e+01
1.156894057527151354e-01 1.839956784238442467e+01
1.157629043703640864e-01 1.915269611724317400e+01
1.158364029880130375e-01 1.992812110493225219e+01
1.159099016056619885e-01 2.072616473893818778e+01
1.159834002233109396e-01 2.154713769095280540e+01
1.160568988409598906e-01 2.239133856169002001e+01
1.161303974586088417e-01 2.325905306711666753e+01
1.162038960762577927e-01 2.415055322180617736e+01
1.162773946939067438e-01 2.506609652118949327e+01
1.163508933115556948e-01 2.600592512454261396e+01
1.164243919292046459e-01 2.697026504060220731e+01
1.164978905468535969e-01 2.795932531775787666e+01
1.165713891645025480e-01 2.897329724081478730e+01
1.166448877821514990e-01 3.001235353636825209e+01
1.167183863998004500e-01 3.107664758886715362e+01
1.167918850174493872e-01 3.216631266947513978e+01
1.168653836350983521e-01 3.328146117987259345e+01
1.169388822527472893e-01 3.442218391315179105e+01
1.170123808703962542e-01 3.558854933398879439e+01
1.170858794880451914e-01 3.678060288026347990e+01
1.171593781056941563e-01 3.799836628832593988e+01
1.172328767233430935e-01 3.924183694407309986e+01
1.173063753409920446e-01 4.051098726201686162e+01
1.173798739586409956e-01 4.180576409447880337e+01
1.174533725762899466e-01 4.312608817303856057e+01
1.175268711939388977e-01 4.447185358431880786e+01
1.176003698115878487e-01 4.584292728214728641e+01
1.176738684292367998e-01 4.723914863809135767e+01
1.177473670468857508e-01 4.866032903230032503e+01
1.178208656645347019e-01 5.010625148652154337e+01
1.178943642821836529e-01 5.157667034109139337e+01
1.179678628998326040e-01 5.307131097761693184e+01
1.180413615174815550e-01 5.458986958897332897e+01
1.181148601351305061e-01 5.613201299815581535e+01
1.181883587527794571e-01 5.769737852741570805e+01
1.182618573704284082e-01 5.928557391900049112e+01
1.183353559880773592e-01 6.089617730871015056e+01
1.184088546057263103e-01 6.252873725335216193e+01
1.184823532233752613e-01 6.418277281305060455e+01
1.185558518410242124e-01 6.585777368923773167e+01
1.186293504586731634e-01 6.755320041900911576e+01
1.187028490763221145e-01 6.926848462638524495e+01
1.187763476939710655e-01 7.100302933087077406e+01
1.188498463116200166e-01 7.275620931355393850e+01
1.189233449292689537e-01 7.452737154082969084e+01
1.189968435469179187e-01 7.631583564567397104e+01
1.190703421645668558e-01 7.812089446622627520e+01
1.191438407822158208e-01 7.994181464129869141e+01
1.192173393998647579e-01 8.177783726222543237e+01
1.192908380175137228e-01 8.362817858034631513e+01
1.193643366351626600e-01 8.549203076920974809e+01
1.194378352528116111e-01 8.736856274045493365e+01
1.195113338704605621e-01 8.925692101213071794e+01
1.195848324881095132e-01 9.115623062807975430e+01
1.196583311057584642e-01 9.306559612683193450e+01
1.197318297234074153e-01 9.498410255830768278e+01
1.198053283410563663e-01 9.691081654646967536e+01
1.198788269587053174e-01 9.884478739591685326e+01
1.199523255763542684e-01 1.007850482402691199e+02
1.200258241940032194e-01 1.027306172300452118e+02
1.200993228116521705e-01 1.046804987576109340e+02
1.201728214293011215e-01 1.066336847166438986e+02
1.202463200469500726e-01 1.085891557934354950e+02
1.203198186645990236e-01 1.105458827872476917e+02
1.203933172822479747e-01 1.125028279568302167e+02
1.204668158998969257e-01 1.144589463901070303e+02
1.205403145175458768e-01 1.164131873939596176e+02
1.206138131351948278e-01 1.183644959009506152e+02
1.206873117528437789e-01 1.203118138897633003e+02
1.207608103704927299e-01 1.222540818160788092e+02
1.208343089881416810e-01 1.241902400505593107e+02
1.209078076057906181e-01 1.261192303205708924e+02
1.209813062234395831e-01 1.280399971522546707e+02
1.210548048410885202e-01 1.299514893095282559e+02
1.211283034587374852e-01 1.318526612266223310e+02
1.212018020763864223e-01 1.337424744307204207e+02
1.212753006940353873e-01 1.356198989513369497e+02
1.213487993116843244e-01 1.374839147130535082e+02
1.214222979293332755e-01 1.393335129083114055e+02
1.214957965469822265e-01 1.411676973469750749e+02
1.215692951646311776e-01 1.429854857794757095e+02
1.216427937822801286e-01 1.447859111903925964e+02
1.217162923999290797e-01 1.465680230594271904e+02
1.217897910175780307e-01 1.483308885868147513e+02
1.218632896352269818e-01 1.500735938803202316e+02
1.219367882528759328e-01 1.517952451010839638e+02
1.220102868705248839e-01 1.534949695656981987e+02
1.220837854881738349e-01 1.551719168020319159e+02
1.221572841058227860e-01 1.568252595564620151e+02
1.222307827234717370e-01 1.584541947503076358e+02
1.223042813411206881e-01 1.600579443834294295e+02
1.223777799587696391e-01 1.616357563831114987e+02
1.224512785764185901e-01 1.631869053965065461e+02
1.225247771940675412e-01 1.647106935251067625e+02
1.225982758117164922e-01 1.662064509998720325e+02
1.226717744293654433e-01 1.676735367958295910e+02
1.227452730470143943e-01 1.691113391851470169e+02
1.228187716646633454e-01 1.705192762278652481e+02
1.228922702823122826e-01 1.718967961996635552e+02
1.229657688999612475e-01 1.732433779562293523e+02
1.230392675176101847e-01 1.745585312339788970e+02
1.231127661352591496e-01 1.758417968870900836e+02
1.231862647529080868e-01 1.770927470609680086e+02
1.232597633705570517e-01 1.783109853024830045e+02
1.233332619882059888e-01 1.794961466074771295e+02
1.234067606058549538e-01 1.806478974062459315e+02
1.234802592235038909e-01 1.817659354878511522e+02
1.235537578411528559e-01 1.828499898643278527e+02
1.236272564588017930e-01 1.838998205759828579e+02
1.237007550764507441e-01 1.849152184391801939e+02
1.237742536940996951e-01 1.858960047381368099e+02
1.238477523117486462e-01 1.868420308624260144e+02
1.239212509293975972e-01 1.877531778920130705e+02
1.239947495470465483e-01 1.886293561317939123e+02
1.240682481646954993e-01 1.894705045977292457e+02
1.241417467823444504e-01 1.902765904567884263e+02
1.242152453999934014e-01 1.910476084230265315e+02
1.242887440176423525e-01 1.917835801122178054e+02
1.243622426352913035e-01 1.924845533575616798e+02
1.244357412529402546e-01 1.931506014890555889e+02
1.245092398705892056e-01 1.937818225792022417e+02
1.245827384882381567e-01 1.943783386577799490e+02
1.246562371058871077e-01 1.949402948984503041e+02
1.247297357235360449e-01 1.954678587800238176e+02
1.248032343411850098e-01 1.959612192252289731e+02
1.248767329588339470e-01 1.964205857198478498e+02
1.249502315764829119e-01 1.968461874150962103e+02
1.250237301941318491e-01 1.972382722161140975e+02
1.250972288117808140e-01 1.975971058594311387e+02
1.251707274294297512e-01 1.979229709822391214e+02
1.252442260470787161e-01 1.982161661862798212e+02
1.253177246647276533e-01 1.984770050991080552e+02
1.253912232823766182e-01 1.987058154354450608e+02
1.254647219000255554e-01 1.989029380612715840e+02
1.255382205176745203e-01 1.990687260632470270e+02
1.256117191353234575e-01 1.992035438259599118e+02
1.256852177529724224e-01 1.993077661194345183e+02
1.257587163706213595e-01 1.993817771992240750e+02
1.258322149882702967e-01 1.994259699213241390e+02
1.259057136059192616e-01 1.994407448740350901e+02
1.259792122235682266e-01 1.994265095287917120e+02
1.260527108412171637e-01 1.993836774118626067e+02
1.261262094588661009e-01 1.993126672987015979e+02
1.261997080765150658e-01 1.992139024326094159e+02
1.262732066941640308e-01 1.990878097692350082e+02
1.263467053118129679e-01 1.989348192483155913e+02
1.264202039294619051e-01 1.987553630939206641e+02
1.264937025471108700e-01 1.985498751443307697e+02
1.265672011647598350e-01 1.983187902125439166e+02
1.266406997824087721e-01 1.980625434782666048e+02
1.267141984000577093e-01 1.977815699121086652e+02
1.267876970177066742e-01 1.974763037325643893e+02
1.268611956353556114e-01 1.971471778962270776e+02
1.269346942530045763e-01 1.967946236215475722e+02
1.270081928706535135e-01 1.964190699463196097e+02
1.270816914883024784e-01 1.960209433189392314e+02
1.271551901059514156e-01 1.956006672233649226e+02
1.272286887236003805e-01 1.951586618375757212e+02
1.273021873412493177e-01 1.946953437252122967e+02
1.273756859588982826e-01 1.942111255599617721e+02
1.274491845765472198e-01 1.937064158821484057e+02
1.275226831941961847e-01 1.931816188868738493e+02
1.275961818118451219e-01 1.926371342429638105e+02
1.276696804294940868e-01 1.920733569418715661e+02
1.277431790471430240e-01 1.914906771756118928e+02
1.278166776647919889e-01 1.908894802427049342e+02
1.278901762824409261e-01 1.902701464810469361e+02
1.279636749000898632e-01 1.896330512265406014e+02
1.280371735177388282e-01 1.889785647962700921e+02
1.281106721353877931e-01 1.883070524949383184e+02
1.281841707530367303e-01 1.876188746432404457e+02
1.282576693706856674e-01 1.869143866268042302e+02
1.283311679883346323e-01 1.861939389642935225e+02
1.284046666059835973e-01 1.854578773932417164e+02
1.284781652236325344e-01 1.847065429721587009e+02
1.285516638412814716e-01 1.839402721974429369e+02
1.286251624589304365e-01 1.831593971336219226e+02
1.286986610765794015e-01 1.823642455554408741e+02
1.287721596942283386e-01 1.815551411003218334e+02
1.288456583118772758e-01 1.807324034297320736e+02
1.289191569295262407e-01 1.798963483980134868e+02
1.289926555471751779e-01 1.790472882272472930e+02
1.290661541648241428e-01 1.781855316867533645e+02
1.291396527824730800e-01 1.773113842758673115e+02
1.292131514001220449e-01 1.764251484086573214e+02
1.292866500177709821e-01 1.755271235993104426e+02
1.293601486354199470e-01 1.746176066469361103e+02
1.294336472530688842e-01 1.736968918186155975e+02
1.295071458707178491e-01 1.727652710295502061e+02
1.295806444883667863e-01 1.718230340192492633e+02
1.296541431060157512e-01 1.708704685227301070e+02
1.297276417236646884e-01 1.699078604357930828e+02
1.298011403413136255e-01 1.689354939734753600e+02
1.298746389589625905e-01 1.679536518208765870e+02
1.299481375766115554e-01 1.669626152756024737e+02
1.300216361942604926e-01 1.659626643811504607e+02
1.300951348119094297e-01 1.649540780506303292e+02
1.301686334295583947e-01 1.639371341802872450e+02
1.302421320472073596e-01 1.629121097523627668e+02
1.303156306648562968e-01 1.618792809269007478e+02
1.303891292825052339e-01 1.608389231221787838e+02
1.304626279001541989e-01 1.597913110835187069e+02
1.305361265178031638e-01 1.587367189402903307e+02
1.306096251354521010e-01 1.576754202509995366e+02
1.306831237531010381e-01 1.566076880364095700e+02
1.307566223707500030e-01 1.555337948007209548e+02
1.308301209883989402e-01 1.544540125408840936e+02
1.309036196060479051e-01 1.533686127441849862e+02
1.309771182236968423e-01 1.522778663743070524e+02
1.310506168413458072e-01 1.511820438461122080e+02
1.311241154589947444e-01 1.500814149894578406e+02
1.311976140766437093e-01 1.489762490023854014e+02
1.312711126942926465e-01 1.478668143940987818e+02
1.313446113119416114e-01 1.467533789181522081e+02
1.314181099295905486e-01 1.456362094963462255e+02
1.314916085472395135e-01 1.445155721338282717e+02
1.315651071648884507e-01 1.433917318259615854e+02
1.316386057825374156e-01 1.422649524575188309e+02
1.317121044001863528e-01 1.411354966948186416e+02
1.317856030178353177e-01 1.400036258714062569e+02
1.318591016354842549e-01 1.388695998679343973e+02
1.319326002531331921e-01 1.377336769868774695e+02
1.320060988707821570e-01 1.365961138227575304e+02
1.320795974884311219e-01 1.354571651285401117e+02
1.321530961060800591e-01 1.343170836788765712e+02
1.322265947237289963e-01 1.331761201308615625e+02
1.323000933413779612e-01 1.320345228829833673e+02
1.323735919590269261e-01 1.308925379329216128e+02
1.324470905766758633e-01 1.297504087348518169e+02
1.325205891943248004e-01 1.286083760568964749e+02
1.325940878119737654e-01 1.274666778393552704e+02
1.326675864296227303e-01 1.263255490543222095e+02
1.327410850472716675e-01 1.251852215672803652e+02
1.328145836649206046e-01 1.240459240012450408e+02
1.328880822825695696e-01 1.229078816040054392e+02
1.329615809002185067e-01 1.217713161189802378e+02
1.330350795178674717e-01 1.206364456601809820e+02
1.331085781355164088e-01 1.195034845917533630e+02
1.331820767531653738e-01 1.183726434125214553e+02
1.332555753708143109e-01 1.172441286459505250e+02
1.333290739884632758e-01 1.161181427358840779e+02
1.334025726061122130e-01 1.149948839484106884e+02
1.334760712237611779e-01 1.138745462801467312e+02
1.335495698414101151e-01 1.127573193732231829e+02
1.336230684590590800e-01 1.116433884371945453e+02
1.336965670767080172e-01 1.105329341780896470e+02
1.337700656943569821e-01 1.094261327347534802e+02
1.338435643120059193e-01 1.083231556226313330e+02
1.339170629296548842e-01 1.072241696850755375e+02
1.339905615473038214e-01 1.061293370522602970e+02
1.340640601649527586e-01 1.050388151077205805e+02
1.341375587826017235e-01 1.039527564625303029e+02
1.342110574002506884e-01 1.028713089370842226e+02
1.342845560178996256e-01 1.017946155504264141e+02
1.343580546355485628e-01 1.007228145170343083e+02
1.344315532531975277e-01 9.965603925095237514e+01
1.345050518708464926e-01 9.859441837712543588e+01
1.345785504884954298e-01 9.753807574977032857e+01
1.346520491061443670e-01 9.648713047759423489e+01
1.347255477237933319e-01 9.544169695565398115e+01
1.347990463414422968e-01 9.440188490362106677e+01
1.348725449590912340e-01 9.336779941020395768e+01
1.349460435767401711e-01 9.233954098346124795e+01
1.350195421943891361e-01 9.131720560672783904e+01
1.350930408120380732e-01 9.030088479985575134e+01
1.351665394296870382e-01 8.929066568546139138e+01
1.352400380473359753e-01 8.828663105986953497e+01
1.353135366649849403e-01 8.728885946842024168e+01
1.353870352826338774e-01 8.629742528481565955e+01
1.354605339002828424e-01 8.531239879416001770e+01
1.355340325179317795e-01 8.433384627936491995e+01
1.356075311355807445e-01 8.336183011056236580e+01
1.356810297532296816e-01 8.239640883720029763e+01
1.357545283708786465e-01 8.143763728246136679e+01
1.358280269885275837e-01 8.048556663968291502e+01
1.359015256061765209e-01 7.954024457042869756e+01
1.359750242238254858e-01 7.860171530389297345e+01
1.360485228414744507e-01 7.767001973730877751e+01
1.361220214591233879e-01 7.674519553704597286e+01
1.361955200767723251e-01 7.582727724008977077e+01
1.362690186944212900e-01 7.491629635560826728e+01
1.363425173120702549e-01 7.401228146631672189e+01
1.364160159297191921e-01 7.311525832936574432e+01
1.364895145473681293e-01 7.222524997648935141e+01
1.365630131650170942e-01 7.134227681316639291e+01
1.366365117826660591e-01 7.046635671655533883e+01
1.367100104003149963e-01 6.959750513198258659e+01
1.367835090179639335e-01 6.873573516777179293e+01
1.368570076356128984e-01 6.788105768823052699e+01
1.369305062532618356e-01 6.703348140460748539e+01
1.370040048709108005e-01 6.619301296386090883e+01
1.370775034885597377e-01 6.535965703509431535e+01
1.371510021062087026e-01 6.453341639352125014e+01
1.372245007238576398e-01 6.371429200185036734e+01
1.372979993415066047e-01 6.290228308898406340e+01
1.373714979591555418e-01 6.209738722594877913e+01
1.374449965768045068e-01 6.129960039898364244e+01
1.375184951944534439e-01 6.050891707973512013e+01
1.375919938121024089e-01 5.972533029250877235e+01
1.376654924297513460e-01 5.894883167856160355e+01
1.377389910474003110e-01 5.817941155740684422e+01
1.378124896650492481e-01 5.741705898514372564e+01
1.378859882826982131e-01 5.666176180980980348e+01
1.379594869003471502e-01 5.591350672379209641e+01
1.380329855179960874e-01 5.517227931331751734e+01
1.381064841356450523e-01 5.443806410507946225e+01
1.381799827532940173e-01 5.371084461004765132e+01
1.382534813709429544e-01 5.299060336452865272e+01
1.383269799885918916e-01 5.227732196854591962e+01
1.384004786062408565e-01 5.157098112162630343e+01
1.384739772238898214e-01 5.087156065607477728e+01
1.385474758415387586e-01 5.017903956783469255e+01
1.386209744591876958e-01 4.949339604503020951e+01
1.386944730768366607e-01 4.881460749430166857e+01
1.387679716944856256e-01 4.814265056503755602e+01
1.388414703121345628e-01 4.747750117161820071e+01
1.389149689297835000e-01 4.681913451378601110e+01
1.389884675474324649e-01 4.616752509526340020e+01
1.390619661650814021e-01 4.552264674073382622e+01
1.391354647827303670e-01 4.488447261130883703e+01
1.392089634003793042e-01 4.425297521860204597e+01
1.392824620180282691e-01 4.362812643752973685e+01
1.393559606356772063e-01 4.300989751795938787e+01
1.394294592533261712e-01 4.239825909532236636e+01
1.395029578709751084e-01 4.179318120031082628e+01
1.395764564886240733e-01 4.119463326776793366e+01
1.396499551062730105e-01 4.060258414488944112e+01
1.397234537239219754e-01 4.001700209883760806e+01
1.397969523415709125e-01 3.943785482387962560e+01
1.398704509592198775e-01 3.886510944814297375e+01
1.399439495768688146e-01 3.829873254009357453e+01
1.400174481945177796e-01 3.773869011481782110e+01
1.400909468121667167e-01 3.718494764020684329e+01
1.401644454298156539e-01 3.663747004311445465e+01
1.402379440474646188e-01 3.609622171557457193e+01
1.403114426651135838e-01 3.556116652114377530e+01
1.403849412827625209e-01 3.503226780143741337e+01
1.404584399004114581e-01 3.450948838291905929e+01
1.405319385180604230e-01 3.399279058399982034e+01
1.406054371357093880e-01 3.348213622249517130e+01
1.406789357533583251e-01 3.297748662348442394e+01
1.407524343710072623e-01 3.247880262760835990e+01
1.408259329886562272e-01 3.198604459984282755e+01
1.408994316063051921e-01 3.149917243877084161e+01
1.409729302239541293e-01 3.101814558637754260e+01
1.410464288416030665e-01 3.054292303838371225e+01
1.411199274592520314e-01 3.007346335513143742e+01
1.411934260769009686e-01 2.960972467302747546e+01
1.412669246945499335e-01 2.915166471654581670e+01
1.413404233121988707e-01 2.869924081079005163e+01
1.414139219298478356e-01 2.825240989460579044e+01
1.414874205474967728e-01 2.781112853423628906e+01
1.415609191651457377e-01 2.737535293750227083e+01
1.416344177827946749e-01 2.694503896849360558e+01
1.417079164004436398e-01 2.652014216274687186e+01
1.417814150180925770e-01 2.610061774288870140e+01
1.418549136357415419e-01 2.568642063471337167e+01
1.419284122533904791e-01 2.527750548367123073e+01
1.420019108710394162e-01 2.487382667172943584e+01
1.420754094886883812e-01 2.447533833457708852e+01
1.421489081063373461e-01 2.408199437913605934e+01
1.422224067239862833e-01 2.369374850134218491e+01
1.422959053416352204e-01 2.331055420415679080e+01
1.423694039592841853e-01 2.293236481577307728e+01
1.424429025769331503e-01 2.255913350797396788e+01
1.425164011945820874e-01 2.219081331460344231e+01
1.425898998122310246e-01 2.182735715010986155e+01
1.426633984298799895e-01 2.146871782812240781e+01
1.427368970475289545e-01 2.111484808001917912e+01
1.428103956651778916e-01 2.076570057344674325e+01
1.428838942828268288e-01 2.042122793075339970e+01
1.429573929004757937e-01 2.008138274729750350e+01
1.430308915181247309e-01 1.974611760959261630e+01
1.431043901357736958e-01 1.941538511325351024e+01
1.431778887534226330e-01 1.908913788070940853e+01
1.432513873710715979e-01 1.876732857864766757e+01
1.433248859887205351e-01 1.844990993515980193e+01
1.433983846063695000e-01 1.813683475655605548e+01
1.434718832240184372e-01 1.782805594382151781e+01
1.435453818416674021e-01 1.752352650868648709e+01
1.436188804593163393e-01 1.722319958928553518e+01
1.436923790769653042e-01 1.692702846538239214e+01
1.437658776946142414e-01 1.663496657314030713e+01
1.438393763122632063e-01 1.634696751941670101e+01
1.439128749299121435e-01 1.606298509556807019e+01
1.439863735475611084e-01 1.578297329074555044e+01
1.440598721652100456e-01 1.550688630467357498e+01
1.441333707828589827e-01 1.523467855989566822e+01
1.442068694005079477e-01 1.496630471348172620e+01
1.442803680181569126e-01 1.470171966818818632e+01
1.443538666358058498e-01 1.444087858306670391e+01
1.444273652534547869e-01 1.418373688351712225e+01
1.445008638711037519e-01 1.393025027078508415e+01
1.445743624887527168e-01 1.368037473090402401e+01
1.446478611064016540e-01 1.343406654308358839e+01
1.447213597240505911e-01 1.319128228754801668e+01
1.447948583416995560e-01 1.295197885283135086e+01
1.448683569593485210e-01 1.271611344253588349e+01
1.449418555769974581e-01 1.248364358156100806e+01
1.450153541946463953e-01 1.225452712181436965e+01
1.450888528122953602e-01 1.202872224741458140e+01
1.451623514299442974e-01 1.180618747939947255e+01
1.452358500475932623e-01 1.158688167995007845e+01
1.453093486652421995e-01 1.137076405614844354e+01
1.453828472828911644e-01 1.115779416328103579e+01
1.454563459005401016e-01 1.094793190770547042e+01
1.455298445181890665e-01 1.074113754929553366e+01
1.456033431358380037e-01 1.053737170348421337e+01
1.456768417534869686e-01 1.033659534291771465e+01
1.457503403711359058e-01 1.013876979874403261e+01
1.458238389887848707e-01 9.943856761549088930e+00
1.458973376064338079e-01 9.751818281963466006e+00
1.459708362240827728e-01 9.562616770953416889e+00
1.460443348417317100e-01 9.376214999820064122e+00
1.461178334593806749e-01 9.192576099920788835e+00
1.461913320770296121e-01 9.011663562134600625e+00
1.462648306946785492e-01 8.833441236087619330e+00
1.463383293123275142e-01 8.657873329157826703e+00
1.464118279299764791e-01 8.484924405277372017e+00
1.464853265476254163e-01 8.314559383547354798e+00
1.465588251652743534e-01 8.146743536685608689e+00
1.466323237829233184e-01 7.981442489320969003e+00
1.467058224005722833e-01 7.818622216152062876e+00
1.467793210182212205e-01 7.658249039984880824e+00
1.468528196358701576e-01 7.500289629663829061e+00
1.469263182535191226e-01 7.344710997911921169e+00
1.469998168711680875e-01 7.191480499092156364e+00
1.470733154888170247e-01 7.040565826904199298e+00
1.471468141064659618e-01 6.891935012026774388e+00
1.472203127241149268e-01 6.745556419719676455e+00
1.472938113417638639e-01 6.601398747394425115e+00
1.473673099594128288e-01 6.459431022164137559e+00
1.474408085770617660e-01 6.319622598381824830e+00
1.475143071947107309e-01 6.181943155175547489e+00
1.475878058123596681e-01 6.046362693989859594e+00
1.476613044300086330e-01 5.912851536136773944e+00
1.477348030476575702e-01 5.781380320367908610e+00
1.478083016653065351e-01 5.651920000468830807e+00
1.478818002829554723e-01 5.524441842884025178e+00
1.479552989006044372e-01 5.398917424374165108e+00
1.480287975182533744e-01 5.275318629711886587e+00
1.481022961359023116e-01 5.153617649416890600e+00
1.481757947535512765e-01 5.033786977535074314e+00
1.482492933712002414e-01 4.915799409461289571e+00
1.483227919888491786e-01 4.799628039809732627e+00
1.483962906064981158e-01 4.685246260329886780e+00
1.484697892241470807e-01 4.572627757870746379e+00
1.485432878417960456e-01 4.461746512392739561e+00
1.486167864594449828e-01 4.352576795025726142e+00
1.486902850770939200e-01 4.245093166173290911e+00
1.487637836947428849e-01 4.139270473661731842e+00
1.488372823123918498e-01 4.035083850932700500e+00
1.489107809300407870e-01 3.932508715275261579e+00
1.489842795476897241e-01 3.831520766099329123e+00
1.490577781653386891e-01 3.732095983243658210e+00
1.491312767829876262e-01 3.634210625319401089e+00
1.492047754006365912e-01 3.537841228083760114e+00
1.492782740182855283e-01 3.442964602841978916e+00
1.493517726359344933e-01 3.349557834875824369e+00
1.494252712535834304e-01 3.257598281892351011e+00
1.494987698712323954e-01 3.167063572492565982e+00
1.495722684888813325e-01 3.077931604656090059e+00
1.496457671065302975e-01 2.990180544236643811e+00
1.497192657241792346e-01 2.903788823468481439e+00
1.497927643418281995e-01 2.818735139477414720e+00
1.498662629594771367e-01 2.734998452794966894e+00
1.499397615771261016e-01 2.652557985872430635e+00
1.500132601947750388e-01 2.571393221591401712e+00
1.500867588124240037e-01 2.491483901767308495e+00
1.501602574300729409e-01 2.412810025645089951e+00
1.502337560477218781e-01 2.335351848382485329e+00
1.503072546653708430e-01 2.259089879518482391e+00
1.503807532830198079e-01 2.184004881426899303e+00
1.504542519006687451e-01 2.110077867749255986e+00
1.505277505183176823e-01 2.037290101807739617e+00
1.506012491359666472e-01 1.965623094996052700e+00
1.506747477536156121e-01 1.895058605144329889e+00
1.507482463712645493e-01 1.825578634860431038e+00
1.508217449889134865e-01 1.757165429841970550e+00
1.508952436065624514e-01 1.689801477161568144e+00
1.509687422242114163e-01 1.623469503522516177e+00
1.510422408418603535e-01 1.558152473484700096e+00
1.511157394595092907e-01 1.493833587660006401e+00
1.511892380771582556e-01 1.430496280877441961e+00
1.512627366948071927e-01 1.368124220316232709e+00
1.513362353124561577e-01 1.306701303609962395e+00
1.514097339301050948e-01 1.246211656918088551e+00
1.514832325477540598e-01 1.186639632967931846e+00
1.515567311654029969e-01 1.127969809067204565e+00
1.516302297830519619e-01 1.070186985086067466e+00
1.517037284007008990e-01 1.013276181411939092e+00
1.517772270183498640e-01 9.572226368761693749e-01
1.518507256359988011e-01 9.020118066541247259e-01
1.519242242536477661e-01 8.476293601402709044e-01
1.519977228712967032e-01 7.940611787990849990e-01
1.520712214889456682e-01 7.412933539929138504e-01
1.521447201065946053e-01 6.893121847890757437e-01
1.522182187242435703e-01 6.381041757470828912e-01
1.522917173418925074e-01 5.876560346872903295e-01
1.523652159595414446e-01 5.379546704442059735e-01
1.524387145771904095e-01 4.889871906035843097e-01
1.525122131948393744e-01 4.407408992277517257e-01
1.525857118124883116e-01 3.932032945693979542e-01
1.526592104301372488e-01 3.463620667754678806e-01
1.527327090477862137e-01 3.002050955844790536e-01
1.528062076654351786e-01 2.547204480172826635e-01
1.528797062830841158e-01 2.098963760645382592e-01
1.529532049007330530e-01 1.657213143715541293e-01
1.530267035183820179e-01 1.221838779237511829e-01
1.531002021360309828e-01 7.927285973279296627e-02
1.531737007536799200e-01 3.697722852698248630e-02
1.532471993713288572e-01 -4.713873554459624415e-03
1.533206979889778221e-01 -4.581113325922103741e-02
1.533941966066267593e-01 -8.632506851188814778e-02
1.534676952242757242e-01 -1.262660306941310040e-01
1.535411938419246614e-01 -1.656442069129955286e-01
1.536146924595736263e-01 -2.044696222563082699e-01
1.536881910772225635e-01 -2.427521420344138647e-01
1.537616896948715284e-01 -2.805014740049074362e-01
1.538351883125204655e-01 -3.177271705813122793e-01
1.539086869301694305e-01 -3.544386310236653514e-01
1.539821855478183676e-01 -3.906451036090992091e-01
1.540556841654673326e-01 -4.263556877825802616e-01
1.541291827831162697e-01 -4.615793362863556126e-01
1.542026814007652069e-01 -4.963248572667158243e-01
1.542761800184141718e-01 -5.306009163584146648e-01
1.543496786360631368e-01 -5.644160387442695992e-01
1.544231772537120739e-01 -5.977786111915417422e-01
1.544966758713610111e-01 -6.306968840622086958e-01
1.545701744890099760e-01 -6.631789732982227292e-01
1.546436731066589410e-01 -6.952328623806014463e-01
1.547171717243078781e-01 -7.268664042622479116e-01
1.547906703419568153e-01 -7.580873232737346257e-01
1.548641689596057802e-01 -7.889032170025043200e-01
1.549376675772547451e-01 -8.193215581449830864e-01
1.550111661949036823e-01 -8.493496963312381354e-01
1.550846648125526195e-01 -8.789948599225247960e-01
1.551581634302015844e-01 -9.082641577818915124e-01
1.552316620478505493e-01 -9.371645810171322921e-01
1.553051606654994865e-01 -9.657030046969126147e-01
1.553786592831484237e-01 -9.938861895402695268e-01
1.554521579007973886e-01 -1.021720783579215919e+00
1.555256565184463535e-01 -1.049213323795031627e+00
1.555991551360952907e-01 -1.076370237728580648e+00
1.556726537537442279e-01 -1.103197845064864069e+00
1.557461523713931650e-01 -1.129702359192139127e+00
1.558196509890421300e-01 -1.155889888736183480e+00
1.558931496066910949e-01 -1.181766439070072394e+00
1.559666482243400321e-01 -1.207337913799932494e+00
1.560401468419889692e-01 -1.232610116227100150e+00
1.561136454596379342e-01 -1.257588750787244081e+00
1.561871440772868991e-01 -1.282279424466819862e+00
1.562606426949358362e-01 -1.306687648197778273e+00
1.563341413125847734e-01 -1.330818838230442225e+00
1.564076399302337383e-01 -1.354678317485944916e+00
1.564811385478827033e-01 -1.378271316887822451e+00
1.565546371655316404e-01 -1.401602976674121592e+00
1.566281357831805776e-01 -1.424678347690008451e+00
1.567016344008295425e-01 -1.447502392661975890e+00
1.567751330184785075e-01 -1.470079987453502213e+00
1.568486316361274446e-01 -1.492415922303573339e+00
1.569221302537763818e-01 -1.514514903047638583e+00
1.569956288714253467e-01 -1.536381552322541921e+00
1.570691274890743117e-01 -1.558020410754968665e+00
1.571426261067232488e-01 -1.579435938134972517e+00
1.572161247243721860e-01 -1.600632514573588239e+00
1.572896233420211509e-01 -1.621614441646750393e+00
1.573631219596701158e-01 -1.642385943524850234e+00
1.574366205773190530e-01 -1.662951168088415699e+00
1.575101191949679902e-01 -1.683314188031044267e+00
1.575836178126169551e-01 -1.703479001949206761e+00
1.576571164302659200e-01 -1.723449535419705470e+00
1.577306150479148572e-01 -1.743229642065140084e+00
1.578041136655637944e-01 -1.762823104607885938e+00
1.578776122832127315e-01 -1.782233635912493952e+00
1.579511109008616965e-01 -1.801464880017027426e+00
1.580246095185106614e-01 -1.820520413154087080e+00
1.580981081361595986e-01 -1.839403744760847559e+00
1.581716067538085357e-01 -1.858118318479338171e+00
1.582451053714575007e-01 -1.876667513146518473e+00
1.583186039891064656e-01 -1.895054643774702896e+00
1.583921026067554028e-01 -1.913282962522433905e+00
1.584656012244043399e-01 -1.931355659656070145e+00
1.585390998420533049e-01 -1.949275864502187261e+00
1.586125984597022698e-01 -1.967046646390635090e+00
1.586860970773512070e-01 -1.984671015589132281e+00
1.587595956950001441e-01 -2.002151924228726898e+00
1.588330943126491090e-01 -2.019492267220783788e+00
1.589065929302980740e-01 -2.036694883164987147e+00
1.589800915479470111e-01 -2.053762555249280197e+00
1.590535901655959483e-01 -2.070698012140965716e+00
1.591270887832449132e-01 -2.087503928869164582e+00
1.592005874008938782e-01 -2.104182927699655536e+00
1.592740860185428153e-01 -2.120737579000168793e+00
1.593475846361917525e-01 -2.137170402098268696e+00
1.594210832538407174e-01 -2.153483866130311952e+00
1.594945818714896824e-01 -2.169680390881907783e+00
1.595680804891386195e-01 -2.185762347620631374e+00
1.596415791067875567e-01 -2.201732059919120132e+00
1.597150777244365216e-01 -2.217591804471085837e+00
1.597885763420854588e-01 -2.233343811897578135e+00
1.598620749597344237e-01 -2.248990267545428523e+00
1.599355735773833609e-01 -2.264533312276975963e+00
1.600090721950322981e-01 -2.279975043250427547e+00
1.600825708126812630e-01 -2.295317514692904126e+00
1.601560694303302279e-01 -2.310562738663222149e+00
1.602295680479791651e-01 -2.325712685806957225e+00
1.603030666656281022e-01 -2.340769286102135638e+00
1.603765652832770672e-01 -2.355734429595747415e+00
1.604500639009260321e-01 -2.370609967132143225e+00
1.605235625185749693e-01 -2.385397711071327365e+00
1.605970611362239064e-01 -2.400099435998958697e+00
1.606705597538728714e-01 -2.414716879426912044e+00
1.607440583715218363e-01 -2.429251742484112242e+00
1.608175569891707735e-01 -2.443705690599307090e+00
1.608910556068197106e-01 -2.458080354173596049e+00
1.609645542244686756e-01 -2.472377329243775179e+00
1.610380528421176405e-01 -2.486598178136388171e+00
1.611115514597665777e-01 -2.500744430112670003e+00
1.611850500774155148e-01 -2.514817582003390228e+00
1.612585486950644797e-01 -2.528819098835242585e+00
1.613320473127134447e-01 -2.542750414446473428e+00
1.614055459303623818e-01 -2.556612932094125767e+00
1.614790445480113190e-01 -2.570408025051454715e+00
1.615525431656602839e-01 -2.584137037195153752e+00
1.616260417833092489e-01 -2.597801283584399101e+00
1.616995404009581860e-01 -2.611402051029303450e+00
1.617730390186071232e-01 -2.624940598650367107e+00
1.618465376362560604e-01 -2.638418158428549987e+00
1.619200362539050253e-01 -2.651835935745300077e+00
1.619935348715539902e-01 -2.665195109914176186e+00
1.620670334892029274e-01 -2.678496834702306373e+00
1.621405321068518646e-01 -2.691742238843028545e+00
1.622140307245008295e-01 -2.704932426538778856e+00
1.622875293421497944e-01 -2.718068477955290163e+00
1.623610279597987316e-01 -2.731151449706384682e+00
1.624345265774476688e-01 -2.744182375329442536e+00
1.625080251950966337e-01 -2.757162265752496566e+00
1.625815238127455986e-01 -2.770092109751880471e+00
1.626550224303945358e-01 -2.782972874401076879e+00
1.627285210480434730e-01 -2.795805505511351541e+00
1.628020196656924379e-01 -2.808590928062431047e+00
1.628755182833414028e-01 -2.821330046626396637e+00
1.629490169009903400e-01 -2.834023745781481196e+00
1.630225155186392771e-01 -2.846672890518549437e+00
1.630960141362882421e-01 -2.859278326638886369e+00
1.631695127539372070e-01 -2.871840881143581825e+00
1.632430113715861442e-01 -2.884361362615607050e+00
1.633165099892350813e-01 -2.896840561593608143e+00
1.633900086068840463e-01 -2.909279250937675698e+00
1.634635072245330112e-01 -2.921678186187566695e+00
1.635370058421819484e-01 -2.934038105913675309e+00
1.636105044598308855e-01 -2.946359732060184200e+00
1.636840030774798505e-01 -2.958643770281794261e+00
1.637575016951288154e-01 -2.970890910271785756e+00
1.638310003127777525e-01 -2.983101826084716635e+00
1.639044989304266897e-01 -2.995277176451248025e+00
1.639779975480756269e-01 -3.007417605086118328e+00
1.640514961657245918e-01 -3.019523740990592842e+00
1.641249947833735567e-01 -3.031596198747500637e+00
1.641984934010224939e-01 -3.043635578810063080e+00
1.642719920186714311e-01 -3.055642467785244065e+00
1.643454906363203960e-01 -3.067617438709680400e+00
1.644189892539693609e-01 -3.079561051321638487e+00
1.644924878716182981e-01 -3.091473852325259841e+00
1.645659864892672353e-01 -3.103356375650855981e+00
1.646394851069162002e-01 -3.115209142708410539e+00
1.647129837245651651e-01 -3.127032662636915816e+00
1.647864823422141023e-01 -3.138827432546689167e+00
1.648599809598630395e-01 -3.150593937759564866e+00
1.649334795775120044e-01 -3.162332652040685588e+00
1.650069781951609693e-01 -3.174044037828508635e+00
