3.59088409	1.2725
3.54083591	1.2703
3.51356583	1.2615
3.52548493	1.2434
3.58075308	1.2231
3.65618815	1.2122
3.70645318	1.2138
3.72288141	1.2288
3.7231926	1.2558
3.71710103	1.2907
3.69730092	1.3331
3.66585275	1.3626
3.63692189	1.3779
3.63321522	1.3773
3.65467694	1.3639
3.68138422	1.3381
3.70199758	1.3031
3.71164472	1.2755
3.71520965	1.2525
3.72095955	1.2564
3.71750505	1.2649
3.69735993	1.2682
3.66901547	1.2589
3.64804582	1.2529
3.64470162	1.2471
3.65275857	1.2407
3.66857104	1.2273
3.66347846	1.2291
3.642824	1.2377
3.61651171	1.2581
3.61150257	1.2704
3.63708489	1.2649
3.6833177	1.2473
3.72234501	1.2393
3.7447614	1.2365
3.76748691	1.2361
3.78864669	1.2432
3.77907605	1.2728
3.72128721	1.3294
3.62875446	1.3904
3.53083285	1.444
3.45256871	1.4699
3.4123319	1.4693
3.39791535	1.448
3.40312628	1.422
3.41804986	1.3613
3.44467282	1.3007
3.49920547	1.25
3.5637561	1.231
3.5983732	1.2357
3.5695249	1.2669
3.53010479	1.326
3.51291905	1.3833
3.50853249	1.4313
3.50624629	1.456
3.50254808	1.4508
3.50840561	1.4193
3.52901686	1.3731
3.5591512	1.3122
3.56225356	1.264
3.53365829	1.239
3.5039365	1.2322
3.49367664	1.2354
3.48786082	1.2503
3.48013203	1.2575
3.46268332	1.2757
3.45749566	1.2819
3.46926247	1.2947
3.48989637	1.3151
3.50129053	1.3432
3.50445154	1.3671
3.50318156	1.4014
3.51074877	1.4346
3.53128222	1.4591
3.55474344	1.4601
3.58242338	1.439
3.61321472	1.4034
3.64030594	1.3662
3.65214855	1.3347
3.65174027	1.3033
3.63425426	1.2921
3.60070204	1.3159
3.56861826	1.3623
3.54010513	1.4168
3.52326446	1.4512
3.52580114	1.4679
3.54794148	1.4702
3.57910033	1.4545
3.60276995	1.4219
3.61503561	1.3765
3.61487082	1.3273
3.58578674	1.309
3.54513899	1.3199
3.49289397	1.3442
3.45045154	1.376
3.43073432	1.3989
3.4278648	1.417
3.43126681	1.4224
3.43063128	1.4205
3.43057718	1.3993
3.41715107	1.3828
3.39409574	1.379
3.37607792	1.396
3.36824916	1.4256
3.37364439	1.4563
3.38532213	1.4575
3.40587352	1.4374
3.44503218	1.4009
3.50410986	1.3492
3.55802292	1.2908
3.58610897	1.2288
3.59201386	1.1892
3.57941129	1.1875
3.5465199	1.2132
3.4966023	1.2766
3.45907384	1.3357
3.44365572	1.3853
3.46165071	1.396
3.50667037	1.3749
3.5634917	1.3292
3.61245647	1.2847
3.6539741	1.244
3.68155406	1.2267
3.6919329	1.2285
3.67851486	1.2619
3.64330107	1.3331
3.61194391	1.404
3.57984501	1.4573
3.57131968	1.4814
3.58376554	1.4728
3.60841764	1.4445
3.63032631	1.4043
3.61676234	1.3702
3.57315365	1.3475
3.52524836	1.3633
3.4953712	1.3995
3.46187233	1.4318
3.42025435	1.4472
3.39532172	1.4465
3.39245789	1.4291
3.41642111	1.3919
3.4472012	1.3447
3.4662702	1.2961
3.48185357	1.2609
3.50759924	1.2553
3.54505569	1.2799
3.57149509	1.3423
3.58133077	1.417
3.59628646	1.4583
3.61643948	1.4567
3.64642766	1.4363
3.68584413	1.4067
3.70833404	1.3692
3.70645966	1.335
3.68187635	1.3048
3.64345807	1.3195
3.59492726	1.3457
3.55346006	1.3873
3.529961	1.413
3.52047461	1.4257
3.53712493	1.4145
3.56925699	1.382
3.61386753	1.345
3.67411653	1.3073
3.71082603	1.2921
3.70015511	1.2954
3.65398486	1.3171
3.59997756	1.3601
3.55947547	1.4173
3.53575344	1.4544
3.52160693	1.4583
3.51506219	1.4437
3.51498348	1.4119
3.52399878	1.3718
3.51787204	1.3334
3.49399422	1.2914
3.44215826	1.2796
3.38348265	1.2927
3.3482764	1.3232
3.32757797	1.3616
3.323455	1.3931
3.33762817	1.412
3.36200603	1.4191
3.39217033	1.4098
3.42990501	1.3905
3.48501436	1.3611
3.52779874	1.3457
3.55745887	1.3422
3.5626609	1.365
3.56139725	1.392
3.56216938	1.4195
3.5713154	1.4158
3.58930925	1.3912
3.62924934	1.3573
3.6806958	1.3305
3.71448934	1.3165
3.70174723	1.3151
3.65513137	1.3287
3.59306665	1.3744
3.52675117	1.4448
3.46581788	1.5063
3.42481352	1.5234
3.4059155	1.5043
3.41928752	1.4659
3.46791597	1.421
3.54685101	1.3443
3.63739359	1.2556
3.73210572	1.1875
3.81148869	1.1718
3.82428865	1.2006
3.76071041	1.2529
3.66437012	1.3092
3.58706905	1.3642
3.55012934	1.4145
3.5402365	1.4555
3.55536578	1.4567
3.59344209	1.4201
3.65739927	1.3641
3.71453168	1.3221
3.7373943	1.3005
3.71043769	1.2999
3.65178121	1.3172
3.59229414	1.3496
3.55446123	1.3834
3.5405936	1.4024
3.544408	1.3986
3.58013073	1.3715
3.64460002	1.3327
3.7299264	1.2889
3.78997021	1.2546
3.79346894	1.2323
3.74265039	1.2444
3.68625417	1.2903
3.63844572	1.3489
3.59312641	1.3864
3.55186704	1.4052
3.53768427	1.4069
3.57475498	1.3958
3.65669286	1.3717
3.73855049	1.3402
3.7827313	1.3203
3.78809625	1.3149
3.7546663	1.3365
3.69525669	1.3599
3.62354042	1.3655
3.56903695	1.3525
3.55503206	1.3217
3.57582439	1.2911
3.61175184	1.266
3.64018959	1.2334
3.64432346	1.212
3.64058826	1.2162
3.61255422	1.2628
3.54927667	1.3325
3.46545149	1.4
3.39804569	1.4484
3.37833452	1.4743
3.39092533	1.4762
3.43773317	1.4541
3.51195851	1.4038
3.59512625	1.3445
3.67067918	1.2908
3.70541739	1.2641
3.71248762	1.2675
3.68364051	1.304
3.63640245	1.3609
3.58892192	1.4136
3.55505613	1.4522
3.54631462	1.459
3.57362358	1.4312
3.6339426	1.3782
3.7052008	1.315
3.74637707	1.2563
3.74147861	1.2155
3.6851369	1.2028
3.61817739	1.2101
3.56221639	1.2349
3.53246767	1.2596
3.51181867	1.2803
3.49501346	1.2944
3.49548121	1.3113
3.531354	1.3153
3.58905626	1.325
3.63247993	1.344
3.62039211	1.3648
3.56853282	1.3978
3.50968008	1.4368
3.47456341	1.4617
3.46708805	1.4488
3.46912529	1.4045
3.48170598	1.3465
3.51327445	1.2881
3.57688228	1.2433
3.64633135	1.2189
3.67568688	1.2123
3.66477903	1.2295
3.62973781	1.2697
3.5751458	1.3356
3.5118683	1.3963
3.45987463	1.4293
3.43789597	1.4301
3.46782935	1.3975
3.53409157	1.342
3.61236745	1.2815
3.66140525	1.2306
3.67981507	1.2018
3.68407881	1.1994
3.67876435	1.2236
3.65670231	1.2759
3.6093385	1.3492
3.56655824	1.4015
3.54900085	1.4267
3.56087334	1.4039
3.58663379	1.356
3.61333049	1.2964
3.63659912	1.2425
3.64829781	1.2098
3.63672893	1.2091
3.60475685	1.246
3.57139164	1.3127
3.53655113	1.3806
3.51165398	1.4174
3.49080346	1.4127
3.48292824	1.3809
3.48915905	1.3405
3.51919335	1.3028
3.55157173	1.2689
3.56972866	1.2551
3.57251735	1.2724
3.56697871	1.3245
3.56306122	1.392
3.5725611	1.4344
3.5947577	1.438
3.61024461	1.4134
3.62901485	1.3597
3.64766743	1.2935
3.66288845	1.2303
3.6684562	1.1858
3.63979624	1.1756
3.5832178	1.208
3.5196062	1.2632
3.46693081	1.316
3.43181687	1.3497
3.41788497	1.3644
3.43081474	1.361
3.46594645	1.3351
3.5128687	1.2748
3.56922409	1.1899
3.62010411	1.1307
3.66995629	1.1309
3.69267545	1.1798
3.68190402	1.2581
3.6470124	1.3271
3.61518756	1.3816
3.58726438	1.4148
3.5777412	1.4255
3.59183002	1.3955
3.62836369	1.3305
3.67441428	1.2553
3.71555089	1.2011
3.74320973	1.1816
3.7562254	1.1958
3.73673961	1.2383
3.70474904	1.2735
3.67612947	1.2845
3.66920704	1.2769
3.69236584	1.2565
3.72585957	1.2339
3.75060753	1.2116
3.75041734	1.1968
3.73654673	1.2049
3.72942362	1.2546
3.71456095	1.3346
3.67843478	1.412
3.62364746	1.4606
3.58545883	1.4555
3.59285672	1.4144
3.62821369	1.3688
3.6738038	1.3228
3.71306309	1.2723
3.72729372	1.2414
3.720997	1.2537
3.68734405	1.3055
3.62250927	1.3809
3.55713755	1.4347
3.51191457	1.4461
3.50244758	1.4186
3.52570785	1.3604
3.57909123	1.2789
3.64228038	1.1909
3.69846314	1.1106
3.72855416	1.0775
3.73201081	1.0982
3.70699138	1.1751
3.66012365	1.2761
3.61902212	1.3585
3.59920159	1.4082
3.60125033	1.4268
3.63560245	1.4097
3.68996771	1.3664
3.73917247	1.2992
3.77021956	1.2217
3.77013208	1.1847
3.74580766	1.2055
3.70666715	1.2584
3.6557213	1.3109
3.60378082	1.3413
3.57657275	1.3441
3.58347326	1.331
3.63276963	1.3053
3.70584689	1.2627
3.75759744	1.224
3.78556018	1.1949
3.7695267	1.1985
3.72081845	1.2258
3.66467737	1.2587
3.61971962	1.271
3.6043576	1.2625
3.62479053	1.2337
3.67947918	1.1991
3.75484585	1.166
3.81617668	1.1367
3.82983939	1.1285
3.80305604	1.1391
3.73956476	1.1776
3.64625843	1.2306
3.56125988	1.2748
3.50401838	1.2952
3.48929769	1.2803
3.51643293	1.2323
3.57233599	1.1715
3.63220842	1.1224
3.69733548	1.0864
3.75103662	1.072
3.74702675	1.1056
3.69821203	1.1732
3.62991897	1.2619
3.57097624	1.3311
3.53931847	1.353
3.5355636	1.3396
3.55779271	1.3067
3.61433756	1.2539
3.6862714	1.2034
3.76908155	1.1581
3.82744204	1.1439
3.83160552	1.1744
3.78666726	1.2378
3.72216671	1.3095
3.66862908	1.358
3.65277293	1.3661
3.66382596	1.3447
3.69580671	1.3005
3.74397794	1.2343
3.77718713	1.1646
3.78421458	1.1026
3.76307603	1.0661
3.73014417	1.0668
3.6917553	1.0839
3.65139322	1.1104
3.6035439	1.1362
3.57580401	1.1509
3.5800196	1.152
3.63219269	1.1399
3.69230356	1.1375
3.73452563	1.1535
3.73954146	1.1706
3.71259918	1.1934
3.67829313	1.2247
3.63540306	1.2781
3.57542397	1.3337
3.52667806	1.358
3.50367636	1.3536
3.52337341	1.321
3.55871693	1.2942
3.59228126	1.2512
3.60641941	1.196
3.61019195	1.1513
3.61069991	1.1516
3.59119566	1.1857
3.54560039	1.2273
3.48323205	1.2621
3.4380592	1.2838
3.42436075	1.3045
3.44350621	1.3073
3.49098191	1.2839
3.54928824	1.2507
3.60864372	1.2237
3.65753941	1.2117
3.67879526	1.2107
3.66600444	1.2077
3.6251566	1.2068
3.56706448	1.2104
3.5159669	1.2037
3.4901794	1.188
3.50129314	1.1598
3.52922263	1.146
3.54372429	1.1516
3.54438597	1.1717
3.54435602	1.1966
3.52887717	1.2358
3.49467088	1.2959
3.45327088	1.3533
3.41644736	1.3806
3.40106711	1.3638
3.40961362	1.3334
3.44297883	1.2959
3.47751747	1.261
3.51092033	1.218
3.53423624	1.1815
3.54423641	1.1665
3.51917746	1.2028
3.47557448	1.2595
3.42569718	1.3169
3.39888611	1.3689
3.40851472	1.4097
3.44855167	1.4311
3.50630348	1.4189
3.5713388	1.3561
3.65539167	1.2709
3.74833981	1.1965
3.81035017	1.1418
3.79969374	1.1092
3.7255058	1.1103
3.63930263	1.1171
3.56651189	1.1342
3.50665112	1.1557
3.46486937	1.1851
3.45285565	1.2104
3.48984888	1.2271
3.55195082	1.2231
3.61444298	1.2205
3.63082082	1.2338
3.61488638	1.2576
3.59510866	1.2796
3.57946529	1.2791
3.55281826	1.2896
3.52775306	1.3238
3.52069241	1.3651
3.55869177	1.388
3.6210493	1.3921
3.67788192	1.3882
3.7029509	1.3845
3.70262757	1.3691
3.70216703	1.3527
3.69281232	1.329
3.65655676	1.3107
3.60305186	1.2938
3.56226933	1.2763
3.55131587	1.259
3.56631465	1.2387
3.57375487	1.2186
3.57487844	1.2065
3.60082651	1.1919
3.65451279	1.1927
3.68969521	1.2136
3.69978152	1.2321
3.69697388	1.2434
3.70155048	1.2544
3.7395909	1.2502
3.7945114	1.2261
3.84037534	1.1936
3.85475941	1.1525
3.85198629	1.1117
3.82026733	1.1025
3.75562384	1.1263
3.65749622	1.1632
3.55962147	1.2068
3.47568384	1.2718
3.42293798	1.3169
3.39593714	1.3304
3.39840787	1.3171
3.41730858	1.2812
3.44089683	1.2459
3.45333157	1.2233
3.46090969	1.2192
3.47127214	1.221
3.47151765	1.2479
3.47233236	1.2971
3.48106133	1.3374
3.50274462	1.3719
3.5300148	1.392
3.55820714	1.4036
3.59103834	1.3926
3.62993578	1.3582
3.67030879	1.3073
3.68696875	1.2633
3.66603055	1.2489
3.64098601	1.2598
3.63180717	1.283
3.6231424	1.3034
3.60009459	1.3152
3.57913319	1.3106
3.58387891	1.2885
3.61831471	1.2598
3.6530971	1.2269
3.66610379	1.2044
3.65982885	1.1948
3.66102285	1.2033
3.6709382	1.227
3.65466051	1.2614
3.60715357	1.3018
3.55662965	1.3391
3.53756194	1.3744
3.54999483	1.3813
3.5629182	1.3714
3.56517975	1.3484
3.57258045	1.3323
3.61169168	1.3276
3.65000638	1.3299
3.66054747	1.3371
3.63361868	1.3335
3.59526312	1.3351
3.5704233	1.3326
3.55541249	1.3181
3.53116333	1.2984
3.49483111	1.2751
3.47750623	1.2563
3.50009668	1.2435
3.55156681	1.2345
3.59108824	1.2343
3.60988622	1.2393
3.62625941	1.2523
3.66101395	1.2726
3.70377936	1.2934
3.7264179	1.3005
3.71722836	1.3049
3.69825019	1.3061
3.69094024	1.3158
3.69479702	1.3255
3.67541776	1.336
3.6476352	1.3401
3.64470558	1.3397
3.67066722	1.3404
3.69546178	1.3317
3.70365127	1.3213
3.69850477	1.3043
3.69726211	1.2875
3.70098944	1.2661
3.67337851	1.2647
3.63226428	1.2643
3.61156426	1.2761
3.62202007	1.2861
3.64024173	1.281
3.65755778	1.2691
3.68388812	1.25
3.73246655	1.2317
3.78979081	1.208
3.82062414	1.1836
3.80115872	1.1873
3.75187391	1.2135
3.71231537	1.2461
3.68893183	1.2711
3.66997836	1.2844
3.63858137	1.2953
3.626271	1.2999
3.64365855	1.2964
3.68310299	1.285
3.71596197	1.2685
3.73455496	1.2634
3.74347847	1.274
3.73185974	1.3037
3.70496343	1.3328
3.67805512	1.3562
3.67271622	1.3708
3.67881926	1.3853
3.67662854	1.3958
3.67173524	1.39
3.67409245	1.369
3.70422742	1.3467
3.75517936	1.3355
3.7989246	1.3354
3.8229002	1.3379
3.81077111	1.3457
3.78959479	1.3538
3.77171444	1.365
3.76484782	1.3671
3.74460588	1.3593
3.70855444	1.3344
3.68379154	1.2938
3.69918692	1.2464
3.75494532	1.2009
3.79298336	1.1786
3.79299901	1.1595
3.76925655	1.148
3.75807784	1.1495
3.75586521	1.1566
3.72762493	1.175
3.65818295	1.1904
3.59922465	1.1812
3.57903175	1.1635
3.59237489	1.1551
3.59905863	1.1697
3.59742733	1.1919
3.59940843	1.2172
3.60561907	1.2582
3.62294516	1.2994
3.64071377	1.3252
3.65377383	1.3285
3.65565041	1.3228
3.66637792	1.3072
3.67810992	1.293
3.70036785	1.278
3.72257557	1.2715
3.72713846	1.2811
3.71329773	1.2895
3.68333396	1.2945
3.66218079	1.2925
3.65561625	1.2987
3.64583145	1.3005
3.62126267	1.2971
3.59512011	1.2815
3.57948106	1.2619
3.57039252	1.2482
3.54106015	1.2375
3.49800833	1.2279
3.46359251	1.235
3.44719916	1.261
3.4476603	1.2931
3.43828923	1.3197
3.43030993	1.3433
3.43640013	1.3698
3.47912782	1.3877
3.51929393	1.4046
3.53030305	1.409
3.50887665	1.4126
3.48304763	1.4102
3.47640654	1.4054
3.47189037	1.3918
3.45143407	1.3614
3.41532022	1.3438
3.39536536	1.3296
3.40892544	1.3184
3.44819576	1.2924
3.48009761	1.2683
3.50054057	1.2657
3.51444828	1.2794
3.53100293	1.2962
3.53296604	1.3116
3.50460255	1.3383
3.46816966	1.3706
3.45925792	1.3996
3.48036718	1.418
3.51945332	1.4116
3.5576223	1.4064
3.61157242	1.3821
3.67477991	1.3478
3.7233841	1.3136
3.74299418	1.288
3.73298519	1.2775
3.71549221	1.2835
3.69152475	1.2935
3.65699463	1.2953
3.60476478	1.2894
3.56592363	1.2753
3.55285202	1.2481
3.56048929	1.2173
3.57268549	1.2001
3.58354884	1.1991
3.58798432	1.2099
3.58716475	1.2335
3.58369509	1.2737
3.56412909	1.3211
3.54057301	1.3427
3.52384985	1.3181
3.50358763	1.282
3.48292069	1.2512
3.47422804	1.219
3.4809082	1.1774
3.5010885	1.1449
3.5336439	1.1362
3.55843416	1.1638
3.57503972	1.2085
3.57128834	1.2461
3.57242516	1.2637
3.58427555	1.2813
3.58594965	1.3033
3.57150321	1.3159
3.55037785	1.2968
3.54624755	1.2531
3.58655168	1.2069
3.63314943	1.1795
3.65956117	1.1735
3.6526927	1.1806
3.64524928	1.1956
3.64087851	1.2379
3.6381913	1.2898
3.62298358	1.3279
3.59672452	1.3407
3.56864755	1.3388
3.56990426	1.3242
3.59044478	1.3119
3.61806735	1.2862
3.63123606	1.2597
3.64176257	1.238
3.66462509	1.228
3.68875057	1.2402
3.72063547	1.2487
3.73937262	1.2459
3.73627447	1.2386
3.73789421	1.2154
3.75984391	1.1885
3.78202825	1.1748
3.7743558	1.178
3.74043041	1.1784
3.7017756	1.1768
3.66490014	1.1778
3.64302273	1.182
3.61707144	1.1998
3.60654057	1.2194
3.61321141	1.2295
3.643983	1.2286
3.69048356	1.2256
3.73360668	1.232
3.74465945	1.2581
3.73611803	1.2828
3.69969294	1.302
3.65386353	1.3025
3.59852425	1.289
3.54821152	1.2808
3.53121411	1.2706
3.53982784	1.2642
3.58115218	1.2556
3.63750224	1.2467
3.70415303	1.2354
3.73895968	1.2379
3.74224219	1.2506
3.71487936	1.265
3.67920025	1.2584
3.62645344	1.2443
3.57286672	1.23
3.51673114	1.2224
3.49719266	1.2034
3.52662629	1.1769
3.59853566	1.1668
3.673517	1.1631
3.72238749	1.1699
3.74557384	1.1804
3.75181856	1.2043
3.73864067	1.2361
3.69980698	1.2653
3.62773887	1.288
3.55035997	1.3058
3.51215951	1.2953
3.51977291	1.2633
3.54805753	1.2334
3.59038294	1.195
3.63445655	1.1589
3.68416851	1.1333
3.73091006	1.1229
3.74275005	1.1303
3.71648617	1.1471
3.66291268	1.1814
3.60678856	1.2283
3.56150347	1.2699
3.52810318	1.2961
3.51154364	1.2948
3.51701875	1.2815
3.5378913	1.2676
3.56604173	1.2568
3.59001181	1.2439
3.61707457	1.2363
3.63289581	1.2372
3.63575597	1.2485
3.61913152	1.2633
3.59394316	1.2597
3.57100857	1.2374
3.553464	1.2077
3.54403016	1.1759
3.53317333	1.1531
3.53051744	1.1349
3.53701204	1.1323
3.55898813	1.1529
3.58576137	1.1847
3.60429879	1.2257
3.6143208	1.2406
3.61738509	1.2433
3.62043426	1.2304
3.62378772	1.206
3.61015031	1.1738
3.57776091	1.1428
3.53899954	1.1257
3.50709274	1.1239
3.50551992	1.1334
3.53808967	1.1456
3.55793613	1.1651
3.56165319	1.1838
3.5620876	1.2016
3.59425454	1.2107
3.64189736	1.2107
3.68059292	1.2076
3.69331627	1.2004
3.66605292	1.2031
3.64691472	1.2108
3.641542	1.2146
3.64177682	1.2169
3.61875046	1.2135
3.58957921	1.2017
3.57191287	1.1904
3.58078524	1.1965
3.59788369	1.2053
3.60810099	1.1999
3.58877639	1.1895
3.56813738	1.1877
3.56442269	1.1951
3.55937227	1.2116
3.53679766	1.219
3.50657178	1.2051
3.47702409	1.1879
3.46670315	1.1797
3.4807074	1.1704
3.50544043	1.1531
3.52630278	1.1211
3.55711515	1.1091
3.61686622	1.125
3.68779621	1.161
3.72678775	1.2012
3.73327197	1.2518
3.70980654	1.2992
3.6787433	1.332
3.64788492	1.3366
3.5997281	1.3197
3.55409419	1.2886
3.52151666	1.2685
3.53770263	1.2495
3.59951837	1.2451
3.66803601	1.2468
3.71398842	1.2538
3.73015519	1.2711
3.73199678	1.2962
3.71118732	1.3205
3.68047817	1.3289
3.62857796	1.3318
3.60029734	1.3266
3.60692185	1.3057
3.63787742	1.2868
3.6895907	1.2522
3.74817371	1.2189
3.79794208	1.1978
3.83985667	1.1841
3.8631604	1.1749
3.8663019	1.1735
3.84728722	1.1799
3.81609669	1.1878
3.77573079	1.2016
3.73701992	1.2065
3.69676436	1.2073
3.6634433	1.1951
3.64180385	1.1858
3.64075418	1.1784
3.64453183	1.186
3.66290869	1.1902
3.68426099	1.1979
3.71026	1.2026
3.73753397	1.2175
3.75221963	1.2365
3.74338448	1.2446
3.70123753	1.245
3.64655501	1.2357
3.62189412	1.2264
3.62104448	1.2196
3.64373937	1.2101
3.65869415	1.2048
3.66996898	1.1935
3.69291175	1.1836
3.72568874	1.1826
3.73517177	1.2041
3.7110749	1.2342
3.66221138	1.257
3.62427455	1.2706
3.60762377	1.2811
3.60667831	1.2895
3.60677367	1.2843
3.62296296	1.2597
3.68033743	1.224
3.76339592	1.1997
3.80988497	1.2029
3.79926313	1.2161
3.75097623	1.2419
3.72452736	1.2702
3.72258884	1.2996
3.71494954	1.3165
3.69920064	1.3207
3.68886245	1.3012
3.69410919	1.2649
3.72708771	1.2238
3.75419302	1.1938
3.75029493	1.1791
3.71777822	1.1811
3.68605473	1.1926
3.66636744	1.2047
3.6483822	1.2166
3.6251689	1.2385
3.610107	1.2524
3.60930968	1.2565
3.63077695	1.2425
3.66470158	1.2319
3.68191059	1.2287
3.68354235	1.2316
3.68109946	1.2364
3.67038919	1.2438
3.66107922	1.2524
3.65362527	1.2733
3.66788428	1.2782
3.7007346	1.2746
3.73461503	1.2702
3.7548052	1.2752
3.75398586	1.2972
3.75354166	1.3197
3.74554822	1.3338
3.71100549	1.3275
3.65290984	1.3201
3.60494609	1.3052
3.5915663	1.2867
3.60604174	1.264
3.61713652	1.2325
3.60641495	1.2052
3.60853555	1.19
3.6323121	1.1863
3.64080948	1.2112
3.61767152	1.2479
3.57214057	1.2835
3.52403823	1.3044
3.49546878	1.3139
3.48397487	1.3268
3.4840331	1.3389
3.49721119	1.334
3.52552627	1.3089
3.58282757	1.2615
3.65421407	1.2355
3.6980428	1.2275
3.68681185	1.2382
3.64464211	1.248
3.58503117	1.2657
3.52063998	1.2982
3.46722959	1.338
3.44128166	1.3706
3.44289576	1.3677
3.4732223	1.3318
3.52173345	1.2923
3.58405147	1.2712
3.62779102	1.2627
3.6328099	1.2508
3.60617891	1.2346
3.55110961	1.2379
3.51086596	1.2585
3.49029643	1.2858
3.4869149	1.2942
3.49360442	1.2846
3.51949941	1.2646
3.56719557	1.2459
3.6060475	1.2369
3.60357723	1.2375
3.5719528	1.2509
3.52574744	1.2883
3.50061244	1.3278
3.4869949	1.3709
3.47155712	1.3991
3.4683614	1.4035
3.49747429	1.3791
3.5637013	1.3342
3.63624731	1.298
3.69191292	1.2641
3.70621295	1.2374
3.69050485	1.2249
3.67652156	1.2352
3.65849715	1.2794
3.62440006	1.3378
3.58347384	1.3756
3.5553121	1.375
3.55336715	1.3479
3.58227705	1.312
3.62799005	1.2835
3.66410424	1.2564
3.67352219	1.2328
3.67989693	1.2111
3.70626072	1.1956
3.72859984	1.1969
3.74783396	1.2089
3.7443806	1.2269
3.77700633	1.2361
3.82683272	1.2565
3.85819128	1.2851
3.83540534	1.3182
3.76815233	1.3469
3.71089333	1.3613
3.67609731	1.3547
3.64436768	1.3329
3.61639223	1.3096
3.62034324	1.2784
3.68120426	1.24
3.77786561	1.2086
3.82923498	1.1945
3.81330535	1.1937
3.75805952	1.2153
3.70458444	1.2443
3.65763147	1.2595
3.6004793	1.2848
3.55014183	1.327
3.53953002	1.3454
3.5764755	1.3276
3.6397835	1.2868
3.69582698	1.244
3.73266588	1.2103
3.75267372	1.1884
3.77212421	1.172
3.76021605	1.1892
3.73611288	1.2301
3.69950366	1.2772
3.66753673	1.2962
3.64585979	1.2845
3.62432553	1.2631
3.63102934	1.2293
3.67596143	1.1907
3.7395578	1.1651
3.78088059	1.1483
3.77614257	1.152
3.73474828	1.1759
3.70224307	1.2168
3.68314342	1.256
3.6408532	1.3006
3.58237696	1.3378
3.53882415	1.3466
3.53470673	1.3213
3.55409104	1.2917
3.56985899	1.2711
3.57379228	1.2602
3.57389345	1.2426
3.58273502	1.2258
3.58155193	1.2225
3.55854928	1.2438
3.52930499	1.2814
3.51155308	1.3135
3.51116943	1.327
3.51438352	1.3206
3.51051798	1.32
3.51947748	1.3205
3.54702036	1.3247
3.57806825	1.319
3.58582765	1.3145
3.55465801	1.3192
3.52511824	1.3215
3.52143932	1.3262
3.53437403	1.329
3.55987114	1.3134
3.5784616	1.2855
3.60024659	1.2636
3.6344907	1.2615
3.67555295	1.2841
3.68721271	1.3238
3.66672015	1.3523
3.63011528	1.3602
3.60051645	1.3491
3.58250547	1.3184
3.57152074	1.277
3.57293172	1.2374
3.59665431	1.1989
3.63332013	1.1767
3.67373519	1.1737
3.68874575	1.2066
3.66599013	1.2477
3.60595952	1.2913
3.55115697	1.322
3.51239035	1.3388
3.4928838	1.3436
3.48736298	1.3294
3.50587904	1.2937
3.55218411	1.2504
3.62690838	1.2278
3.69077734	1.2318
3.70709112	1.257
3.69315136	1.2883
3.67592754	1.2927
3.6561087	1.2756
3.6152391	1.2707
3.57264932	1.2771
3.54114389	1.2437
3.55741702	1.1675
3.61095962	1.1006
3.67149759	1.0748
3.68894555	1.0933
3.69451366	1.1178
3.71255198	1.1479
3.71279722	1.1878
3.65499348	1.247
3.58439121	1.2944
3.54577681	1.299
3.55523218	1.2625
3.56878768	1.2241
3.5727102	1.1871
3.59021036	1.1582
3.64029219	1.138
3.70146888	1.1335
3.71477699	1.1522
3.6677897	1.1961
3.60541392	1.249
3.56424468	1.2857
3.53240317	1.3112
3.50241409	1.3194
3.47311328	1.3178
3.46888012	1.2978
3.5048214	1.2553
3.54262846	1.2087
3.54483436	1.1705
3.51522583	1.1217
3.47585087	1.0622
3.44912451	1.0139
3.43314299	0.9969
3.40338208	1.0172
3.38392002	1.0338
3.39930705	1.0511
3.43659054	1.0775
3.46101161	1.1306
3.47461318	1.1885
3.47591337	1.2396
3.47249937	1.2715
3.4610852	1.3102
3.46155511	1.3596
3.47077087	1.4062
3.49446141	1.4148
3.52238706	1.3872
3.53658384	1.3531
3.53281026	1.3263
3.52419836	1.3015
3.52603207	1.2644
3.53015527	1.2192
3.53196609	1.1951
3.52577763	1.2023
3.51202289	1.2175
3.50505324	1.2128
3.52191214	1.1954
3.55504661	1.1927
3.57784299	1.218
3.58127425	1.2476
3.57905275	1.2633
3.58320713	1.2732
3.57415226	1.3024
3.54749992	1.3563
3.5220777	1.3924
3.51089904	1.3914
3.52756336	1.3465
3.55663631	1.2902
3.5705477	1.2439
3.57617029	1.2006
3.58662827	1.1684
3.60019328	1.1546
3.57123821	1.1797
3.49440516	1.2391
3.41326768	1.3189
3.38192105	1.3724
3.391789	1.3877
3.42768955	1.377
3.47001777	1.3581
3.52603207	1.3083
3.59695434	1.2465
3.66409063	1.1952
3.67688818	1.1725
3.63618947	1.1704
3.59368882	1.1889
3.59639892	1.2107
3.61398975	1.2466
3.62592924	1.2904
3.64040782	1.3203
3.69077166	1.3293
3.75568649	1.3189
3.77304526	1.3103
3.72948736	1.3056
3.6604756	1.3066
3.61077075	1.3029
3.57529978	1.2955
3.55397282	1.3062
3.55859742	1.3165
3.59834628	1.3031
3.65119135	1.256
3.67435602	1.1996
3.64653188	1.1619
3.61702569	1.1453
3.59858322	1.1396
3.55400658	1.1448
3.47042811	1.1758
3.40851864	1.2517
3.40528876	1.3552
3.43982922	1.4264
3.46470353	1.4568
3.47580909	1.4542
3.50702954	1.426
3.56315913	1.3875
3.61864668	1.3384
3.62386086	1.2965
3.57678331	1.2562
3.51302856	1.2389
3.4687063	1.2481
3.43202293	1.27
3.40316139	1.293
3.39186863	1.3053
3.41538309	1.2914
3.47283672	1.2757
3.53066857	1.2651
3.56484565	1.2516
3.56812832	1.23
3.55593484	1.2055
3.54169598	1.197
3.51642928	1.2172
3.48686797	1.2459
3.46657851	1.2581
3.47041123	1.2361
3.48166629	1.209
3.50450227	1.1906
3.5562405	1.1612
3.62712736	1.111
3.67849906	1.0381
3.70502733	0.98
3.71738761	0.9659
3.73013527	0.9706
3.7213581	0.9806
3.67986175	1.0132
3.63530804	1.0441
3.60619229	1.065
3.59681883	1.0778
3.59633736	1.0742
3.58724347	1.0565
3.56567013	1.0364
3.55752506	1.0264
3.56402308	1.0232
3.56328426	1.0213
3.53613399	1.0104
3.51519102	0.9869
3.5293796	0.9543
3.54832451	0.9244
3.55724358	0.8985
3.57514258	0.8804
3.63579335	0.8821
3.69975075	0.9151
3.69043072	0.9945
3.62607377	1.083
3.5739001	1.1678
3.55645052	1.2235
3.53334659	1.2507
3.49790725	1.2555
3.46613271	1.2265
3.49313748	1.1507
3.57807853	1.0501
3.66443659	0.9574
3.6965807	0.8975
3.70568974	0.8645
3.74376191	0.8671
3.78282521	0.8865
3.75814653	0.9189
3.69927715	0.9485
3.64788064	0.9824
3.64063128	1.0073
3.65505926	1.0298
3.66220948	1.0511
3.65226039	1.0684
3.63882693	1.0671
3.63208753	1.0624
3.62627998	1.0651
3.60390415	1.0636
3.57514342	1.0464
3.55275656	1.0194
3.54066809	0.9968
3.53046977	0.9939
3.51710577	1.0036
3.50180106	1.0034
3.48802499	1.0002
3.47879283	1.0018
3.46462749	1.0197
3.4477246	1.0545
3.43032894	1.087
3.41431608	1.0933
3.40907921	1.0775
3.43975982	1.0668
3.50654693	1.0559
3.58635196	1.0485
3.64888543	1.0412
3.69144468	1.0398
3.69127914	1.0614
3.66885032	1.0852
3.64767158	1.099
3.62063845	1.0952
3.58611231	1.074
3.56095279	1.0449
3.57612636	1.0151
3.64096264	0.9966
3.72194032	0.9835
3.78954209	0.9747
3.81046406	0.9853
3.81101423	1.0004
3.81398551	1.0184
3.80373037	1.028
3.7763231	1.0315
3.74205154	1.0348
3.7202429	1.0418
3.70870458	1.0556
3.68619017	1.0747
3.66856598	1.0813
3.65292984	1.0768
3.61823302	1.0775
3.57247599	1.0819
3.54043832	1.0849
3.51386725	1.0828
3.47212497	1.0848
3.43273198	1.0867
3.41379788	1.1131
3.43252385	1.1425
3.45275702	1.161
3.44818332	1.1675
3.43064351	1.1825
3.44098023	1.2089
3.47507296	1.239
3.49705302	1.2499
3.4926458	1.2602
3.49564353	1.2653
3.52693201	1.2609
3.57152024	1.2433
3.61281551	1.2148
3.64742889	1.1844
3.69031548	1.1597
3.71267476	1.1508
3.69962001	1.1493
3.64945726	1.1634
3.59039763	1.2025
3.54721579	1.2468
3.5207883	1.2918
3.50226066	1.329
3.50431007	1.3452
3.51904243	1.3408
3.56258266	1.3151
3.6120955	1.275
3.64433345	1.2327
3.64518409	1.2064
3.63360479	1.2017
3.60546689	1.2146
3.55630335	1.239
3.48879168	1.2812
3.439898	1.3323
3.42104421	1.3704
3.41686328	1.3789
3.41745648	1.3568
3.42886887	1.3211
3.46550765	1.2762
3.52618494	1.2355
3.57214978	1.2074
3.57279546	1.2011
3.54669832	1.2221
3.52620204	1.2651
3.51260769	1.3289
3.50015024	1.3864
3.47546668	1.4232
3.46969122	1.4268
3.4957202	1.414
3.52733174	1.403
3.54795714	1.3867
3.54197498	1.3658
3.52936621	1.3441
3.50865496	1.3367
3.47471237	1.3559
3.44082274	1.3904
3.41630601	1.4244
3.41636896	1.4426
3.44029916	1.4423
3.47959578	1.4402
3.52902919	1.431
3.57380226	1.4218
3.60471557	1.4076
3.60346449	1.3989
3.58122326	1.3948
3.55615517	1.3924
3.52754695	1.3925
3.50211238	1.3768
3.48106498	1.3358
3.48453325	1.2701
3.52776125	1.2082
3.59972466	1.1543
3.65095533	1.1285
3.65474371	1.1252
3.61584024	1.1482
3.5529174	1.1918
3.47588469	1.2405
3.40296814	1.2807
3.34877544	1.3189
3.33078327	1.3395
3.35753085	1.3305
3.41659052	1.3078
3.49547129	1.2773
3.5738777	1.2522
3.63706941	1.236
3.65983382	1.2525
3.64882832	1.2999
3.61451768	1.3563
3.55200579	1.4132
3.49135631	1.4483
3.45428841	1.4641
3.44859272	1.4665
3.45871266	1.4714
3.47363672	1.4705
3.48330535	1.4588
3.48777808	1.437
3.49129822	1.4197
3.50045169	1.4216
3.51125387	1.424
3.51485296	1.4087
3.52522213	1.3641
3.55398686	1.3101
3.59598258	1.2707
3.62180425	1.2538
3.62634181	1.2407
3.60271152	1.2348
3.56654575	1.2413
3.52053543	1.2854
3.48747351	1.3496
3.46802825	1.3895
3.46346449	1.392
3.48247574	1.3515
3.5131786	1.3029
3.53746517	1.2682
3.55078034	1.2387
3.55036992	1.2211
3.53412718	1.2253
3.50523419	1.2479
3.46079659	1.2982
3.42205909	1.3509
3.40472151	1.395
3.4012064	1.4223
3.41467262	1.4331
3.45208327	1.4313
3.50316071	1.4361
3.55394682	1.4384
3.59471301	1.4223
3.62300838	1.3879
3.63364344	1.3604
3.61805829	1.3502
3.59347193	1.3423
3.55446435	1.3331
3.5243362	1.3098
3.51841054	1.2859
3.53194233	1.2621
3.55578391	1.2407
3.58410415	1.2178
3.61192127	1.1915
3.64324378	1.1709
3.65635291	1.1718
3.65314525	1.1791
3.64286324	1.1883
3.64543161	1.1868
3.65216068	1.1807
3.65604408	1.1632
3.64141658	1.1415
3.61384743	1.1319
3.57835667	1.1309
3.54107287	1.1407
3.51399932	1.1454
3.49020528	1.1444
3.45976616	1.1587
3.44152724	1.1748
3.44897313	1.1687
3.46289717	1.1498
3.46867625	1.1201
3.45804442	1.1052
3.45021978	1.1149
3.45285019	1.1353
3.45534112	1.1557
3.43836261	1.1871
3.43952633	1.2268
3.47532581	1.2697
3.5365882	1.2886
3.59605108	1.2683
3.64143383	1.2235
3.67641653	1.1818
3.7177712	1.1556
3.76913798	1.1324
3.77160201	1.1157
3.73009697	1.1172
3.6639945	1.1557
3.5963062	1.227
3.53582693	1.3051
3.49028166	1.352
3.47370674	1.369
3.48697267	1.3697
3.52443223	1.3553
3.56286112	1.3231
3.58892041	1.2753
3.59049447	1.2339
3.57470321	1.2081
3.5465896	1.1967
3.50695563	1.1987
3.48560153	1.2049
3.49555189	1.212
3.53011573	1.23
3.58175708	1.2496
3.62435559	1.2689
3.6484063	1.2865
3.65302671	1.3009
3.62684226	1.3174
3.56384877	1.3257
3.48959138	1.3322
3.44181332	1.3269
3.44068653	1.3096
3.48919264	1.2787
3.5713849	1.2303
3.67138292	1.1776
3.7860293	1.1157
3.89006551	1.0441
3.92905401	0.9898
3.89485136	0.984
3.81995924	1.0359
3.74387823	1.1175
3.66984319	1.1966
3.61470103	1.2378
3.58043425	1.2548
3.58808774	1.2563
3.63888099	1.2432
3.71501895	1.2028
3.78222139	1.1428
3.80738792	1.0868
3.79823314	1.0571
3.76421564	1.0656
3.71958641	1.1012
3.66329974	1.137
3.61369529	1.1593
3.5987255	1.1715
3.62305506	1.174
3.66911574	1.166
3.71600715	1.136
3.74136051	1.1068
3.73658961	1.1049
3.71907348	1.1331
3.69148512	1.1753
3.6514698	1.2168
3.61754413	1.2381
3.60506411	1.2469
3.63012461	1.2235
3.6735276	1.1783
3.71215837	1.1317
3.73060327	1.0825
3.71430974	1.058
3.69831083	1.0368
3.66861945	1.0661
3.63093026	1.1274
3.59488202	1.2024
3.56835292	1.261
3.57342686	1.2927
3.5972608	1.3099
3.63384521	1.3102
3.67907045	1.2823
3.71912579	1.2285
3.74909133	1.1724
3.76568418	1.1461
3.77335369	1.1526
3.7601196	1.1744
3.73879807	1.1948
3.70652582	1.2119
3.68097958	1.2304
3.65626037	1.2277
3.65208364	1.1965
3.67715599	1.1563
3.72955629	1.1119
3.78931303	1.0668
3.83308491	1.0539
3.87523099	1.067
3.92187464	1.1082
3.92823844	1.1625
3.8873625	1.1803
3.81912954	1.1736
3.76696955	1.1498
3.73326085	1.1344
3.71251417	1.1204
3.67724715	1.1103
3.65587019	1.0992
3.66123138	1.0945
3.6866478	1.1146
3.70230672	1.1434
3.69490814	1.1609
3.67279537	1.163
3.63041253	1.1589
3.57645866	1.1636
3.53173677	1.1772
3.51632276	1.1825
3.52750267	1.1939
3.55566592	1.2056
3.58550116	1.2269
3.60559276	1.242
3.62536184	1.2358
3.64295819	1.2115
3.65693821	1.1733
3.67483779	1.1156
3.7003338	1.053
3.7277654	1.0048
3.74808351	0.9689
3.77066782	0.9546
3.78178295	0.956
3.76726672	0.9656
3.73767773	0.9829
3.69905483	1.0087
3.65334026	1.03
3.62198729	1.0131
3.61250916	0.9851
3.65244387	0.9503
3.72622793	0.9204
3.79733206	0.8931
3.84011248	0.8564
3.85208554	0.836
3.84828458	0.8492
3.82952143	0.8873
3.78634885	0.9245
3.73020265	0.9633
3.6812219	0.9993
3.65567496	1.0507
3.66505596	1.1089
3.67523566	1.1488
3.66919558	1.1705
3.6310579	1.1905
3.57964009	1.2107
3.53934269	1.2142
3.5148017	1.2087
3.50854983	1.1957
3.51437836	1.1737
3.53521343	1.1433
3.6065134	1.1209
3.72015321	1.1082
3.80567968	1.1137
3.80907931	1.1304
3.76562987	1.1565
3.74114095	1.1959
3.73648756	1.2391
3.70875134	1.2726
3.6629152	1.2825
3.65011545	1.2734
3.709006	1.2569
3.81426767	1.2475
3.89927577	1.2241
3.91726541	1.1806
3.88717032	1.1338
3.84568113	1.1073
3.78676444	1.1031
3.68575419	1.1346
3.58020766	1.1807
3.51587429	1.2084
3.50875754	1.2332
3.54257625	1.2656
3.60233741	1.277
3.65603373	1.256
3.68151484	1.2121
3.67865435	1.1828
3.64033893	1.1857
3.57737195	1.2149
3.51901121	1.2288
3.48925465	1.2461
3.47789567	1.2844
3.48648403	1.3204
3.5130359	1.344
3.56424526	1.3351
3.60549785	1.2956
3.61390708	1.2361
3.57780189	1.201
3.53489687	1.1988
3.50372294	1.2132
3.47798191	1.2305
3.46375584	1.2391
3.46372401	1.2562
3.50158406	1.2742
3.57247382	1.2653
3.64640303	1.2387
3.67225604	1.1848
3.64696747	1.1248
3.6248463	1.0778
3.61423818	1.0538
3.6099245	1.0374
3.5887162	1.0373
3.58491541	1.038
3.603746	1.0526
3.63370651	1.0791
3.6654934	1.1081
3.68830647	1.1306
3.70176974	1.1309
3.69235223	1.117
3.65816274	1.1177
3.62192068	1.1416
3.62788125	1.1785
3.66995426	1.2106
3.71880157	1.2278
3.75909522	1.2267
3.80180237	1.1974
3.84987177	1.1651
3.87282659	1.1265
3.85444744	1.0761
3.78119838	1.0426
3.6964064	1.0335
3.6388694	1.0628
3.60845226	1.101
3.58388926	1.1517
3.57032743	1.2098
3.56478783	1.2713
3.5729431	1.3249
3.58463485	1.3533
3.58679865	1.3545
3.58134346	1.3551
3.58408007	1.3716
3.60588338	1.4025
3.64291136	1.4158
3.67024687	1.4064
3.69276279	1.378
3.71866226	1.3479
3.74615582	1.3105
3.74720868	1.2678
3.70972904	1.2261
3.66162194	1.208
3.62310548	1.2145
3.59506053	1.252
3.57133287	1.2934
3.55039236	1.3194
3.5424662	1.3235
3.54662757	1.2979
3.55080574	1.238
3.56001858	1.1538
3.57074951	1.0701
3.5855703	0.9959
3.62942261	0.9384
3.69614059	0.9007
3.75443674	0.8919
3.7860643	0.9198
3.78415952	0.9863
3.78241481	1.0437
3.77172225	1.0817
3.73435036	1.0845
3.67810541	1.0865
3.64198624	1.0833
3.64198155	1.0643
3.6684034	1.0295
3.69606968	0.9881
3.69884178	0.9661
3.68334457	0.9739
3.65251059	0.9917
3.60071247	1.0129
3.51398509	1.0386
3.41469464	1.0764
3.33796096	1.1161
3.30210358	1.1459
3.30247076	1.1604
3.32760628	1.1643
3.36383862	1.169
3.42058402	1.1792
3.48013154	1.1898
3.52510885	1.1893
3.54955862	1.1758
3.56185796	1.168
3.56790707	1.166
3.5824112	1.1551
3.59492546	1.1338
3.62053131	1.0972
3.65243083	1.069
3.68720348	1.0582
3.7050966	1.0594
3.69678948	1.0548
3.67078362	1.0374
3.64514076	1.0121
3.61956746	0.995
3.60182027	0.9854
3.60058795	0.9886
3.63751123	0.9925
3.69237294	0.9958
3.73222846	1.0052
3.73490308	1.0259
3.70159231	1.0699
3.65413029	1.1193
3.61440201	1.1476
3.58307809	1.1524
3.56636723	1.1462
3.56584219	1.14
3.60826682	1.1363
3.69226754	1.1148
3.79256578	1.0903
3.8562774	1.0773
3.88033259	1.1099
3.86418449	1.1708
3.81958729	1.2238
3.74789296	1.2595
3.66650764	1.2747
3.5976395	1.2862
3.56448108	1.2736
3.57202006	1.217
3.60131774	1.1268
3.63932384	1.0372
3.6750154	0.9882
3.68728849	0.9889
3.67495133	1.0096
3.6359152	1.0358
3.60523932	1.0577
3.59176973	1.0852
3.5948033	1.1222
3.60775796	1.1411
3.64172638	1.1335
3.71029367	1.1099
3.78294144	1.0838
3.80975293	1.0716
3.7784483	1.0977
3.72268653	1.1318
3.68050403	1.1512
3.66997089	1.1375
3.66415215	1.1083
3.65812917	1.0834
3.67368911	1.0388
3.70531108	0.9801
3.74384569	0.9234
3.72962875	0.8849
3.6659232	0.8718
3.59462618	0.8865
3.55466391	0.916
3.53439559	0.9628
3.52073365	0.9979
3.5106623	1.035
3.5209268	1.06
3.55083358	1.0604
3.60523562	1.0246
3.68290469	0.9779
3.74208265	0.949
3.77372086	0.9415
3.77990984	0.9628
3.77978303	0.9932
3.76530892	1.0197
3.7400593	1.0251
3.68579358	1.0383
3.63290662	1.0677
3.59089515	1.1037
3.56966487	1.1305
3.53261712	1.1397
3.49247688	1.1488
3.46998667	1.1677
3.47378565	1.1943
3.48980346	1.1837
3.51827304	1.1372
3.55004764	1.0808
3.58509324	1.0522
3.63154304	1.0494
3.69036859	1.0416
3.69081502	1.0502
3.62723501	1.0857
3.54942069	1.1734
3.50288014	1.2774
3.4764721	1.336
3.45953356	1.3393
3.45433858	1.3108
3.4737418	1.267
3.52841489	1.2076
3.59904442	1.1431
3.64587101	1.0804
3.65784699	1.0403
3.64594482	1.0425
3.62350582	1.0742
3.58749209	1.1087
3.54919617	1.1232
3.51826786	1.1228
3.5162254	1.1
3.55676819	1.0612
3.62645897	1.0028
3.68434367	0.9506
3.71859546	0.9329
3.71628989	0.9611
3.68725432	1.022
3.64391988	1.1041
3.60339308	1.178
3.58101293	1.2174
3.57666843	1.2116
3.58569455	1.1561
3.59637677	1.0985
3.62557984	1.0576
3.65156747	1.0406
3.65115783	1.045
3.61757191	1.0666
3.56571006	1.1218
3.53508462	1.1914
3.51740002	1.2363
3.51324262	1.2282
3.52206348	1.1771
3.56538559	1.0904
3.63640347	0.9984
3.70034268	0.9158
3.71439279	0.8766
3.68943431	0.8751
3.63112579	0.9072
3.56743723	0.9538
3.52204876	1.0037
3.52058446	1.046
3.55383806	1.0604
3.64398633	1.0522
3.7759866	1.0237
3.90590559	1.001
3.98961041	0.9789
4.01383364	0.9938
3.9904401	1.0482
3.91486561	1.1212
3.80069084	1.1938
3.68934522	1.245
3.60682108	1.2686
3.57172173	1.2572
3.58317073	1.1929
3.63557052	1.1062
3.71214619	1.0315
3.79790485	0.9884
3.87625224	0.9717
3.90156235	1.0048
3.85091544	1.0776
3.75636356	1.1677
3.67040007	1.2565
3.61602292	1.3112
3.58564184	1.324
3.58682053	1.2997
3.63641995	1.244
3.7272149	1.1649
3.81352896	1.1011
3.8504027	1.0813
3.82219459	1.1114
3.76480374	1.1707
3.70395363	1.2257
3.63796074	1.2597
3.57820602	1.2673
3.53744368	1.2445
3.54836702	1.1863
3.62718413	1.1035
3.73711607	1.0307
3.81016557	0.9804
3.82846645	0.9694
3.81212449	1.0038
3.76123163	1.0966
3.65948809	1.2185
3.57715507	1.3264
3.54858869	1.3822
3.573169	1.3879
3.64951921	1.3468
3.77590443	1.2759
3.90816459	1.1891
4.01807607	1.1075
4.06902728	1.064
4.0337007	1.0621
3.91885525	1.117
3.75354065	1.2212
3.62465513	1.335
3.53654885	1.4211
3.48615465	1.452
3.47986641	1.4278
3.52086798	1.3677
3.59150386	1.2821
3.66798245	1.1856
3.71337635	1.1128
3.71236523	1.0751
3.68328655	1.0895
3.63977254	1.1447
3.5888677	1.2033
3.55217878	1.2379
3.54898997	1.247
3.59613524	1.2432
3.66753229	1.2382
3.74236736	1.2242
3.80754654	1.2107
3.83591641	1.2237
3.82592524	1.2563
3.78233614	1.2906
3.72017038	1.2925
3.67283955	1.2544
3.65195884	1.1779
3.64750941	1.1001
3.66811834	1.0267
3.70389685	0.96
3.73208413	0.9121
3.7263906	0.9173
3.68946569	0.9664
3.6343203	1.0428
3.57772731	1.1056
3.53434202	1.153
3.5100006	1.1764
3.51096079	1.1677
3.56392382	1.1228
3.64932819	1.0577
3.72975632	1.0149
3.76052777	0.9975
3.76560025	1.0086
3.73304432	1.0628
3.66653183	1.1283
3.58396211	1.2085
3.50378193	1.2617
3.46097198	1.2683
3.45627561	1.227
3.47926059	1.1777
3.52492998	1.1256
3.58520995	1.0734
3.6516291	1.0267
3.7048831	1.0063
3.70832207	1.0371
3.65956838	1.1153
3.60657516	1.2178
3.57162477	1.2866
3.55193806	1.3212
3.53521544	1.331
3.54608111	1.3032
3.57823993	1.2589
3.63601481	1.1957
3.68431724	1.1372
3.68781968	1.107
3.66364541	1.1119
3.66036844	1.1556
3.66506628	1.2044
3.66514029	1.2467
3.65158167	1.2837
3.6378249	1.3037
3.65014238	1.3088
3.67497436	1.307
3.69670459	1.2948
3.69701326	1.2848
3.69169604	1.2834
3.69018744	1.2919
3.69065004	1.2994
3.68371355	1.2876
3.68399982	1.2691
3.7032094	1.2309
3.75816524	1.1815
3.82556197	1.1429
3.89114521	1.1071
3.9374882	1.0896
3.93487792	1.0952
3.87615593	1.1299
3.77705364	1.2036
3.70145974	1.284
3.66013309	1.3501
3.66416297	1.3768
3.69595528	1.3738
3.76529754	1.3364
3.85903087	1.2803
3.96743729	1.2133
4.05126994	1.1552
4.05864301	1.1126
3.99220412	1.0874
3.90667753	1.0913
3.85530681	1.1105
3.82633849	1.1185
3.793057	1.1121
3.74300099	1.0842
3.69905745	1.0529
3.70394983	1.0368
3.73293091	1.025
3.72270531	1.0125
3.67199428	0.9991
3.61831902	1.0034
3.61566514	1.0149
3.6832249	0.9949
3.77967195	0.9353
3.86846256	0.8496
3.96449546	0.7461
4.0799451	0.6204
4.1751436	0.4983
4.20742126	0.5251
4.12143275	0.6994
3.94978197	0.783
3.78963409	0.8466
3.68534753	0.9116
3.60017236	0.964
3.54571137	0.9818
3.53901603	0.9739
3.60255277	0.9484
3.71902353	0.9068
3.81940544	0.8626
3.85460696	0.8447
3.85455676	0.8392
3.83202076	0.8785
3.78899868	0.9495
3.69870876	1.037
3.61874864	1.1215
3.59751892	1.1719
3.62808231	1.1818
3.6909075	1.1629
3.75551498	1.1324
3.82135984	1.099
3.88142511	1.0736
3.90037119	1.0646
3.84354524	1.0873
3.7564947	1.1301
3.67641021	1.1816
3.6342282	1.205
3.61604999	1.1983
3.62977071	1.1761
3.66824736	1.1597
3.71646745	1.1379
3.7704848	1.1089
3.79965258	1.0889
3.78716449	1.0958
3.7515407	1.1363
3.72066653	1.1833
3.69763834	1.2128
3.69369452	1.2096
3.69334854	1.2003
3.7109623	1.1949
3.7326248	1.1888
3.73950582	1.1713
3.74365144	1.1435
3.7420673	1.1229
3.71685986	1.1278
3.6763993	1.1526
3.64645151	1.1674
3.63853109	1.1622
3.63876169	1.131
3.65705748	1.0855
3.69486586	1.0623
3.75796915	1.0413
3.81902181	1.003
3.84434864	0.9718
3.81536839	0.9819
3.74913268	1.031
3.69213811	1.0913
3.64032799	1.1336
3.58525301	1.1448
3.5451714	1.1249
3.55384226	1.093
3.61036207	1.0532
3.68061382	0.995
3.7436417	0.9207
3.78491116	0.8606
3.80051909	0.836
3.78902815	0.8403
3.76527973	0.8379
3.7230323	0.8354
3.69892565	0.8321
3.70736206	0.8246
3.73711373	0.8263
3.75805785	0.8196
3.7719293	0.8123
3.76651511	0.8126
3.74673877	0.8316
3.70803195	0.8502
3.66055078	0.8776
3.62497635	0.8909
3.62353403	0.8989
3.65162692	0.8928
3.69141281	0.8763
3.73552687	0.8637
3.77602387	0.8746
3.80157678	0.9107
3.80021527	0.9761
3.76484341	1.0627
3.70032755	1.1637
3.6413428	1.2558
3.61580696	1.3183
3.61744242	1.3384
3.64020614	1.3174
3.66561475	1.2712
3.7058876	1.2229
3.73712154	1.1834
3.75868707	1.1615
3.75555315	1.1647
3.71903891	1.1883
3.67028976	1.227
3.63961354	1.2595
3.63853625	1.2708
3.66177605	1.2527
3.68793034	1.2222
3.6973244	1.1955
3.73945744	1.1637
3.7858993	1.1477
3.81944451	1.1596
3.81267764	1.1884
3.76766065	1.235
3.72300766	1.2779
3.70430038	1.2968
3.71023204	1.2999
3.71977815	1.3
3.72786014	1.2838
3.7381065	1.2736
3.77878762	1.2588
3.80290588	1.2624
3.79296404	1.2855
3.74109061	1.3184
3.69464396	1.3315
3.67427511	1.3296
3.69502431	1.3042
3.72798177	1.2721
3.75112616	1.228
3.76791458	1.1692
3.80344357	1.1286
3.84931715	1.1194
3.85844118	1.1261
3.80568934	1.1586
3.7339399	1.2052
3.6876739	1.2502
3.65856765	1.2761
3.65720163	1.2628
3.68074352	1.2182
3.73552191	1.1572
3.79932482	1.0922
3.87897049	1.043
3.93566808	1.0286
3.93095849	1.0497
3.86101216	1.0886
3.75918273	1.1378
3.68937851	1.1769
3.65487702	1.1965
3.637948	1.1898
3.6480681	1.1564
3.69395519	1.1127
3.77661029	1.0722
3.87065977	1.0399
3.94673458	1.0252
3.95203285	1.041
3.8886616	1.0807
3.79824138	1.1246
3.71191208	1.1642
3.64245633	1.1952
3.6057725	1.213
3.58465463	1.2193
3.59077324	1.2027
3.64273251	1.1622
3.71125553	1.1325
3.76368085	1.126
3.76676716	1.1413
3.72948894	1.1717
3.67842148	1.202
3.64391722	1.2272
3.62437092	1.2578
3.62594911	1.2793
3.64592946	1.2862
3.68910969	1.2745
3.73915457	1.2573
3.78032368	1.2576
3.80109394	1.268
3.78774006	1.3044
3.73826257	1.3414
3.66981563	1.3759
3.60632573	1.394
3.56981754	1.4036
3.56552474	1.392
3.57070417	1.3724
3.59055798	1.3365
3.62426639	1.3079
3.68568786	1.2728
3.7324771	1.2596
3.74072131	1.2633
3.71051204	1.2814
3.66106218	1.302
3.62127513	1.3229
3.58817215	1.3424
3.56036654	1.3537
3.54470146	1.3639
3.55354825	1.3726
3.59413759	1.3794
3.6399664	1.3669
3.66054793	1.3422
3.64962275	1.3074
3.62343666	1.2888
3.58771148	1.2813
3.55416974	1.2663
3.51170922	1.2512
3.46863708	1.2581
3.43302549	1.2869
3.42187484	1.31
3.41985584	1.3248
3.42366156	1.3268
3.41919494	1.3364
3.41869998	1.3678
3.41826665	1.4125
3.41794912	1.4283
3.4051438	1.4243
3.39296154	1.4103
3.39810489	1.3958
3.41163152	1.3864
3.42851923	1.3507
3.43378365	1.3129
3.44094032	1.2689
3.4425549	1.2618
3.44524124	1.2759
3.43872447	1.294
3.43013884	1.3086
3.43013582	1.3267
3.4453899	1.3392
3.47437555	1.3381
3.50834788	1.3243
3.55446456	1.3035
3.61170809	1.2809
3.66210798	1.2658
3.67548272	1.2636
3.65118467	1.2737
3.59762436	1.3061
3.54861917	1.3345
3.5006139	1.3636
3.45430285	1.3649
3.43926202	1.3682
3.46618387	1.3632
3.51397252	1.3394
3.54820941	1.2884
3.57187579	1.2349
3.59689528	1.2073
3.59900937	1.2058
3.57155312	1.2212
3.52076768	1.2475
3.4830986	1.278
3.4782888	1.32
3.50235392	1.3587
3.52751231	1.3693
3.55437576	1.3512
3.60529895	1.302
3.66535457	1.2678
3.70140433	1.2377
3.69288056	1.2352
3.66409341	1.2355
3.63040833	1.25
3.59365354	1.2785
3.55181095	1.3001
3.51549921	1.3259
3.50836197	1.3202
3.53439637	1.2819
3.576232	1.2238
3.60171406	1.1819
3.60131892	1.1654
3.59454168	1.1542
3.58437092	1.1336
3.56215765	1.1183
3.51904298	1.1344
3.48703672	1.1711
3.50217772	1.1869
3.55316711	1.1754
3.60630796	1.1384
3.63808412	1.1183
3.65133498	1.1305
3.64102263	1.1615
3.60427443	1.2014
3.54228143	1.2383
3.47431625	1.2732
3.43435289	1.3004
3.43321307	1.2986
3.45570413	1.256
3.49291567	1.1874
3.54242952	1.1143
3.5953953	1.0663
3.6288143	1.0492
3.62918649	1.0712
3.60099576	1.117
3.56270875	1.1767
3.53758461	1.2447
3.5244152	1.2999
3.53188445	1.3297
3.55731945	1.3085
3.61124189	1.2361
3.67416012	1.1422
3.71984516	1.0619
3.73237843	1.0236
3.71582834	1.0186
3.66829627	1.0388
3.59974635	1.0873
3.53568792	1.1587
3.50164849	1.2326
3.50681431	1.2679
3.53202126	1.2752
3.56718238	1.2513
3.6025138	1.2383
3.64035387	1.2229
3.67135017	1.2264
3.65967814	1.2485
3.60328811	1.2801
3.54109911	1.3235
3.50844904	1.3593
3.49995964	1.3784
3.50649418	1.349
3.53424685	1.3006
3.57665145	1.2322
3.63966184	1.163
3.70160212	1.1206
3.73228586	1.1036
3.72255188	1.1294
3.68501595	1.1809
3.62231741	1.2489
3.55559861	1.3175
3.51059104	1.3643
3.50760184	1.3707
3.54271964	1.326
3.59485657	1.2657
3.66072515	1.195
3.71933951	1.1234
3.76140632	1.0785
3.78011691	1.0725
3.7488003	1.0911
3.68450343	1.1419
3.62241472	1.2067
3.58404982	1.2598
3.57714001	1.2744
3.58244941	1.2675
3.60012446	1.252
3.61421773	1.2434
3.63531533	1.2255
3.64909881	1.2071
3.64881532	1.2137
3.62733938	1.2603
3.60714947	1.3183
3.59167015	1.3607
3.59379209	1.3729
3.60697058	1.3546
3.64186648	1.3158
3.69513393	1.2569
3.74910299	1.1982
3.79634886	1.149
3.80263046	1.1213
3.77618374	1.1337
3.72351004	1.1822
3.66324378	1.2462
3.61339921	1.3062
3.59377881	1.3448
3.60751042	1.347
3.65444353	1.3287
3.73046178	1.2943
3.81632027	1.2444
3.9018372	1.2038
3.96526863	1.1892
3.97068662	1.2049
3.93076866	1.2381
3.86967084	1.278
3.81966746	1.3044
3.78405337	1.3138
3.77298366	1.2916
3.7738731	1.2485
3.78773761	1.193
3.79035803	1.1385
3.76908039	1.1035
3.70489739	1.1152
3.63649709	1.1644
3.58779631	1.2286
3.57142022	1.2861
3.57278064	1.3214
3.59558472	1.3329
3.6392967	1.3161
3.7050443	1.2752
3.75480308	1.2253
3.75309449	1.1851
3.69674819	1.1771
3.63045685	1.2079
3.56434925	1.2586
3.51600885	1.3066
3.49296464	1.3336
3.49243349	1.3373
3.52489377	1.3065
3.5695868	1.2518
3.60511558	1.1981
3.63333144	1.1521
3.65157323	1.1362
3.65585524	1.143
3.63349019	1.1596
3.6119644	1.1782
3.61085664	1.1884
3.644487	1.1857
3.69884333	1.1634
3.73987926	1.1243
3.74668508	1.074
3.74686071	1.0423
3.74172792	1.042
3.69662189	1.0707
3.60867381	1.1242
3.51892855	1.1896
3.4777323	1.2313
3.47831908	1.2389
3.4903786	1.2201
3.49396178	1.1845
3.49606675	1.1324
3.51210889	1.081
3.5191144	1.0441
3.49998818	1.0457
3.4708808	1.089
3.45264825	1.1471
3.45666277	1.2008
3.48188401	1.2484
3.51396961	1.2913
3.55731914	1.3183
3.60577464	1.3205
3.64118818	1.3056
3.63790693	1.2797
3.60336287	1.278
3.56421013	1.2894
3.52151498	1.3087
3.4704379	1.3117
3.42016636	1.3061
3.3853336	1.3095
3.38260415	1.3048
3.40437983	1.2882
3.43055929	1.2735
3.44359486	1.2829
3.4611179	1.3152
3.49391148	1.3459
3.54120646	1.3715
3.56219599	1.3884
3.56236764	1.408
3.56974983	1.4073
3.59196054	1.3801
3.61824675	1.332
3.62185359	1.2878
3.59548012	1.2683
3.5671422	1.2714
3.56259555	1.271
3.56739811	1.2725
3.54637226	1.283
3.49922263	1.3002
3.45858274	1.2955
3.4479298	1.259
3.47010964	1.2173
3.47431261	1.1985
3.44904292	1.2031
3.40502255	1.2306
3.38511702	1.2697
3.40187496	1.3159
3.42900264	1.3646
3.45451268	1.3978
3.48567446	1.4059
3.53245119	1.3817
3.59681359	1.3268
3.66045837	1.2632
3.6938434	1.203
3.68976442	1.1524
3.64427206	1.1283
3.57992931	1.1496
3.51675739	1.2193
3.47206916	1.3095
3.44659694	1.385
3.44807546	1.432
3.46731703	1.449
3.50247354	1.4492
3.53878629	1.4294
3.56798348	1.384
3.59003538	1.3195
3.61008113	1.2694
3.62443482	1.2465
3.61034116	1.2574
3.5718257	1.2836
3.53092765	1.3004
3.510074	1.3133
3.51406829	1.3263
3.53889337	1.3321
3.56067527	1.3293
3.56007741	1.3266
3.55155898	1.3283
3.54410445	1.3441
3.53669415	1.3757
3.5247647	1.3877
3.50960342	1.3787
3.49922588	1.3524
3.50629582	1.3178
3.53479933	1.2868
3.57485604	1.2638
3.61789021	1.2432
3.65082265	1.2396
3.67578084	1.2524
3.68446573	1.298
3.67382857	1.3518
3.64864852	1.3995
3.61903668	1.4363
3.6060495	1.4438
3.61290633	1.4348
3.63140624	1.3986
3.64420131	1.3536
3.63061053	1.3039
3.59522853	1.268
3.56087029	1.2614
3.53122872	1.2649
3.49580006	1.2809
3.46503604	1.2881
3.45814037	1.2843
3.48798229	1.2773
3.55749334	1.2606
3.62857384	1.239
3.67446787	1.2076
3.68914853	1.182
3.66952104	1.1854
3.64277432	1.2095
3.60622679	1.2539
3.57610951	1.2953
3.57017495	1.3256
3.58514775	1.3308
3.61430403	1.3066
3.64437017	1.2668
3.66565479	1.2157
3.65224629	1.1724
3.61672919	1.137
3.5562929	1.1319
3.47925352	1.167
3.40839245	1.2317
3.35624624	1.2988
3.33203488	1.348
3.33846141	1.3703
3.37332603	1.3744
3.4333663	1.3619
3.51854612	1.3229
3.61749167	1.2602
3.69471201	1.1866
3.71983282	1.1441
3.69329702	1.1355
3.61665983	1.1595
3.52546984	1.185
3.4554861	1.1982
3.41547073	1.2264
3.41804364	1.2651
3.46019132	1.2998
3.54613978	1.2999
3.63531469	1.2836
3.70737555	1.2691
3.72808038	1.2764
3.70543881	1.2848
3.66146722	1.2828
3.62093704	1.2697
3.57836298	1.2529
3.54429325	1.2541
3.51440686	1.2682
3.51353625	1.2569
3.52780902	1.2395
3.55107729	1.2273
3.57017527	1.2312
3.58385502	1.2424
3.592273	1.2584
3.5839306	1.2651
3.56858591	1.2753
3.55510216	1.2865
3.54282866	1.2888
3.53020211	1.2779
3.52672469	1.2576
3.53664016	1.2374
3.55622413	1.2325
3.57826817	1.243
3.58500906	1.2618
3.57601251	1.2867
3.56583885	1.3184
3.56083289	1.3465
3.55113509	1.363
3.52133304	1.3555
3.48094944	1.3346
3.45984579	1.3031
3.46776459	1.2533
3.491642	1.2023
3.48449452	1.1944
3.46113474	1.2267
3.45304533	1.2806
3.46652066	1.328
3.48113502	1.3715
3.47088032	1.4112
3.45603444	1.4379
3.45455894	1.424
3.48618321	1.3613
3.53289344	1.2925
3.55720423	1.2431
3.55911402	1.2199
3.56511117	1.2126
3.57418942	1.2191
3.57088433	1.2578
3.55155001	1.3239
3.5258719	1.386
3.51095541	1.4245
3.50942054	1.4302
3.53054011	1.4198
3.57246611	1.3804
3.60942329	1.3274
3.63830641	1.2603
3.6405591	1.2082
3.61576015	1.1813
3.56826503	1.1751
3.51195263	1.1743
3.44858222	1.1898
3.38492528	1.2177
3.34769279	1.2521
3.351957	1.2781
3.39210707	1.2739
3.44241346	1.2756
3.48423676	1.2954
3.51354915	1.311
3.5280232	1.305
3.51475741	1.2966
3.48229619	1.2943
3.44252928	1.2911
3.42141828	1.2553
3.42453596	1.1993
3.45598379	1.15
3.4981904	1.1374
3.54225008	1.1548
3.60152961	1.1835
3.64531251	1.2314
3.64845639	1.2938
3.60112653	1.3565
3.5203909	1.4064
3.44613328	1.4258
3.39045936	1.4058
3.3557116	1.3637
3.3513209	1.2995
3.37929943	1.2173
3.44171843	1.1324
3.50171678	1.0762
3.54279601	1.0382
3.54544263	1.0323
3.52886215	1.0383
3.49857498	1.0574
3.46071321	1.0961
3.43681154	1.1472
3.42627141	1.1915
3.44457963	1.2188
3.48994417	1.242
3.54214437	1.2539
3.57328767	1.2619
3.56668423	1.264
3.53271498	1.2616
3.492295	1.2643
3.46564905	1.2729
3.44591026	1.2815
3.43261624	1.2776
3.42405192	1.2612
3.42885008	1.2543
3.45113546	1.2512
3.48376683	1.2485
3.50754069	1.2409
3.49884432	1.2441
3.46821626	1.2661
3.42886034	1.316
3.39166523	1.3691
3.35953206	1.3971
3.33906287	1.4052
3.33544776	1.4011
3.34319651	1.3859
3.36085873	1.3655
3.37429535	1.335
3.38334369	1.3084
3.38717053	1.3029
3.38960078	1.3194
3.3785985	1.3402
3.37223121	1.358
3.3747779	1.3598
3.39420243	1.3496
3.42815946	1.345
3.45669683	1.347
3.47736745	1.3396
3.48781179	1.3335
3.48305392	1.3253
3.45578635	1.3401
3.4034155	1.3668
3.34965178	1.4008
3.31523582	1.4158
3.30191322	1.4071
3.30774941	1.3914
3.32332958	1.3665
3.34059278	1.3389
3.36113013	1.3081
3.37547435	1.2872
3.38236882	1.2976
3.37812557	1.3404
3.37720164	1.3826
3.37841281	1.4123
3.38239163	1.4285
3.39148859	1.4499
3.41753712	1.4545
3.4541756	1.4255
3.50113446	1.3724
3.53844716	1.3125
3.54152158	1.267
3.53740382	1.2238
3.53612492	1.2001
3.53599854	1.211
3.52268024	1.2538
3.49609393	1.3018
3.46603638	1.3583
3.45098506	1.3966
3.44609453	1.416
3.42742771	1.4246
3.4040112	1.4157
3.383423	1.3767
3.36793594	1.3296
3.36202607	1.3038
3.35775728	1.2759
3.35648923	1.2594
3.36721871	1.2443
3.38430981	1.2452
3.40807642	1.2689
3.43277338	1.3029
3.45603555	1.306
3.45674416	1.3089
3.43541796	1.3133
3.40887404	1.3335
3.37072513	1.3569
3.32433661	1.3655
3.28329922	1.3564
3.25123665	1.3526
3.23363403	1.3393
3.23287831	1.321
3.23909095	1.298
3.25308085	1.2731
3.28004591	1.2495
3.31777256	1.2273
3.36636098	1.2202
3.40788846	1.2344
3.42978757	1.2811
3.43711241	1.3332
3.43739494	1.3711
3.43981294	1.3821
3.44679818	1.3777
3.45259725	1.3674
3.45992396	1.3356
3.46426682	1.2873
3.46995246	1.2544
3.47420918	1.2377
3.49268336	1.2408
3.50478709	1.2575
3.50391867	1.2701
3.4786193	1.2782
3.4572705	1.2759
3.44605034	1.2649
3.45772136	1.2433
3.4771571	1.2055
3.47191987	1.1641
3.46309264	1.1319
3.47813952	1.1283
3.50024413	1.1534
3.51044427	1.17
3.4929552	1.1783
3.48468169	1.1825
3.50846058	1.1696
3.54375237	1.1384
3.57386243	1.0786
3.57261051	1.0216
3.57194318	0.9895
3.57540551	0.9947
3.55385251	1.0384
3.51321934	1.1022
3.47683431	1.1656
3.45680693	1.2215
3.44560371	1.2693
3.441984	1.31
3.44803719	1.3359
3.46076526	1.3301
3.47734901	1.3052
3.49491583	1.2719
3.49754243	1.2551
3.49296725	1.2651
3.48316121	1.2824
3.46837508	1.2989
3.4437685	1.3121
3.42871011	1.323
3.43244373	1.3324
3.43968482	1.3343
3.43934336	1.3135
3.4345798	1.2808
3.44851642	1.2619
3.47094585	1.2666
3.47700762	1.2939
3.45565393	1.333
3.42296129	1.3834
3.39624151	1.4189
3.37145445	1.434
3.34656727	1.4233
3.31964427	1.4075
3.30621705	1.3621
3.31947786	1.3041
3.36901621	1.2512
3.41904111	1.2312
3.44480608	1.2438
3.44714453	1.2783
3.43802299	1.3333
3.41637717	1.3964
3.3874316	1.4391
3.35730624	1.4622
3.3421317	1.4507
3.35047069	1.4022
3.37423781	1.3365
3.408233	1.2808
3.43225901	1.2215
3.4533089	1.1793
3.46053403	1.1742
3.4583648	1.1856
3.44927369	1.2098
3.45470527	1.2337
3.48006278	1.2373
3.53035503	1.2298
3.58338724	1.2096
3.62246928	1.1973
3.63651085	1.2004
3.62832256	1.2263
3.57734929	1.27
3.50568176	1.3265
3.43451922	1.3816
3.39408754	1.4068
3.38301504	1.4212
3.40307234	1.406
3.4507744	1.3456
3.52105622	1.2617
3.60421635	1.1781
3.68384109	1.1201
3.70605099	1.1036
3.66840497	1.1222
3.57322228	1.1689
3.46336895	1.2382
3.37869306	1.3119
3.33506618	1.3637
3.33415629	1.3796
3.37182532	1.3568
3.45244936	1.3052
3.53391295	1.254
3.59869792	1.2011
3.61770905	1.1757
3.5939074	1.1774
3.52396871	1.2073
3.44180885	1.2605
3.37425728	1.314
3.33675209	1.3331
3.33750777	1.3303
3.37390344	1.3105
3.44095149	1.2827
3.52708266	1.2415
3.60735079	1.2092
3.63987275	1.2065
3.60592865	1.2474
3.53923049	1.3279
3.47022093	1.4178
3.4139865	1.4892
3.38433568	1.5207
3.37161838	1.5234
3.38736569	1.484
3.43722233	1.4127
3.50263004	1.3401
3.55124721	1.2879
3.55865781	1.2655
3.53738318	1.2855
3.503607	1.3387
3.4705571	1.4028
3.43473949	1.4713
3.41568148	1.5245
3.42270133	1.5266
3.45963987	1.4871
3.50571628	1.4288
3.53457802	1.3758
3.52824638	1.3411
3.50235431	1.314
3.46786716	1.3116
3.42849948	1.34
3.39724772	1.3927
3.37987193	1.4335
3.39252322	1.4454
3.43314218	1.4243
3.50375654	1.3877
3.57289793	1.3451
3.63097551	1.2947
3.64273892	1.2643
3.61177883	1.2559
3.55576456	1.2891
3.48308252	1.3589
3.41885492	1.4305
3.37651778	1.4719
3.36366477	1.4811
3.38126855	1.4586
3.42441249	1.4093
3.47822571	1.3269
3.52450147	1.2444
3.54167579	1.173
3.50547281	1.1567
3.41266618	1.2068
3.30698864	1.2975
3.24008316	1.3859
3.22341539	1.4318
3.23891975	1.4652
3.2846659	1.4976
3.34833304	1.4971
3.43514421	1.4412
3.53764068	1.3508
3.62260992	1.283
3.65819135	1.2768
3.62411997	1.3218
3.55641261	1.3746
3.47434699	1.4292
3.40421884	1.4634
3.36454781	1.4723
3.37477086	1.4551
3.43350288	1.3989
3.51835491	1.3274
3.6049317	1.2636
3.66104796	1.2407
3.6773135	1.2512
3.63948038	1.2718
3.54901609	1.3119
3.4398145	1.3722
3.34734733	1.4288
3.2883328	1.4447
3.27497283	1.414
3.30293012	1.3533
3.36350816	1.2845
3.43356554	1.2376
3.51528968	1.2141
3.59479396	1.2263
3.6326451	1.2744
3.59640263	1.3432
3.51499247	1.4293
3.44008363	1.4963
3.41716821	1.5202
3.43204362	1.5014
3.45048966	1.4576
3.46580859	1.4017
3.47352025	1.3489
3.49976495	1.3068
3.53387998	1.2903
3.53951897	1.3064
3.49942574	1.3627
3.45090613	1.4201
3.43515535	1.4733
3.45840855	1.5118
3.49933133	1.5228
3.53240006	1.5144
3.5488674	1.487
3.58567329	1.4516
3.62763466	1.4273
3.64229844	1.425
3.61578894	1.4232
3.56493	1.4229
3.52502703	1.4155
3.49950199	1.4111
3.47763697	1.4001
3.45625065	1.3742
3.44424567	1.3417
3.45959275	1.308
3.48596695	1.2816
3.51771856	1.2799
3.53748858	1.2862
3.53456871	1.3021
3.51985266	1.309
3.49778759	1.3302
3.49000727	1.3649
3.49840297	1.38
3.51185402	1.3737
3.51644744	1.3599
3.50779755	1.3661
3.50146415	1.3934
3.50505418	1.4184
3.49872327	1.4336
3.4727464	1.4391
3.43177067	1.4335
3.40157386	1.4305
3.39347708	1.4213
3.39755489	1.4092
3.39684802	1.4017
3.39313782	1.404
3.39690535	1.4262
3.42054605	1.4607
3.45194946	1.4916
3.46437543	1.5203
3.46547768	1.5357
3.46687776	1.5354
3.48714674	1.5127
3.51281215	1.4835
3.53575008	1.4292
3.54445527	1.3894
3.53928296	1.3632
3.52986332	1.3548
3.52383069	1.3595
3.5120943	1.3802
3.49605332	1.4067
3.47923088	1.4364
3.47083571	1.4627
3.47560016	1.4769
3.49042401	1.4737
3.51028174	1.4442
3.53334919	1.4007
3.53994803	1.3668
3.53750166	1.3458
3.54027597	1.328
3.53554372	1.3228
3.53987465	1.3217
3.54312731	1.3241
3.55281567	1.32
3.57045404	1.3087
3.58843567	1.3016
3.59799314	1.2952
3.58616908	1.3138
3.57449284	1.327
3.57075344	1.3458
3.56449996	1.3673
3.55165217	1.3845
3.53274124	1.3973
3.51468428	1.4016
3.52007844	1.3842
3.53579153	1.3512
3.54753993	1.3136
3.53610628	1.2915
3.51637335	1.2891
3.49999926	1.3093
3.49831326	1.3384
3.50715366	1.3661
3.50935258	1.3891
3.51192403	1.3951
3.51950888	1.3918
3.5453149	1.3712
3.57203847	1.3459
3.58775252	1.3255
3.58719511	1.3123
3.56438338	1.3224
3.53556863	1.3573
3.51226512	1.3975
3.49282551	1.433
3.47710175	1.4495
3.46431642	1.4554
3.46567695	1.4571
3.47861234	1.4562
3.50011441	1.4353
3.51351632	1.4001
3.50655067	1.3699
3.47509521	1.3659
3.4339605	1.4
3.40714089	1.4423
3.39715053	1.4742
3.39373808	1.504
3.39039035	1.5363
3.39624044	1.5629
3.41938613	1.5621
3.45779811	1.5254
3.47897448	1.4715
3.47646828	1.4306
3.4522479	1.42
3.43483686	1.4317
3.42583878	1.4378
3.40578581	1.4477
3.38201606	1.4538
3.35949918	1.4581
3.34994182	1.4469
3.36042273	1.4388
3.39168932	1.4372
3.44028616	1.4394
3.49398442	1.4318
3.54613144	1.4107
3.57661319	1.3947
3.58924944	1.3811
3.59290469	1.3592
3.57330593	1.337
3.52978974	1.3125
3.48351257	1.2963
3.45367935	1.2808
3.45404256	1.2921
3.4755149	1.309
3.50321708	1.3543
3.52843548	1.3828
3.54632398	1.3963
3.55661467	1.3863
3.54663135	1.3794
3.50268207	1.3851
3.44362196	1.3822
3.39880032	1.3711
3.36803521	1.3629
3.3531965	1.3653
3.3461132	1.3879
3.35890031	1.3965
3.3940225	1.402
3.43983796	1.3982
3.47711342	1.3864
3.49498478	1.3643
3.49966761	1.3323
3.49092389	1.305
3.45682364	1.2969
3.40431766	1.2988
3.34686787	1.2856
3.29898722	1.2672
3.27928483	1.2502
3.30137765	1.2507
3.34796533	1.2677
3.40263794	1.2725
3.44296019	1.2722
3.46962104	1.2841
3.48709377	1.3165
3.49363361	1.338
3.48992182	1.3517
3.46689058	1.3638
3.44125899	1.3726
3.42019119	1.378
3.42292117	1.3777
3.45647437	1.3579
3.49573148	1.3506
3.51831879	1.3403
3.52078833	1.3531
3.51869047	1.3822
3.50839872	1.4236
3.49825889	1.4613
3.47381559	1.4972
3.45084261	1.5081
3.44129182	1.4859
3.44786521	1.4375
3.46197455	1.383
3.46654643	1.3393
3.4694017	1.3105
3.48096356	1.2982
3.49792424	1.312
3.51105261	1.3302
3.51400087	1.361
3.50986242	1.3967
3.52175079	1.4217
3.54272352	1.4164
3.55997374	1.384
3.57029815	1.3285
3.56989833	1.2866
3.56551975	1.2539
3.55071087	1.2474
3.52232811	1.2605
3.49219954	1.2877
3.47126977	1.3221
3.46979668	1.3462
3.46351625	1.3609
3.46197062	1.3553
3.46777243	1.3444
3.47622253	1.3344
3.49036981	1.3231
3.51743152	1.3029
3.54609324	1.2859
3.56259317	1.2964
3.57264863	1.3258
3.56865887	1.3564
3.55190183	1.3835
3.54365427	1.3989
3.53843322	1.4238
3.54480504	1.4406
3.54464531	1.4265
3.54466423	1.3847
3.55361917	1.3323
3.57790727	1.288
3.61858299	1.2317
3.64395474	1.1804
3.64189995	1.1348
3.62327026	1.1061
3.61184524	1.1006
3.60606101	1.1156
3.60081361	1.1424
3.58538372	1.1927
3.56991525	1.2521
3.57429148	1.2993
3.60714678	1.3344
3.65085664	1.3584
3.68287389	1.3627
3.69239033	1.3507
3.67629308	1.3225
3.62902984	1.3024
3.57700044	1.2959
3.52887711	1.3034
3.49169294	1.3068
3.4640453	1.308
3.44157777	1.3033
3.42925278	1.3129
3.43954396	1.3263
3.47373692	1.3344
3.50139829	1.3456
3.49569659	1.3696
3.46341981	1.4139
3.43036587	1.4619
3.42237353	1.4861
3.42256128	1.472
3.43304124	1.4369
3.45054986	1.4021
3.46919056	1.3639
3.49999096	1.3161
3.53327981	1.2682
3.54550182	1.2534
3.53170875	1.2685
3.49691282	1.3092
3.45052097	1.3556
3.41649689	1.3955
3.38735284	1.43
3.3698295	1.4398
3.37057509	1.4277
3.38168747	1.4136
3.40043086	1.4063
3.41657043	1.3855
3.42307478	1.3574
3.41933725	1.3464
3.40447746	1.3704
3.39358754	1.4184
3.38721039	1.4573
3.39676949	1.467
3.4220022	1.4553
3.45116134	1.4482
3.4787884	1.448
3.49827945	1.4348
3.50443944	1.4065
3.48433766	1.3883
3.44025242	1.4022
3.38617359	1.4316
3.35116021	1.4615
3.32680499	1.4478
3.31178898	1.4171
3.2969756	1.3964
3.29473751	1.3905
3.30603632	1.381
3.32241086	1.355
3.33142331	1.3284
3.32591228	1.3413
3.3171521	1.3637
3.3233303	1.3814
3.32977577	1.3616
3.32543655	1.34
3.30126693	1.3081
3.2898928	1.2818
3.31418416	1.2645
3.34136807	1.2507
3.34320661	1.2361
3.31505775	1.2319
3.29790575	1.243
3.32347701	1.2477
3.38609533	1.2624
3.43956766	1.2653
3.4657221	1.2584
3.47605152	1.247
3.49399817	1.2377
3.52961786	1.2365
3.55766439	1.2587
3.56473706	1.2747
3.54007841	1.2997
3.49438293	1.3341
3.44999033	1.3729
3.4424468	1.3943
3.45382709	1.39
3.45460643	1.366
3.43186622	1.3364
3.40393048	1.3113
3.40651366	1.288
3.44187708	1.2575
3.47519674	1.2256
3.47323276	1.2154
3.44491254	1.2324
3.43209503	1.248
3.45416625	1.2698
3.47656856	1.2834
3.46730795	1.3042
3.42729049	1.3266
3.39790417	1.3443
3.39603516	1.3405
3.40787627	1.3192
3.40775464	1.2985
3.40134036	1.2993
3.39887011	1.3086
3.40842506	1.3239
3.42371941	1.3368
3.43190432	1.3355
3.43478313	1.3366
3.42811864	1.3505
3.42435526	1.3666
3.4337673	1.3571
3.45146754	1.3293
3.47351685	1.3005
3.49417663	1.2802
3.51041148	1.2832
3.5289816	1.279
3.54180926	1.2853
3.56414449	1.2797
3.58537429	1.2847
3.59936878	1.2976
3.61819698	1.3112
3.63928225	1.3171
3.65454154	1.3226
3.64467104	1.3408
3.62346	1.3617
3.60958475	1.3839
3.60050167	1.3777
3.58440238	1.3429
3.55642401	1.3023
3.52189	1.2747
3.50970016	1.257
3.53561474	1.228
3.55039789	1.2159
3.52256169	1.2188
3.45427171	1.2391
3.39763204	1.273
3.36940439	1.3189
3.35770205	1.359
3.35289233	1.3867
3.35631308	1.3908
3.37817373	1.3868
3.40807226	1.3798
3.44981836	1.3658
3.48111595	1.3568
3.48903969	1.3528
3.4648984	1.3737
3.4247525	1.3942
3.39998886	1.417
3.40676689	1.4262
3.41833539	1.4243
3.41739125	1.4243
3.40866252	1.4112
3.41774199	1.3812
3.46824382	1.3378
3.52765523	1.3052
3.55970726	1.2943
3.5578457	1.3074
3.53052009	1.3435
3.50549604	1.3867
3.49145497	1.4252
3.48477463	1.4399
3.48111814	1.4419
3.47930468	1.4236
3.49076907	1.392
3.52776913	1.3462
3.57031159	1.2953
3.60403432	1.2608
3.61927447	1.248
3.5874853	1.2561
3.52079309	1.2847
3.46319739	1.3165
3.43830128	1.3561
3.4398944	1.3994
3.44626008	1.4325
3.44841437	1.4586
3.45766217	1.4546
3.48724391	1.429
3.53085491	1.3953
3.55693843	1.3676
3.55945014	1.3216
3.55600451	1.2785
3.56117216	1.2477
3.54647579	1.2389
3.49336781	1.2557
3.43472843	1.2794
3.41387359	1.2795
3.44807614	1.2812
3.48575832	1.2982
3.495412	1.3236
3.48431919	1.3471
3.48828954	1.3557
3.52089801	1.3626
3.55258813	1.3604
3.56585832	1.3525
3.55214781	1.3413
3.53611701	1.3287
3.51619428	1.3163
3.50282805	1.2915
3.48540305	1.2624
3.4722663	1.2448
3.45559858	1.2484
3.43415838	1.2475
3.4136279	1.2529
3.40981141	1.2498
3.42086471	1.2523
3.43333114	1.2684
3.44042578	1.2818
3.4345485	1.2998
3.44544432	1.2934
3.47168	1.2805
3.50031729	1.2651
3.52112566	1.243
3.52013093	1.2089
3.50563326	1.1734
3.4867342	1.1455
3.47055162	1.1259
3.46507169	1.1166
3.46171866	1.1204
3.47731072	1.1352
3.5006172	1.1493
3.5129727	1.1762
3.50848979	1.1948
3.4853347	1.2164
3.4747318	1.2299
3.46686929	1.2388
3.46487727	1.2447
3.46014795	1.2418
3.4660257	1.2438
3.48199023	1.2449
3.5203556	1.2282
3.56297775	1.1992
3.58009064	1.1809
3.59180995	1.1781
3.60262665	1.189
3.6126906	1.2077
3.61758407	1.2356
3.59783508	1.2771
3.56685102	1.3383
3.53960715	1.3935
3.51789734	1.4246
3.51974128	1.4278
3.54023638	1.418
3.57469454	1.4047
3.61122609	1.3736
3.63313748	1.3248
3.63990183	1.275
3.65214602	1.2513
3.65317654	1.2593
3.61919488	1.2784
3.54846699	1.294
3.47257843	1.3027
3.43989193	1.3017
3.45793375	1.305
3.48784205	1.3153
3.51542248	1.3084
3.53828095	1.2814
3.58965347	1.2395
3.65964138	1.2185
3.68325361	1.2192
3.63692861	1.2353
3.56281805	1.2701
3.50293915	1.2892
3.45867451	1.291
3.43149643	1.2814
3.42598063	1.2556
3.4445648	1.2154
3.49285442	1.1674
3.57606381	1.141
3.66075226	1.1577
3.69933478	1.1821
3.68320769	1.2327
3.6275186	1.2993
3.56186235	1.3708
3.51987474	1.4043
3.49833933	1.3933
3.50278958	1.3592
3.50439262	1.313
3.51860953	1.2641
3.57296461	1.2252
3.66420021	1.2129
3.74019644	1.2154
3.73998336	1.2534
3.6780484	1.2824
3.61945419	1.3108
3.60076093	1.3396
3.60603313	1.3651
3.6037302	1.3787
3.55488202	1.3897
3.52614284	1.3887
3.5436034	1.3919
3.59518449	1.4037
3.63476538	1.4178
3.62704629	1.4193
3.60039164	1.3963
3.59534855	1.376
3.63330416	1.3607
3.66358483	1.3349
3.64136365	1.2937
3.58957401	1.2446
3.5502266	1.2203
3.53031594	1.2364
3.51903055	1.2799
3.5078048	1.3425
3.49340463	1.4022
3.49156256	1.4515
3.50437013	1.4877
3.52508052	1.4813
3.55066213	1.441
3.58543627	1.3694
3.60734312	1.3019
3.59848468	1.2557
3.56265993	1.2344
3.50835074	1.2515
3.46235705	1.2951
3.42776121	1.3391
3.40180839	1.382
3.38229595	1.4013
3.38475163	1.3884
3.42161757	1.3579
3.49187181	1.2998
3.5540972	1.2473
3.58331006	1.2028
3.59237157	1.1864
3.59933662	1.196
3.58502376	1.2454
3.52950335	1.299
3.45333695	1.3328
3.39946251	1.331
3.38742116	1.3162
3.43383232	1.2892
3.51622743	1.2393
3.59294741	1.1747
3.64609088	1.1004
3.67912754	1.0714
3.69260576	1.0934
3.65305736	1.1669
3.56655146	1.2376
3.4567066	1.3066
3.3773893	1.3688
3.34171032	1.4147
3.33700989	1.4306
3.34173483	1.418
3.36212008	1.3883
3.41320892	1.3629
3.48106767	1.3413
3.51557439	1.3331
3.49741808	1.3616
3.45533021	1.4157
3.42046019	1.4702
3.39866804	1.5061
3.3873285	1.4978
3.38207245	1.465
3.40154843	1.4209
3.44557403	1.374
3.50400531	1.321
3.5502126	1.2728
3.571121	1.262
3.57640678	1.2884
3.56949928	1.3354
3.53403587	1.3782
3.48074462	1.3823
3.44123016	1.3673
3.42762664	1.3476
3.4289417	1.3168
3.42037433	1.286
3.40813341	1.2582
3.39990675	1.2552
3.41522777	1.2693
3.4414747	1.3146
3.46960813	1.3726
3.4835737	1.4144
3.48761559	1.425
3.51089479	1.4062
3.5468897	1.3808
3.56912996	1.3556
3.57047312	1.3293
3.54903966	1.2989
3.51586849	1.2594
3.46985579	1.2504
3.42991569	1.2752
3.40341007	1.313
3.40607129	1.335
3.43332794	1.3405
3.47413824	1.3291
3.51697727	1.3056
3.55588325	1.2794
3.59691938	1.2626
3.61722692	1.2471
3.57165378	1.2474
3.47316436	1.2594
3.37718012	1.2753
3.33231489	1.2809
3.33362097	1.2834
3.36782148	1.2853
3.40608466	1.2863
3.44585658	1.274
3.50586357	1.2498
3.56998565	1.2236
3.60731785	1.2228
3.59932849	1.2234
3.54991919	1.2358
3.48975522	1.2357
3.42715582	1.2369
3.37689969	1.2258
3.36058609	1.2285
3.39725799	1.2241
3.46312568	1.1998
3.52517775	1.1763
3.57844986	1.161
3.63239731	1.1719
3.68022378	1.1914
3.68677998	1.2128
3.63820249	1.2287
3.57344382	1.2551
3.5243021	1.2905
3.51104308	1.3216
3.51107807	1.3336
3.52640258	1.318
3.54944513	1.2966
3.59012699	1.2674
3.63720266	1.2285
3.68267033	1.2033
3.71398471	1.1941
3.71763399	1.1953
3.70139551	1.2209
3.66010285	1.2478
3.62905692	1.2904
3.59623542	1.3341
3.5956038	1.3707
3.61148324	1.3901
3.6283676	1.3798
3.62801245	1.3542
3.6050526	1.3191
3.5767428	1.281
3.54760887	1.2528
3.51766471	1.2559
3.49851151	1.3
3.48022052	1.3658
3.45992052	1.4073
3.43583823	1.4073
3.41742254	1.3817
3.4037464	1.3521
3.40287892	1.3181
3.41380276	1.2674
3.43025906	1.2225
3.43268222	1.2062
3.42387753	1.2446
3.43370216	1.3216
3.46522622	1.4135
3.49501075	1.4774
3.50770692	1.5079
3.51199467	1.5032
3.51431383	1.4714
3.53314603	1.4279
3.57215829	1.3623
3.60407172	1.2912
3.60414786	1.227
3.57866983	1.1971
3.56431342	1.2177
3.57284259	1.2622
3.59321568	1.3053
3.61144097	1.3301
3.61973884	1.3432
3.62923472	1.3621
3.63820062	1.3714
3.62472408	1.3772
3.57626117	1.377
3.51767878	1.3871
3.48508249	1.4092
3.46865862	1.4284
3.45984218	1.4319
3.44650567	1.417
3.45010037	1.3983
3.4754696	1.367
3.50273868	1.3324
3.51505324	1.3007
3.49987446	1.3016
3.47234564	1.3425
3.44926912	1.4042
3.44117479	1.4665
3.44346432	1.5171
3.45370143	1.5401
3.47514203	1.543
3.49518425	1.5113
3.51885982	1.4429
3.55229596	1.3468
3.59037876	1.2618
3.61768771	1.2134
3.61232383	1.2075
3.58415732	1.2463
3.54033942	1.3114
3.48504973	1.3981
3.44584336	1.4592
3.43252349	1.4889
3.45418802	1.485
3.50267002	1.4519
3.56608999	1.39
3.62346076	1.2979
3.67731344	1.2173
3.72454788	1.1846
3.73723049	1.218
3.70029476	1.2894
3.6210824	1.3704
3.53894116	1.4429
3.47368191	1.4981
3.43684399	1.5385
3.42506608	1.5464
3.43323853	1.5216
3.4669721	1.4581
3.50904043	1.4023
3.54397673	1.379
3.56169128	1.3813
3.55988616	1.3962
3.53921945	1.414
3.51164243	1.4428
3.49256133	1.4667
3.48240023	1.4914
3.48850426	1.4943
3.50694687	1.4821
3.53630896	1.4562
3.56452831	1.4334
3.59318989	1.4249
3.61684899	1.413
3.61333767	1.4065
3.58256417	1.3902
3.54531296	1.3697
3.52802462	1.3422
3.5288739	1.3042
3.53876049	1.28
3.55960711	1.254
3.57731017	1.2431
3.61126501	1.2482
3.62801486	1.2674
3.61673786	1.2978
3.59314128	1.3188
3.56951701	1.3172
3.56258999	1.3027
3.56670872	1.2737
3.57628989	1.2404
3.60111863	1.1938
3.63495876	1.1532
3.66518763	1.1328
3.6599343	1.1381
3.62592079	1.1573
3.57286151	1.1766
3.5275675	1.1841
3.4994735	1.1754
3.48936071	1.1591
3.48739039	1.1356
3.51408793	1.1096
3.57225268	1.0759
3.64711442	1.0642
3.67460584	1.0955
3.63867274	1.1537
3.57146108	1.2171
3.50259105	1.2815
3.44554479	1.3291
3.40764144	1.3699
3.39577864	1.3992
3.41379335	1.3961
3.46030349	1.3634
3.53249734	1.3163
3.59939286	1.2657
3.64416724	1.2432
3.65332187	1.2431
3.61930728	1.2689
3.55101222	1.2964
3.46534593	1.3179
3.4023727	1.3191
3.36927531	1.3054
3.37780753	1.2784
3.43107336	1.2352
3.51951762	1.1949
3.6262279	1.1485
3.72168619	1.1189
3.78615991	1.1144
3.77772027	1.131
3.70183368	1.1607
3.5805035	1.1907
3.4864372	1.2208
3.44020607	1.2361
3.45146717	1.2385
3.4929843	1.2146
3.55787559	1.1645
3.62818381	1.1207
3.70769523	1.1018
3.75674373	1.1136
3.74807454	1.1469
3.68935693	1.1752
3.59674701	1.2057
3.51834967	1.2476
3.46856756	1.2908
3.46125502	1.3094
3.48291493	1.2977
3.52641072	1.2622
3.57542221	1.2321
3.62903974	1.2202
3.69016772	1.2215
3.73086615	1.2223
3.70902821	1.231
3.65782669	1.2344
3.59254466	1.2693
3.5551648	1.3017
3.52799642	1.33
3.51674863	1.3259
3.5174282	1.3029
3.54567865	1.2618
3.59161831	1.2304
3.62348323	1.2054
3.62657689	1.176
3.61145075	1.1458
3.60087481	1.1333
3.60427064	1.1306
3.6035105	1.1339
3.59333093	1.1205
3.58974609	1.0937
3.60122805	1.0721
3.61536992	1.0763
3.60634073	1.0833
3.56475453	1.0861
3.50943435	1.0748
3.48020067	1.0673
3.47233306	1.0693
3.46902824	1.0739
3.47931767	1.0642
3.52618608	1.0355
3.6119869	0.9972
3.70028985	0.9756
3.75642805	0.9816
3.75900704	1.0043
3.70007526	1.0439
3.60566765	1.0965
3.514387	1.1585
3.44471894	1.2279
3.39774994	1.2889
3.39208711	1.3116
3.41983641	1.2998
3.48218833	1.2508
3.55890846	1.1868
3.65573702	1.1142
3.73538168	1.0409
3.77822529	0.9742
3.76352052	0.9794
3.71734164	1.0493
3.65491526	1.1294
3.604476	1.1927
3.56950351	1.2205
3.56251856	1.2154
3.58988539	1.2012
3.64514283	1.1922
3.73868492	1.1597
3.81702964	1.1189
3.85999429	1.0765
3.84511537	1.0614
3.77962574	1.0917
3.70221131	1.1407
3.64005032	1.1708
3.59420595	1.1829
3.57369077	1.1807
3.59671515	1.1609
3.66422003	1.113
3.7470989	1.0459
3.82859884	0.9948
3.86488577	0.9864
3.83715644	1.0152
3.75823496	1.0566
3.64929669	1.1136
3.55858548	1.1599
3.50342123	1.1917
3.48422188	1.2046
3.49817236	1.1962
3.53269968	1.1708
3.57649469	1.1266
3.62251237	1.0895
3.66375981	1.0767
3.67677867	1.0901
3.65508575	1.1163
3.610928	1.1388
3.56080613	1.1548
3.51673605	1.1578
3.47879605	1.1572
3.47374464	1.1505
3.4984121	1.1484
