3.28634696	1.2377
3.30827146	1.2475
3.34249853	1.2616
3.36044888	1.2853
3.36442184	1.3047
3.35749575	1.3395
3.35599139	1.3815
3.35720752	1.3983
3.34377565	1.3905
3.31838921	1.3696
3.296109	1.3465
3.28666512	1.3183
3.27711566	1.2917
3.27378106	1.2499
3.27689315	1.199
3.29640699	1.1521
3.31556997	1.1257
3.31650517	1.1285
3.28149214	1.1567
3.23523083	1.2067
3.21182102	1.2498
3.20366644	1.2868
3.19721455	1.3084
3.19719137	1.3195
3.21342707	1.3288
3.25608956	1.3232
3.30250376	1.3018
3.33963531	1.2654
3.35666797	1.2329
3.36841158	1.2001
3.38021982	1.1763
3.36684741	1.1735
3.30580942	1.1991
3.23157205	1.2542
3.18477615	1.3063
3.16009764	1.342
3.14993897	1.3509
3.15105887	1.3494
3.15936958	1.3502
3.16443446	1.3533
3.18106377	1.3334
3.21658197	1.2811
3.26111645	1.2387
3.29278241	1.2242
3.30710686	1.2225
3.31270462	1.2219
3.30476542	1.2165
3.27445662	1.2405
3.24357919	1.2884
3.24387257	1.3316
3.27078808	1.3623
3.30226465	1.3783
3.32594708	1.3744
3.33156755	1.3576
3.3384471	1.3398
3.34614458	1.3144
3.33733664	1.2733
3.30635727	1.2326
3.25372038	1.2188
3.19924377	1.2241
3.16735172	1.2257
3.16286709	1.2203
3.18220763	1.2185
3.22641867	1.2196
3.28844287	1.2222
3.35781748	1.2202
3.43675181	1.2033
3.50520753	1.1576
3.52461792	1.0864
3.49119577	1.0453
3.44250651	1.0925
3.40438699	1.1462
3.3839979	1.1744
3.36100464	1.1937
3.33129868	1.2154
3.30251846	1.237
3.29527163	1.2305
3.31249171	1.2001
3.34712407	1.164
3.36842725	1.1328
3.37533065	1.1188
3.36240875	1.1189
3.35594685	1.1254
3.35504045	1.1451
3.36047756	1.1679
3.35340913	1.2238
3.33989457	1.2973
3.33191743	1.355
3.32975329	1.385
3.32430144	1.3934
3.31732769	1.4062
3.30900717	1.4231
3.30754421	1.4104
3.31287771	1.3615
3.32055545	1.3119
3.31798158	1.2751
3.31142643	1.2571
3.30836491	1.2508
3.3121918	1.2671
3.305597	1.2985
3.29166004	1.3355
3.28571578	1.3729
3.28621988	1.402
3.29642548	1.4185
3.30322473	1.4075
3.30030133	1.377
3.29121641	1.3559
3.27953098	1.3436
3.26416631	1.3295
3.24590117	1.3144
3.23272839	1.3098
3.23332227	1.3322
3.24979205	1.3594
3.26802703	1.3689
3.29115673	1.3453
3.32364413	1.3069
3.35552261	1.3024
3.37744024	1.3269
3.38492492	1.3636
3.38299287	1.3974
3.37056453	1.4171
3.343049	1.4419
3.30289519	1.464
3.25772538	1.4579
3.2195989	1.4289
3.20677714	1.3662
3.2153264	1.3202
3.22660002	1.3064
3.23858839	1.3109
3.26211299	1.3238
3.29706457	1.3374
3.31265177	1.3674
3.30330004	1.4074
3.27789081	1.4358
3.24721502	1.4266
3.22295739	1.3831
3.20475062	1.3374
3.18712649	1.3118
3.17851618	1.2926
3.17878637	1.2684
3.18492052	1.2587
3.19285473	1.2708
3.1955589	1.3063
3.1988364	1.3401
3.20979057	1.3591
3.2282328	1.351
3.25566233	1.3163
3.28213091	1.2736
3.3050161	1.2318
3.33016979	1.1955
3.34246031	1.1726
3.33061497	1.1621
3.30721858	1.1704
3.29516449	1.19
3.29063743	1.2158
3.28906251	1.2283
3.27293881	1.2197
3.26175806	1.1881
3.25877435	1.1722
3.26431505	1.1718
3.2615249	1.1879
3.25878627	1.2005
3.26431696	1.2139
3.27375084	1.2254
3.26565025	1.2531
3.24660736	1.2819
3.22867199	1.3013
3.21998727	1.2967
3.22389327	1.2794
3.24259559	1.2557
3.25159068	1.2425
3.25776337	1.2259
3.27231638	1.2004
3.27640411	1.1812
3.24922385	1.1822
3.19846894	1.213
3.14918354	1.2495
3.12728297	1.2736
3.13772296	1.2762
3.17207195	1.2734
3.20823638	1.2581
3.23655048	1.2306
3.28609968	1.1843
3.35432209	1.1421
3.41391685	1.1264
3.42260842	1.1451
3.3661661	1.1829
3.29884365	1.2318
3.25679304	1.2577
3.22968026	1.2664
3.20643844	1.2725
3.1877545	1.2764
3.18658791	1.2713
3.21809245	1.2375
3.2745599	1.1949
3.32625832	1.1628
3.34017644	1.1636
3.32530737	1.1864
3.28932447	1.2073
3.24385815	1.2122
3.19156749	1.2062
3.16595252	1.2119
3.17542558	1.2264
3.21706362	1.2258
3.27262202	1.2185
3.33467853	1.1992
3.39573946	1.1842
3.44748505	1.1906
3.46508237	1.209
3.43905714	1.2328
3.39783788	1.2373
3.37047584	1.2234
3.35938772	1.2202
3.3472548	1.2324
3.32692696	1.2452
3.31265944	1.2427
3.32457528	1.2137
3.3483808	1.178
3.3504219	1.161
3.32772274	1.1572
3.3099084	1.1452
3.31279675	1.1244
3.32186731	1.1176
3.32728452	1.1314
3.3384083	1.1596
3.36105679	1.1926
3.39839854	1.2083
3.42774851	1.2235
3.45732266	1.227
3.47622657	1.2301
3.48046565	1.2175
3.47535006	1.1897
3.45539267	1.1499
3.43772859	1.1001
3.40820044	1.0693
3.37489381	1.1019
3.33980722	1.1365
3.30205467	1.1485
3.28516333	1.158
3.28711126	1.1672
3.29993319	1.1752
3.31142414	1.1646
3.31995801	1.1406
3.32809483	1.131
3.33957259	1.1423
3.34617034	1.1893
3.34173714	1.2548
3.33929979	1.2923
3.34453937	1.3175
3.34981187	1.3429
3.35296972	1.3498
3.35393823	1.3287
3.36273801	1.2505
3.3826015	1.1376
3.40073687	1.029
3.38537568	0.9864
3.34941074	1.0284
3.34380877	1.1109
3.35660735	1.2004
3.33716407	1.2935
3.28833522	1.368
3.24886126	1.4056
3.23919251	1.41
3.24763376	1.3877
3.26677469	1.3223
3.27515968	1.2385
3.26755794	1.1542
3.27836638	1.0995
3.31615668	1.0962
3.34906283	1.1386
3.33753001	1.2119
3.30505949	1.2777
3.28902958	1.3357
3.30298319	1.3857
3.33255364	1.4174
3.35864717	1.4036
3.37288066	1.3648
3.38354213	1.3354
3.38795695	1.3411
3.3778545	1.3708
3.35534935	1.3994
3.32425809	1.3991
3.28413716	1.3756
3.25036195	1.349
3.23590555	1.328
3.24361792	1.3014
3.2774079	1.2602
3.3234514	1.2205
3.37146851	1.199
3.4210183	1.2223
3.45935308	1.2892
3.47646892	1.3643
3.46522129	1.4132
3.43262188	1.4273
3.39545943	1.4201
3.36657377	1.3926
3.34836196	1.3283
3.34931711	1.2436
3.36366348	1.1828
3.39983983	1.1591
3.44289651	1.1742
3.47202728	1.2283
3.47957202	1.2908
3.47675989	1.3404
3.46669434	1.3653
3.44422034	1.383
3.39997885	1.3906
3.35079577	1.3917
3.31866386	1.385
3.33127195	1.3637
3.38292708	1.322
3.43401238	1.2922
3.47244208	1.2775
3.49438039	1.2765
3.50329932	1.2836
3.48193038	1.2949
3.43384561	1.3121
3.37247878	1.3431
3.33570194	1.3786
3.3295552	1.3978
3.34276657	1.3928
3.3642997	1.3687
3.3964179	1.3392
3.43935515	1.3223
3.50229879	1.2936
3.56371681	1.2581
3.58915918	1.2293
3.56006212	1.2216
3.48994726	1.254
3.38570322	1.3099
3.29125569	1.3811
3.22977355	1.421
3.20013177	1.4178
3.1934138	1.3872
3.19910481	1.3539
3.22215506	1.3251
3.26573593	1.3026
3.31016593	1.28
3.33794132	1.2671
3.33243248	1.2751
3.30975851	1.3184
3.29912506	1.3675
3.31018095	1.4051
3.33699606	1.4385
3.36306913	1.4804
3.38103268	1.4908
3.39690554	1.4628
3.42232786	1.3986
3.43298733	1.3158
3.40662321	1.253
3.3532943	1.2356
3.31096898	1.2502
3.28436492	1.2744
3.25675939	1.313
3.23373133	1.366
3.23687665	1.3921
3.26463704	1.3566
3.29517742	1.2849
3.30712635	1.2164
3.28079542	1.1811
3.2448571	1.1641
3.22131599	1.1541
3.21065666	1.1531
3.18779073	1.1868
3.16323168	1.2774
3.18142465	1.3723
3.23475065	1.3963
3.28853164	1.3617
3.33260198	1.3147
3.36563147	1.2857
3.37925976	1.2733
3.37021538	1.2622
3.35027228	1.266
3.31642902	1.3029
3.27071552	1.3592
3.2413592	1.4192
3.25140512	1.4568
3.27665454	1.472
3.29797047	1.4734
3.31856693	1.4562
3.34609396	1.4101
3.38106257	1.3393
3.41230506	1.2695
3.4397574	1.2333
3.44973492	1.2462
3.43146284	1.2715
3.4059995	1.2996
3.37869612	1.329
3.35914121	1.3571
3.35236282	1.3559
3.34785344	1.3283
3.34725223	1.2806
3.3534168	1.2361
3.36142461	1.1996
3.38537622	1.1676
3.41450981	1.1365
3.40948551	1.1284
3.35401144	1.1422
3.29770754	1.1603
3.2800775	1.1687
3.30232316	1.1573
3.32309465	1.1538
3.33123295	1.1589
3.32619781	1.1713
3.33433048	1.1626
3.35447642	1.1558
3.39273357	1.1606
3.43113214	1.1735
3.45338207	1.1872
3.46212248	1.1899
3.46776428	1.1731
3.47979998	1.1525
3.49863047	1.1409
3.52759181	1.1098
3.54260118	1.0688
3.52956998	1.0497
3.50261011	1.0814
3.48541367	1.155
3.48293104	1.2321
3.46754332	1.2945
3.4138087	1.3382
3.35535368	1.3524
3.32832486	1.3361
3.3431598	1.2899
3.38281564	1.2317
3.40008213	1.1779
3.37893669	1.1318
3.37285614	1.091
3.41601395	1.0815
3.45897127	1.1196
3.45029352	1.1814
3.40324839	1.2676
3.35923739	1.3331
3.32985507	1.3639
3.30148888	1.3739
3.27864212	1.3753
3.26855303	1.3586
3.27058152	1.3207
3.28712057	1.2721
3.2991857	1.2358
3.30626138	1.2236
3.31035609	1.23
3.33240862	1.234
3.36479491	1.238
3.36825496	1.2477
3.32344287	1.2594
3.26153547	1.2729
3.22119697	1.2827
3.22254348	1.2806
3.23896625	1.2719
3.24670794	1.2762
3.23643714	1.2757
3.24500815	1.2672
3.27751309	1.2396
3.30355247	1.188
3.30632687	1.1659
3.29594002	1.1951
3.30132013	1.2327
3.3241454	1.252
3.32927607	1.2864
3.31229756	1.3327
3.28459014	1.3696
3.27861912	1.3907
3.28983208	1.406
3.29057577	1.4116
3.27427851	1.3966
3.25831273	1.3578
3.24947672	1.3063
3.25560977	1.2605
3.25561802	1.2278
3.22900639	1.2162
3.18610873	1.2221
3.15421753	1.257
3.16463149	1.3079
3.19929644	1.3592
3.22371711	1.3848
3.24009814	1.3808
3.2695246	1.3645
3.31381614	1.3508
3.36399269	1.3184
3.39536781	1.2715
3.39250896	1.2223
3.36592881	1.2082
3.33340448	1.2222
3.31790196	1.26
3.31925305	1.2915
3.31783038	1.3132
3.30559073	1.3181
3.29383421	1.3031
3.30269797	1.289
3.33322296	1.2798
3.33975444	1.2729
3.31218056	1.2626
3.26853405	1.2749
3.25073698	1.3207
3.25913539	1.3802
3.27493493	1.4223
3.2888481	1.428
3.3007988	1.4053
3.321151	1.3639
3.35918038	1.3203
3.40617441	1.2738
3.44367743	1.2148
3.44257281	1.1783
3.40208277	1.2007
3.3396215	1.2634
3.2759441	1.3409
3.23211995	1.3934
3.21571234	1.4023
3.21907328	1.3829
3.24497767	1.3502
3.2918662	1.302
3.35917124	1.2343
3.4405144	1.1584
3.50054435	1.1066
3.50976945	1.0952
3.46012362	1.1157
3.37357727	1.17
3.30473512	1.2293
3.2699575	1.279
3.2640126	1.3104
3.27583588	1.3236
3.30571266	1.3102
3.3434455	1.293
3.38141365	1.2804
3.39848686	1.2945
3.38796561	1.3128
3.36756511	1.3037
3.33942902	1.2968
3.32495642	1.3267
3.32450142	1.3877
3.32069488	1.4261
3.30361095	1.4217
3.28347188	1.386
3.27439726	1.3546
3.26589591	1.345
3.24692282	1.3429
3.22531821	1.3272
3.21211518	1.2986
3.22101739	1.2694
3.24102964	1.2636
3.25998235	1.2514
3.27699225	1.1908
3.29297724	1.083
3.32493128	1.0072
3.3527416	0.9402
3.35238144	0.8482
3.33134914	0.7905
3.30673044	0.8304
3.27763725	0.9333
3.24262835	1.0229
3.2243391	1.0645
3.22761591	1.0855
3.24966471	1.1398
3.27745085	1.2298
3.30680399	1.2561
3.3283303	1.2395
3.34164935	1.2192
3.3316082	1.2189
3.291924	1.2279
3.24914748	1.2655
3.22377976	1.3251
3.21652661	1.3797
3.21593665	1.4222
3.20883087	1.4533
3.2024949	1.4806
3.21004674	1.4814
3.25324017	1.4403
3.30938864	1.3658
3.34627276	1.2744
3.37222894	1.183
3.40353986	1.112
3.4496336	1.0792
3.46695526	1.1065
3.43108388	1.1845
3.36734509	1.2602
3.32036333	1.3192
3.30208346	1.3481
3.31260695	1.3549
3.34885582	1.3199
3.40724942	1.2433
3.49236321	1.1341
3.62182231	1.0288
3.72954764	0.9705
3.75977303	0.9402
3.70797316	0.9281
3.6367508	0.9517
3.58536172	1.0052
3.53325155	1.0666
3.46653544	1.1222
3.42205471	1.1692
3.43180831	1.1917
3.48874951	1.1858
3.56421996	1.1702
3.62862625	1.143
3.67366056	1.1256
3.70293806	1.1225
3.70746074	1.1295
3.69105266	1.1317
3.65777297	1.1249
3.62327183	1.0972
3.59498145	1.0706
3.57707846	1.0625
3.57102566	1.0762
3.58611822	1.1042
3.61607133	1.1314
3.64433916	1.1605
3.65859041	1.1863
3.661661	1.199
3.64772468	1.1953
3.64055058	1.1786
3.63272764	1.1546
3.63544402	1.11
3.64870962	1.0635
3.69284594	1.0373
3.74050505	1.0459
3.74807647	1.0886
3.72185179	1.1341
3.68383332	1.1731
3.63916456	1.2241
3.60700033	1.2839
3.58488821	1.3277
3.57482599	1.3167
3.5737366	1.2518
3.59268148	1.1651
3.62175796	1.1068
3.6314394	1.0773
3.61956579	1.0552
3.58512845	1.0383
3.54179914	1.051
3.49624234	1.1068
3.46254944	1.1813
3.4422636	1.2357
3.43679227	1.2611
3.44587144	1.2734
3.47912009	1.2801
3.52473961	1.2675
3.56442844	1.2375
3.60060194	1.1986
3.61502198	1.1664
3.59943932	1.1619
3.57422789	1.16
3.54494856	1.1562
3.51686391	1.1453
3.48945412	1.1413
3.47216239	1.1447
3.47938118	1.1453
3.50404724	1.1392
3.52540062	1.1425
3.53444876	1.1454
3.51119211	1.1532
3.48815304	1.1626
3.4608311	1.1677
3.43206763	1.1794
3.3999776	1.1917
3.38027173	1.2051
3.39273915	1.221
3.41234846	1.2471
3.42658412	1.2851
3.43902228	1.3249
3.45029724	1.3635
3.46122468	1.3971
3.46462083	1.4241
3.45474312	1.4458
3.44181725	1.455
3.42994817	1.4462
3.42266127	1.427
3.42326915	1.3974
3.41389661	1.3681
3.40383567	1.3338
3.40131375	1.3137
3.40245275	1.3071
3.40342719	1.3129
3.4016595	1.327
3.39472018	1.3282
3.38696324	1.3257
3.37321369	1.327
3.36940128	1.3312
3.37487256	1.3436
3.37574509	1.3517
3.36289667	1.3683
3.34852066	1.3803
3.34425007	1.3842
3.35725477	1.382
3.37869551	1.3765
3.39447025	1.3571
3.3983195	1.3297
3.3956618	1.2904
3.39959411	1.276
3.40612719	1.2798
3.39910748	1.3157
3.36870173	1.3668
3.3264081	1.4055
3.28793396	1.41
3.26213746	1.386
3.24768256	1.3467
3.25305666	1.3034
3.28182897	1.2642
3.35569976	1.223
3.46280722	1.1874
3.55052262	1.1718
3.58152307	1.1974
3.56540367	1.2619
3.53176925	1.3507
3.50218077	1.4227
3.47387598	1.4549
3.44190741	1.4633
3.41988841	1.4591
3.41665328	1.4398
3.45821828	1.3816
3.51904717	1.3109
3.55723303	1.2653
3.55110786	1.2696
3.52399248	1.3019
3.51612426	1.3425
3.52481692	1.3789
3.50874709	1.4079
3.46436248	1.4233
3.41398033	1.4239
3.37742379	1.4033
3.35227135	1.3729
3.34099412	1.3459
3.33421335	1.3417
3.33865968	1.3573
3.36322659	1.3849
3.39683519	1.4058
3.4102048	1.4148
3.38895463	1.4121
3.35026088	1.3962
3.33084611	1.3697
3.33694236	1.3414
3.34007457	1.3276
3.31891932	1.3489
3.29692153	1.3846
3.28972948	1.4092
3.28907439	1.4256
3.28632812	1.436
3.27956054	1.4281
3.27665139	1.3974
3.28362845	1.3497
3.31080044	1.3077
3.35974198	1.2874
3.39927842	1.2973
3.4164508	1.3325
3.4163946	1.3854
3.41702267	1.426
3.4129221	1.4422
3.40750806	1.4395
3.41049575	1.4135
3.4240626	1.3855
3.45396618	1.3509
3.48758589	1.3218
3.4951568	1.3193
3.49478254	1.338
3.4851556	1.4016
3.47708113	1.4846
3.47618599	1.5409
3.47821262	1.5572
3.488732	1.5369
3.49841899	1.5012
3.50101602	1.4495
3.48205647	1.3889
3.44609088	1.3218
3.40696307	1.2798
3.37487893	1.2822
3.36341344	1.3168
3.37413695	1.3565
3.39389142	1.381
3.41766977	1.3843
3.43755072	1.3774
3.45665226	1.3661
3.47315033	1.3367
3.48418783	1.2995
3.46494774	1.2756
3.43026457	1.2779
3.40490538	1.3146
3.39078913	1.386
3.37958389	1.4508
3.37648881	1.4819
3.39054339	1.4846
3.41563131	1.4748
3.45400533	1.4477
3.50669395	1.3883
3.55138259	1.3
3.58388592	1.2132
3.59276616	1.1629
3.56286561	1.1637
3.51507855	1.2116
3.46419383	1.3015
3.4315837	1.3909
3.42919534	1.4437
3.4472432	1.4705
3.48096353	1.4784
3.51959449	1.4572
3.54678654	1.4069
3.55957658	1.336
3.55206418	1.2784
3.528273	1.2552
3.48925144	1.2734
3.43216882	1.3017
3.37900629	1.2998
3.33902567	1.2877
3.32476948	1.2706
3.35086905	1.2575
3.40118269	1.2389
3.47154813	1.1938
3.52801603	1.1695
3.55445523	1.1893
3.52553071	1.2594
3.46402121	1.3491
3.42396185	1.399
3.4091982	1.3932
3.39252886	1.3768
3.37535012	1.3526
3.39092812	1.3137
3.43422475	1.2476
3.47316481	1.1891
3.46978105	1.1798
3.43708189	1.2207
3.40071488	1.3031
3.37940749	1.3898
3.36153646	1.4525
3.35045293	1.4754
3.35551139	1.4843
3.37893578	1.4749
3.42177621	1.4293
3.47957888	1.3547
3.51792229	1.2785
3.52683795	1.2152
3.50893932	1.1906
3.47484179	1.2312
3.43247388	1.2963
3.3870101	1.3561
3.35787889	1.3783
3.34650782	1.361
3.36362941	1.3177
3.40646879	1.2651
3.44690225	1.2179
3.45158473	1.1725
3.42121195	1.1598
3.37916932	1.1938
3.36920906	1.2681
3.37921572	1.3527
3.38932724	1.4128
3.38841264	1.4349
3.390618	1.44
3.3980631	1.4135
3.4065216	1.3709
3.41179514	1.3226
3.40578475	1.2962
3.38704229	1.3114
3.35795656	1.363
3.34061224	1.4112
3.32788453	1.4549
3.31335839	1.461
3.29552036	1.4465
3.27853316	1.4073
3.28664446	1.3503
3.32319145	1.2898
3.35494283	1.2378
3.35732216	1.2288
3.34576998	1.2664
3.33953589	1.3357
3.32966504	1.3962
3.30808249	1.4342
3.28824092	1.4489
3.28553194	1.4546
3.31479954	1.4364
3.38948024	1.3789
3.4730271	1.3094
3.51409162	1.274
3.50532566	1.2662
3.49038048	1.2851
3.45386871	1.3308
3.38003301	1.3793
3.29156094	1.4156
3.23073314	1.4229
3.19262743	1.406
3.17280156	1.3728
3.16936572	1.3352
3.17090137	1.2938
3.16408822	1.2727
3.17862043	1.2557
3.22359861	1.2615
3.28670271	1.3003
3.32712703	1.3863
3.34762575	1.4753
3.36468933	1.5363
3.3686782	1.5507
3.36288521	1.5402
3.34816627	1.5122
3.32105414	1.4727
3.29449449	1.4139
3.2779314	1.3631
3.2710168	1.3407
3.26940372	1.3505
3.26979064	1.3798
3.27144529	1.4011
3.26811248	1.4251
3.26053251	1.4599
3.26278538	1.496
3.27854449	1.5167
3.28459994	1.5252
3.28933803	1.5198
3.29961547	1.513
3.32911733	1.5081
3.35106677	1.5055
3.35177033	1.4873
3.33474757	1.4786
3.3248696	1.4578
3.34163371	1.4305
3.37837034	1.4143
3.4033092	1.4045
3.40459901	1.3986
3.40153575	1.399
3.4136222	1.406
3.44368381	1.4019
3.47583685	1.3719
3.48399395	1.3373
3.47828641	1.3023
3.47594282	1.278
3.47543261	1.2523
3.4819287	1.2132
3.46664418	1.1675
3.43815747	1.1377
3.41036051	1.1374
3.40574656	1.1733
3.42433794	1.23
3.45136432	1.2652
3.47981477	1.2942
3.49046143	1.3398
3.49278204	1.3807
3.475397	1.4141
3.45069043	1.4316
3.42491074	1.4388
3.41161314	1.4471
3.4230536	1.4704
3.44650396	1.4731
3.46349138	1.4661
3.46660264	1.4345
3.45684344	1.4061
3.4418183	1.3789
3.4169115	1.3496
3.3977063	1.313
3.37924693	1.2824
3.35159378	1.2757
3.32622798	1.3016
3.32518619	1.3492
3.3528437	1.3922
3.39235245	1.4066
3.41287301	1.3951
3.4113355	1.3686
3.40181203	1.3342
3.37278311	1.3075
3.3503899	1.2828
3.34645276	1.2751
3.35590697	1.2828
3.35752702	1.3201
3.35830194	1.3631
3.37062807	1.4012
3.40612884	1.4207
3.44088386	1.4127
3.45629198	1.3947
3.46170318	1.368
3.47028661	1.3278
3.46004922	1.2951
3.42856777	1.2889
3.38863121	1.3083
3.36659653	1.3524
3.3545617	1.3778
3.34531247	1.3919
3.32936786	1.3913
3.31523103	1.381
3.32277029	1.3581
3.34036788	1.3274
3.33928966	1.3034
3.32350108	1.3086
3.32548548	1.3298
3.34762004	1.388
3.37703869	1.465
3.39732173	1.5321
3.41621324	1.5662
3.44383663	1.5679
3.45702376	1.5574
3.4327395	1.524
3.37409117	1.4689
3.3146611	1.4207
3.28255147	1.3955
3.26565828	1.4003
3.25287837	1.4394
3.24413639	1.4661
3.24644855	1.4744
3.27167564	1.4579
3.3057006	1.436
3.32969699	1.4143
3.33142187	1.3939
3.32533896	1.3789
3.33687103	1.3627
3.37147862	1.3596
3.41088801	1.3778
3.44162993	1.414
3.45822339	1.4635
3.47656591	1.4829
3.49517039	1.4737
3.5121989	1.4483
3.50071245	1.4022
3.46619977	1.3352
3.42526554	1.2657
3.3968066	1.2087
3.36992859	1.1705
3.33646361	1.1735
3.30487146	1.1897
3.28906525	1.1971
3.29684229	1.2131
3.33652461	1.2311
3.39213599	1.2545
3.43878542	1.2676
3.45802384	1.2522
3.45625612	1.2276
3.45561371	1.2039
3.4705231	1.2048
3.48511982	1.2242
3.49180783	1.2568
3.49805872	1.2871
3.50462786	1.3189
3.51961947	1.3392
3.52613152	1.346
3.50706712	1.3435
3.45120663	1.33
3.38836923	1.3239
3.34292218	1.3419
3.32479556	1.3623
3.31009317	1.3779
3.29211595	1.3912
3.27353153	1.3983
3.26448856	1.3999
3.2678522	1.3879
3.26816826	1.3784
3.26247021	1.3654
3.26295187	1.3556
3.2810947	1.3546
3.30135426	1.3741
3.31478675	1.412
3.32380141	1.4427
3.3244937	1.4673
3.32673904	1.473
3.32479601	1.4613
3.30974567	1.4302
3.28761855	1.3735
3.27501758	1.3007
3.28215933	1.2105
3.29788358	1.1276
3.29805223	1.0828
3.27894839	1.0772
3.2642136	1.1133
3.27576118	1.1557
3.27830296	1.2069
3.2529625	1.2546
3.22518715	1.2956
3.21799101	1.3287
3.21285302	1.3316
3.19728221	1.3057
3.16785636	1.2844
3.15689522	1.2753
3.19993889	1.2904
3.27907025	1.3194
3.34719127	1.3479
3.37431964	1.3794
3.37324533	1.4084
3.36190462	1.4341
3.34878682	1.4319
3.32130974	1.4092
3.27683107	1.4015
3.22910933	1.4156
3.20641695	1.4114
3.21584809	1.3856
3.23528868	1.3479
3.24383926	1.3268
3.24525611	1.3196
3.25494726	1.3038
3.27194427	1.2677
3.28034614	1.2378
3.27480916	1.253
3.26522234	1.2952
3.27372758	1.3334
3.29005135	1.3684
3.290547	1.407
3.28446375	1.4494
3.28655254	1.4805
3.29915131	1.4833
3.31461101	1.4591
3.33013669	1.44
3.35012209	1.4341
3.36990698	1.4151
3.38007184	1.3753
3.36511546	1.3288
3.3298164	1.2996
3.29376131	1.2986
3.26821569	1.3086
3.24861215	1.3163
3.24507982	1.3228
3.25858198	1.3369
3.28664072	1.3475
3.32653101	1.3402
3.35502743	1.3155
3.35144111	1.2855
3.33803017	1.2613
3.3540144	1.2354
3.40300512	1.2133
3.44285644	1.2081
3.46193628	1.2181
3.46950838	1.2466
3.47775971	1.2719
3.48362645	1.2807
3.47907722	1.2831
3.46237375	1.2923
3.45421573	1.3191
3.45662578	1.3523
3.45803074	1.3906
3.46368699	1.4153
3.4836514	1.4303
3.50759487	1.4354
3.53504088	1.4204
3.54942669	1.3926
3.54631575	1.3469
3.5134424	1.3098
3.46782329	1.2929
3.41572457	1.2932
3.3675287	1.3047
3.32167957	1.329
3.28686658	1.3618
3.27491571	1.3992
3.28252251	1.42
3.30780549	1.4173
3.33802869	1.3906
3.37400478	1.3565
3.41501714	1.3132
3.44890459	1.2678
3.45858871	1.2398
3.42048842	1.2506
3.36119378	1.2951
3.31888694	1.3395
3.29507781	1.3715
3.27947289	1.389
3.27098951	1.3964
3.27588463	1.3959
3.29922851	1.3872
3.33045346	1.3484
3.34115088	1.2851
3.31716075	1.2256
3.28363597	1.2127
3.26170577	1.2488
3.2565199	1.3082
3.25235824	1.3716
3.24862258	1.4212
3.25793604	1.4478
3.2891394	1.4619
3.32859702	1.4579
3.3613632	1.4307
3.37095612	1.3872
3.365369	1.3453
3.36760653	1.3413
3.37393597	1.3817
3.36288799	1.4582
3.33423869	1.5228
3.31386303	1.5454
3.30347688	1.5239
3.30949522	1.4804
3.32663708	1.4217
3.35783848	1.3462
3.4056492	1.2639
3.44501075	1.2226
3.44925141	1.2363
3.40008889	1.321
3.33154247	1.4284
3.27433484	1.5104
3.23406554	1.5339
3.20528916	1.5383
3.19114792	1.5395
3.1919929	1.5091
3.21108606	1.4271
3.24976564	1.318
3.27515997	1.2451
3.27712776	1.2252
3.2729933	1.2639
3.26828006	1.3488
3.26831616	1.4494
3.27425654	1.5221
3.2876708	1.5612
3.29318134	1.5795
3.28744484	1.5794
3.270428	1.5334
3.2540813	1.4428
3.25266588	1.3392
3.26841841	1.2544
3.28244841	1.2149
3.28503941	1.2029
3.27181927	1.2514
3.26442212	1.3365
3.27760196	1.4205
3.30170534	1.489
3.32285595	1.5165
3.3312511	1.5031
3.32994645	1.4575
3.33895261	1.403
3.34635571	1.3596
3.321158	1.3282
3.27538539	1.3174
3.23870765	1.3242
3.22350437	1.3608
3.2135401	1.4041
3.19801032	1.4502
3.18322357	1.481
3.18708164	1.4894
3.21157784	1.4748
3.25738061	1.4264
3.29530998	1.3683
3.29742191	1.3309
3.28896801	1.3247
3.27753661	1.3384
3.24987819	1.3552
3.20085323	1.3733
3.16077795	1.3909
3.1471897	1.4072
3.15711628	1.4274
3.1806884	1.4371
3.20572221	1.4227
3.2312449	1.3821
3.27847888	1.3261
3.34043192	1.3065
3.37598781	1.3554
3.35895561	1.4458
3.32509914	1.5086
3.30381068	1.5406
3.29194518	1.5534
3.27364675	1.5557
3.25492401	1.5388
3.24372525	1.4833
3.26292105	1.3919
3.31898177	1.2963
3.38425447	1.2653
3.42796002	1.292
3.41886688	1.3692
3.37421832	1.4642
3.32193466	1.5395
3.29084722	1.5653
3.26576628	1.5631
3.23711182	1.5413
3.21389675	1.4948
3.20878129	1.4331
3.2299203	1.3739
3.27639795	1.336
3.33088012	1.3336
3.35016557	1.3499
3.32349032	1.3836
3.27414505	1.4258
3.23678024	1.4595
3.21417662	1.484
3.19066339	1.4945
3.16634484	1.4681
3.16252466	1.4195
3.18308324	1.3828
3.21721304	1.3614
3.24355723	1.3537
3.25947086	1.3356
3.27041772	1.3279
3.27894146	1.3353
3.27391168	1.3693
3.25760403	1.4014
3.22608685	1.4206
3.20165361	1.4218
3.19479662	1.4212
3.20584324	1.4417
3.23052094	1.4751
3.26231807	1.4781
3.28767888	1.4603
3.30469579	1.4433
3.31203857	1.4409
3.30665103	1.4502
3.29071134	1.4552
3.2754517	1.4456
3.27529908	1.4352
3.28974157	1.436
3.31481626	1.4558
3.34562828	1.4782
3.3694301	1.475
3.37881718	1.4635
3.3722636	1.4519
3.35780348	1.4439
3.33306304	1.4362
3.29404904	1.4157
3.26040153	1.3827
3.24596525	1.3629
3.25985847	1.3579
3.29402736	1.3649
3.32572735	1.3612
3.33882888	1.3419
3.33631775	1.3233
3.32305594	1.3115
3.29309944	1.3116
3.24555326	1.3197
3.20903956	1.3284
3.19703745	1.3399
3.20034105	1.3671
3.20695407	1.4032
3.23295827	1.4322
3.28238966	1.4403
3.34547241	1.4282
3.393106	1.4097
3.40253621	1.3944
3.3848934	1.393
3.35095629	1.4055
3.31775131	1.4165
3.28085199	1.4317
3.25065915	1.4621
3.25051007	1.5221
3.272772	1.5671
3.29717447	1.5845
3.31482679	1.5558
3.33094896	1.5105
3.35487466	1.4586
3.37152839	1.4049
3.36545564	1.3595
3.3411422	1.3364
3.3207367	1.3292
3.31847517	1.3465
3.34036222	1.3912
3.364984	1.4523
3.38302199	1.4888
3.39544188	1.4915
3.40725661	1.4785
3.40903585	1.4558
3.38566323	1.414
3.34827378	1.3561
3.31762797	1.3098
3.29025762	1.2949
3.27055052	1.3159
3.25015079	1.3678
3.24616209	1.4066
3.26135361	1.4256
3.28703679	1.4224
3.31151204	1.4189
3.33126791	1.423
3.34084632	1.4171
3.35626752	1.3822
3.36142547	1.3437
3.35081932	1.3419
3.33146286	1.3866
3.31641521	1.4453
3.31653982	1.4766
3.32052996	1.4732
3.31396598	1.4446
3.30247404	1.4122
3.29528934	1.3767
3.30809435	1.314
3.32539159	1.2472
3.33278977	1.2024
3.31617225	1.2221
3.28642736	1.281
3.25655188	1.3397
3.25010172	1.3754
3.25668814	1.3787
3.25998306	1.377
3.26519557	1.3651
3.2926201	1.3327
3.35082435	1.2518
3.42673189	1.1027
3.49277483	0.9829
3.51240442	1.0119
3.48294237	1.1191
3.44509424	1.2205
3.40940081	1.3127
3.37562095	1.371
3.35008006	1.3897
3.33527582	1.3943
3.33449126	1.3861
3.34563023	1.3543
3.36630326	1.2943
3.39717634	1.2441
3.42925612	1.2383
3.47107904	1.2636
3.50070333	1.3128
3.5023031	1.3653
3.48520515	1.4046
3.46171809	1.4437
3.44490764	1.4697
3.44464569	1.4704
3.46381047	1.4309
3.47952616	1.3688
3.47655195	1.3155
3.45838064	1.2904
3.45675172	1.2772
3.48200602	1.2766
3.49640465	1.2991
3.49694101	1.3272
3.47607437	1.3635
3.45547944	1.3778
3.45459352	1.3549
3.48460867	1.3063
3.52537016	1.2676
3.54800521	1.2341
3.53133673	1.1989
3.49241492	1.1727
3.46786355	1.1866
3.45973738	1.2494
3.46262648	1.3202
3.46574208	1.3732
3.47249734	1.4002
3.4861071	1.4069
3.5162323	1.3801
3.56076005	1.3395
3.60236604	1.2921
3.60636427	1.268
3.56314854	1.2967
3.51460641	1.3635
3.48417078	1.4321
3.46843109	1.4752
3.44975316	1.494
3.43077432	1.505
3.42316174	1.5101
3.44013963	1.482
3.47605768	1.4176
3.52484511	1.3439
3.58535019	1.2868
3.63138009	1.2581
3.63304462	1.2597
3.58504274	1.2967
3.53443886	1.3567
3.48563111	1.422
3.4477529	1.4487
3.42492821	1.4446
3.42049037	1.4205
3.4312819	1.397
3.45887253	1.3556
3.50900509	1.2925
3.5768992	1.2097
3.63636963	1.1517
3.65764925	1.1338
3.62578428	1.159
3.56051363	1.1957
3.47307336	1.2341
3.39738462	1.2689
3.35661576	1.2893
3.35632731	1.302
3.37348286	1.3185
3.40220791	1.3285
3.44271028	1.3305
3.47762057	1.3361
3.48825539	1.3653
3.46469901	1.4079
3.41998345	1.4586
3.36611831	1.4951
3.32796913	1.5057
3.3055354	1.5026
3.29400648	1.4744
3.29598644	1.4335
3.31856164	1.3876
3.35784356	1.349
3.38597641	1.3428
3.3770611	1.3711
3.34067422	1.4256
3.30453095	1.4879
3.28603261	1.5371
3.28423037	1.5751
3.28505737	1.6039
3.2824987	1.6123
3.2825526	1.5801
3.30052123	1.5071
3.34139421	1.416
3.39747581	1.333
3.42838308	1.2958
3.41776499	1.3041
3.37339331	1.3483
3.32114974	1.4156
3.28989717	1.4774
3.28165049	1.5147
3.28211988	1.5292
3.28406822	1.5406
3.29245253	1.5343
3.31952852	1.4903
3.35814238	1.413
3.38902067	1.3442
3.38605116	1.3046
3.34893128	1.3128
3.30092715	1.349
3.26421576	1.3992
3.24336158	1.4565
3.23437465	1.5108
3.23770625	1.5513
3.26946722	1.5518
3.3193347	1.5026
3.3746997	1.4349
3.41928373	1.3821
3.43421289	1.3338
3.43870772	1.2965
3.43659575	1.2894
3.40664856	1.3262
3.3571056	1.3822
3.30598489	1.4318
3.28427366	1.4513
3.30409997	1.4464
3.33213846	1.4271
3.35729274	1.3932
3.39069295	1.3403
3.43011673	1.2868
3.46539804	1.2634
3.47668058	1.2791
3.43699409	1.3159
3.38051294	1.3508
3.33594708	1.3723
3.32417075	1.3971
3.3315637	1.4044
3.35283281	1.3915
3.39372554	1.3654
3.43916069	1.3286
3.48045758	1.298
3.51658263	1.2819
3.52759614	1.2801
3.50841307	1.2919
3.45501736	1.3138
3.39127712	1.3331
3.35653393	1.3477
3.36527626	1.3469
3.39904223	1.328
3.42290482	1.3037
3.4325487	1.2726
3.44892986	1.2338
3.47433173	1.2072
3.46546905	1.2074
3.41387299	1.2478
3.34208916	1.314
3.29735151	1.3623
3.29519771	1.391
3.32248269	1.404
3.35912849	1.384
3.38943123	1.3325
3.41477885	1.2619
3.441261	1.1944
3.48394574	1.1481
3.51988205	1.1319
3.52676041	1.1362
3.50048032	1.158
3.45974253	1.2089
3.44438875	1.2662
3.44114576	1.3261
3.44694863	1.3612
3.46070755	1.359
3.47964584	1.3159
3.49555376	1.267
3.51070858	1.2342
3.52518708	1.2269
3.53366238	1.2138
3.51939654	1.1984
3.48781019	1.2005
3.47243014	1.2347
3.48489851	1.2952
3.52153718	1.336
3.55842608	1.3497
3.58343004	1.3429
3.59624193	1.3348
3.59771828	1.3288
3.57944398	1.3103
3.52430519	1.2992
3.46352251	1.3113
3.42351282	1.3547
3.40577992	1.4126
3.39830476	1.4526
3.39784679	1.4588
3.41012245	1.4503
3.43412609	1.4334
3.4551878	1.4077
3.45319005	1.3647
3.42551547	1.3202
3.38450952	1.2933
3.3445015	1.3203
3.31442772	1.3845
3.29582203	1.4522
3.28861667	1.4853
3.29635424	1.4924
3.31984894	1.4841
3.36630058	1.4665
3.40972602	1.4412
3.43510269	1.3983
3.43419783	1.3644
3.41524342	1.348
3.39269788	1.3739
3.37700564	1.4247
3.35943605	1.4758
3.33655566	1.5072
3.31303439	1.5136
3.30003516	1.5057
3.30069728	1.4911
3.30874173	1.4537
3.31001355	1.388
3.29972656	1.3062
3.28035033	1.2304
3.26811785	1.203
3.27147917	1.2348
3.27845605	1.3
3.2844398	1.3661
3.28335631	1.4081
3.28745952	1.4438
3.30866552	1.4703
3.35113945	1.4728
3.40110016	1.4334
3.43311201	1.3711
3.41119783	1.318
3.36828333	1.2868
3.34836421	1.2816
3.35437504	1.3004
3.35334811	1.3446
3.33755439	1.406
3.3335583	1.4492
3.34747833	1.4663
3.37831339	1.4543
3.41586681	1.4121
3.44587701	1.3434
3.46526298	1.284
3.48125055	1.2596
3.47335594	1.2798
3.4275055	1.3302
3.3628452	1.3807
3.30745245	1.411
3.28377603	1.4187
3.29292095	1.4161
3.33047325	1.3965
3.38904503	1.3513
3.45065722	1.3017
3.50439835	1.2654
3.52766422	1.2912
3.51083295	1.3684
3.4594215	1.459
3.39162272	1.5125
3.33495349	1.5205
3.29972261	1.5098
3.28225113	1.5041
3.27718243	1.4932
3.30004509	1.4368
3.35996309	1.3503
3.43179779	1.2696
3.47370318	1.2401
3.48111469	1.3064
3.4763251	1.4134
3.45167672	1.5133
3.41750537	1.563
3.38250654	1.5719
3.34757666	1.5675
3.31345949	1.55
3.29498489	1.5029
3.29626816	1.403
3.31560499	1.2812
3.33927773	1.1861
3.35135143	1.1483
3.36621541	1.1905
3.39339413	1.2779
3.40786021	1.3885
3.40144389	1.4666
3.39787689	1.5107
3.41001227	1.5364
3.43771346	1.5419
3.46319127	1.4969
3.48002152	1.4087
3.48026465	1.3137
3.46822141	1.2394
3.47021128	1.2062
3.46912367	1.2006
3.43574887	1.2413
3.38647242	1.3008
3.34183971	1.3563
3.3138114	1.3926
3.31392986	1.4048
3.32546711	1.3961
3.34689096	1.3679
3.3642833	1.3326
3.37738303	1.2971
3.38402488	1.2731
3.40011618	1.2635
3.42119101	1.2729
3.44031324	1.2922
3.44002369	1.3217
3.43995066	1.3655
3.4656461	1.407
3.50038673	1.4304
3.52471685	1.4259
3.52471522	1.3946
3.50737555	1.3595
3.50574592	1.3176
3.49564129	1.2972
3.46805325	1.2858
3.41111344	1.2839
3.35177398	1.2875
3.33386376	1.2987
3.3557494	1.3142
3.39862362	1.3175
3.45441672	1.3038
3.5013871	1.2916
3.54387056	1.2729
3.58149765	1.2745
3.60520394	1.2906
3.58946221	1.3249
3.53753613	1.3485
3.47171769	1.3546
3.43219743	1.3516
3.42830643	1.3373
3.45328961	1.3016
3.49337077	1.2568
3.54213578	1.1987
3.59805293	1.1658
3.62506758	1.1707
3.60265554	1.2009
3.55077808	1.228
3.47115898	1.2529
3.39314145	1.2638
3.34717883	1.2684
3.32264407	1.2545
3.32765601	1.2127
3.35868958	1.1594
3.40857488	1.1188
3.48403929	1.1127
3.56655981	1.1356
3.60831462	1.1705
3.59788864	1.2058
3.53494393	1.2509
3.4650714	1.3226
3.42320006	1.3829
3.39638994	1.4137
3.38902717	1.4025
3.38890389	1.3769
3.39412934	1.3374
3.41631361	1.2914
3.44374226	1.2508
3.45711986	1.2237
3.43998296	1.2209
3.40105286	1.2374
3.3753176	1.2506
3.36835935	1.2506
3.37614128	1.2242
3.39782264	1.1869
3.43106682	1.1603
3.48039425	1.1401
3.54268445	1.1148
3.58100962	1.0839
3.58585951	1.0835
3.5593523	1.1323
3.50063013	1.2119
3.4388976	1.2616
3.38821948	1.2672
3.35352341	1.2427
3.34426688	1.2245
3.36143843	1.2133
3.39068179	1.1985
3.41463141	1.1648
3.42911749	1.13
3.42661301	1.12
3.42691996	1.1328
3.42864259	1.1617
3.42202304	1.2016
3.40561825	1.239
3.39477436	1.2681
3.40853412	1.2784
3.43924571	1.2654
3.47913942	1.2529
3.505824	1.2493
3.51639185	1.2224
3.52162966	1.1832
3.5279715	1.1538
3.52616535	1.1525
3.51871865	1.1627
3.51745882	1.1722
3.52579818	1.1686
3.5388235	1.1605
3.54473559	1.1556
3.55214177	1.1529
3.56605283	1.1567
3.59399961	1.1622
3.62068237	1.1746
3.62595945	1.1829
3.61659371	1.1774
3.59711112	1.1579
3.59564628	1.1404
3.61211863	1.1356
3.61161297	1.1511
3.60335839	1.1578
3.58830049	1.1503
3.55784329	1.1584
3.52964885	1.2023
3.50085348	1.2511
3.48149927	1.2926
3.4809858	1.304
3.46029557	1.3019
3.42005731	1.3013
3.37111027	1.2917
3.3454969	1.2708
3.36690135	1.2288
3.39893428	1.1874
3.40788319	1.1771
3.3906812	1.2097
3.38253307	1.2688
3.3975417	1.333
3.41541072	1.3777
3.40689074	1.4102
3.37986678	1.4233
3.36449	1.4153
3.36774421	1.3834
3.40038049	1.3313
3.44655286	1.2806
3.48034994	1.2509
3.48057695	1.2465
3.46576691	1.2532
3.44888502	1.2799
3.43061122	1.3261
3.40160314	1.3774
3.37088952	1.4119
3.35224949	1.4275
3.34327682	1.4281
3.34463287	1.4142
3.36372761	1.3871
3.40413458	1.3578
3.44780573	1.3427
3.47965753	1.3309
3.49087816	1.326
3.47846916	1.3412
3.45539687	1.3721
3.42915373	1.401
3.40787996	1.416
3.39136558	1.4101
3.38007773	1.3942
3.37042123	1.3706
3.3781674	1.3516
3.39584453	1.3538
3.42208824	1.3759
3.43888542	1.3905
3.44001335	1.3877
3.43424907	1.3687
3.42520065	1.3479
3.43432867	1.3366
3.45194874	1.3505
3.46770136	1.369
3.46569865	1.381
3.45763945	1.3859
3.46098634	1.3933
3.46437721	1.395
3.45636095	1.385
3.42615001	1.3734
3.38771749	1.3506
3.36275245	1.3296
3.35903167	1.302
3.36705451	1.2774
3.39221522	1.2676
3.43245373	1.2729
3.47803	1.2901
3.5127332	1.3067
3.53014403	1.3288
3.5283036	1.3543
3.5076651	1.3708
3.47094036	1.3735
3.43332055	1.3624
3.40927068	1.3453
3.41022443	1.3382
3.4280548	1.3473
3.44645935	1.3781
3.46003046	1.4146
3.45952914	1.4432
3.4565062	1.4607
3.45557739	1.4745
3.46277845	1.4744
3.47238063	1.4554
3.47306576	1.4174
3.48251701	1.3595
3.51313921	1.3076
3.5436117	1.2888
3.55887652	1.2978
3.54455839	1.3228
3.50414019	1.3556
3.45675406	1.3813
3.41603861	1.4003
3.40302869	1.4088
3.41887847	1.3961
3.45061361	1.3679
3.47878767	1.327
3.50899	1.2777
3.53086409	1.2433
3.55683279	1.2259
3.58224357	1.222
3.58547747	1.2391
3.55536651	1.2772
3.51638966	1.3297
3.48993163	1.3824
3.49944389	1.4225
3.53390284	1.4505
3.57025902	1.458
3.59712439	1.4473
3.61960759	1.4242
3.62321925	1.3932
3.61614044	1.3617
3.60714983	1.3311
3.60042568	1.3066
3.58258762	1.2985
3.54206077	1.3059
3.48618339	1.3407
3.44930453	1.3763
3.45225545	1.4024
3.48306313	1.4205
3.50932892	1.4336
3.51380137	1.4407
3.50781935	1.4361
3.4980332	1.4212
3.50606243	1.3933
3.52589705	1.3762
3.53889932	1.3579
3.53416387	1.3468
3.51369478	1.3561
3.49968236	1.378
3.48090699	1.4123
3.45013873	1.4358
3.41141802	1.4362
3.37369605	1.4372
3.35855901	1.4329
3.36071768	1.4233
3.37797929	1.3922
3.40753893	1.3392
3.43770229	1.2978
3.45826586	1.2842
3.4669612	1.3064
3.45152066	1.3461
3.40253231	1.3864
3.34251943	1.435
3.29660066	1.4786
3.28164193	1.5174
3.28995841	1.5429
3.30355293	1.561
3.32612008	1.5561
3.36317454	1.5219
3.42297814	1.4725
3.50066035	1.4197
3.55375659	1.3907
3.54432832	1.3813
3.47975664	1.3888
3.40018155	1.4069
3.34656648	1.4347
3.32908901	1.4552
3.32540978	1.4622
3.33401466	1.4449
3.35630075	1.4109
3.40833129	1.3734
3.46819942	1.3305
3.50817692	1.2955
3.49273566	1.2724
3.43471445	1.2731
3.36627613	1.3025
3.31539393	1.3405
3.2819526	1.3824
3.27131522	1.4072
3.28605856	1.4185
3.32554014	1.4219
3.37254182	1.4406
3.41789522	1.4582
3.44725473	1.4638
3.44935778	1.4382
3.42421853	1.3999
3.38576873	1.3824
3.34194899	1.3896
3.29459506	1.4153
3.26139844	1.4296
3.24433684	1.4343
3.24581467	1.4333
3.25553873	1.4297
3.27068551	1.4266
3.29314445	1.4231
3.31522397	1.4211
3.32615627	1.4205
3.32649262	1.4196
3.3290135	1.4266
3.34954568	1.4352
3.37371673	1.44
3.38954176	1.4339
3.39189042	1.4139
3.38386739	1.395
3.37417605	1.3719
3.35575155	1.3426
3.33234644	1.3164
3.31791475	1.2958
3.31288533	1.2919
3.3156988	1.2992
3.31964909	1.3273
3.3197669	1.3612
3.31602868	1.3775
3.30189877	1.385
3.29466181	1.3955
3.29831653	1.4042
3.29301604	1.4061
3.26942335	1.3977
3.23594501	1.3854
3.21664757	1.3777
3.21724972	1.3817
3.23399365	1.3869
3.25591566	1.3903
3.2810907	1.3855
3.30963789	1.3735
3.33810285	1.3707
3.35905565	1.3855
3.35667988	1.4145
3.33428709	1.4542
3.31400514	1.4928
3.30780241	1.5213
3.31989244	1.5356
3.33386362	1.5288
3.34122605	1.5022
3.33984731	1.4521
3.33727378	1.3887
3.35305497	1.3303
3.37813042	1.2906
3.39445707	1.2789
3.37671677	1.2914
3.35192006	1.3281
3.35119156	1.3787
3.37252515	1.4285
3.38439522	1.4601
3.38393871	1.4575
3.36596445	1.4415
3.34463645	1.4237
3.31851098	1.4038
3.29467758	1.3915
3.28732124	1.3858
3.30220819	1.3864
3.31643594	1.4046
3.32482451	1.4352
3.33714292	1.4796
3.34597326	1.5005
3.35500555	1.4938
3.35819443	1.4712
3.35459225	1.446
3.3490754	1.4213
3.34689297	1.4021
3.35565272	1.3842
3.38166449	1.3728
3.42003879	1.3798
3.46194633	1.395
3.50240805	1.4127
3.51746258	1.4208
3.49500231	1.4043
3.44747545	1.3943
3.39544871	1.3902
3.35367791	1.3731
3.3122507	1.3532
3.28045717	1.337
3.2737339	1.3363
3.30304151	1.3574
3.36099926	1.378
3.42424561	1.3796
3.48659953	1.3622
3.53782194	1.346
3.58579946	1.3315
3.62189858	1.311
3.63212159	1.285
3.62058049	1.2562
3.58625054	1.2369
3.55466644	1.2449
3.52760233	1.2722
3.51252263	1.2981
3.49785098	1.305
3.49244458	1.2959
3.49792522	1.2765
3.50213683	1.2578
3.49645656	1.2398
3.47826449	1.2121
3.44387944	1.191
3.41673147	1.1982
3.39763332	1.2378
3.38415009	1.2928
3.37458155	1.3382
3.36671391	1.3585
3.36883818	1.3583
3.38520464	1.3438
3.40563335	1.3299
3.42948924	1.3124
3.45664379	1.2882
3.48738294	1.2633
3.51441869	1.2566
3.52604757	1.2782
3.52353614	1.3068
3.51114571	1.3307
3.48529929	1.3454
3.46398597	1.3475
3.44413879	1.3459
3.42566414	1.3353
3.40892287	1.3214
3.38362635	1.305
3.36265097	1.2939
3.34005996	1.2928
3.31348208	1.2933
3.29855944	1.2758
3.30360984	1.2558
3.32456816	1.2594
3.3586445	1.2747
3.39691507	1.2679
3.44288671	1.211
3.48182439	1.1544
3.49164268	1.1348
3.45653118	1.1723
3.40855124	1.2268
3.3706563	1.257
3.3321644	1.2595
3.29429427	1.2668
3.27619617	1.287
3.28153033	1.3064
3.30505325	1.299
3.34325767	1.2592
3.3948473	1.2106
3.44544836	1.171
3.49073826	1.1506
3.52727647	1.1617
3.54101212	1.1883
3.50951022	1.2177
3.45244129	1.2607
3.41469621	1.3023
3.40785576	1.3163
3.4188344	1.3002
3.45233129	1.2624
3.49902382	1.2196
3.55187098	1.1854
3.60247183	1.1592
3.63826021	1.1497
3.62939496	1.1512
3.56291009	1.1542
3.47120784	1.1872
3.39610452	1.2286
3.34513342	1.2707
3.32926626	1.2909
3.34031852	1.2942
3.38325707	1.2826
3.44799391	1.2666
3.5207583	1.2308
3.59450883	1.1843
3.65723205	1.1437
3.67225181	1.1147
3.62885326	1.1037
3.54873893	1.1012
3.47625248	1.1196
3.42191497	1.1393
3.36767762	1.1666
3.3315586	1.204
3.32891048	1.2397
3.36716706	1.2602
3.40576907	1.2542
3.41706896	1.2383
3.39608028	1.211
3.35739313	1.1883
3.31836785	1.1822
3.28131105	1.1906
3.24277375	1.1982
3.21952808	1.2006
3.23900823	1.1898
3.30149285	1.1778
3.37375692	1.1848
3.43218856	1.1956
3.46204776	1.2004
3.47327417	1.1952
3.47144269	1.1942
3.45784111	1.2112
3.44265167	1.2586
3.42572816	1.3009
3.42332191	1.3204
3.43607519	1.3164
3.44513098	1.3087
3.44542833	1.3074
3.44007777	1.3025
3.4299578	1.2749
3.4228587	1.228
3.41662894	1.1803
3.41748367	1.1645
3.42439368	1.1574
3.43167211	1.151
3.42748548	1.1597
3.4134801	1.2039
3.40647243	1.2641
3.41503804	1.3249
3.42098557	1.359
3.42494798	1.3864
3.41823146	1.412
3.40343463	1.4352
3.39318355	1.4247
3.39453782	1.3712
3.39790306	1.2982
3.38467162	1.241
3.36770413	1.2216
3.36120211	1.2271
3.36037206	1.2622
3.36297763	1.3029
3.37055773	1.3556
3.38061913	1.405
3.39041162	1.4355
3.40476658	1.4232
3.41209513	1.3744
3.40677162	1.3167
3.40602084	1.2666
3.42536486	1.2269
3.45111332	1.2079
3.45980318	1.2118
3.44374853	1.2482
3.41971325	1.3008
3.3973723	1.3529
3.38803106	1.3829
3.38495128	1.3821
3.37628466	1.3614
3.36939143	1.3392
3.37150318	1.3384
3.37744875	1.3621
3.39309124	1.3834
3.40397494	1.3971
3.41203092	1.3992
3.42067294	1.4006
3.43360926	1.3986
3.44528067	1.3706
3.45016838	1.2948
3.44366955	1.2024
3.42850287	1.1205
3.42908085	1.085
3.45847972	1.0922
3.49332737	1.1286
3.5089601	1.1715
3.51474969	1.2026
3.52360947	1.2284
3.553653	1.2364
3.59894538	1.2108
3.64040702	1.1555
3.66159906	1.1028
3.66245253	1.1033
3.64187375	1.1407
3.60222752	1.176
3.54487017	1.2161
3.50750131	1.2432
3.47075896	1.2583
3.45084246	1.2387
3.45208681	1.2011
3.48169236	1.1506
3.51220606	1.11
3.53917962	1.0847
3.53419547	1.1038
3.51440429	1.1641
3.48639747	1.2515
3.44739567	1.3361
3.41711567	1.4099
3.38869238	1.4429
3.37595919	1.4282
3.37683834	1.3911
3.38161251	1.3568
3.3945166	1.3093
3.42619594	1.2493
3.47510041	1.1701
3.52509351	1.1395
3.53914796	1.1396
3.52571627	1.1825
3.5067539	1.2337
3.49338182	1.2683
3.47416453	1.2761
3.44299738	1.2711
3.4142467	1.2592
3.41659889	1.2427
3.45447873	1.2193
3.5056237	1.2003
3.54706606	1.1816
3.56333599	1.1829
3.56366269	1.1894
3.54966007	1.2039
3.51387341	1.2137
3.45269162	1.2144
3.39219576	1.2147
3.34637913	1.2134
3.33448296	1.2076
3.35080825	1.2127
3.38409254	1.227
3.43817184	1.25
3.49852694	1.2555
3.56303389	1.2396
3.59770447	1.2221
3.58699788	1.2043
3.54289106	1.1866
3.48953411	1.1615
3.43159988	1.1542
3.36904328	1.1664
3.3251133	1.1823
3.32082674	1.1857
3.35724387	1.1791
3.40016129	1.1688
3.42950947	1.1672
3.4543846	1.1544
3.46619114	1.1417
3.46795031	1.1666
3.4407031	1.2061
3.3946929	1.2478
3.36110585	1.2825
3.34450957	1.3054
3.339486	1.3151
3.34610349	1.2993
3.37783947	1.2609
3.4339471	1.2126
3.49949743	1.1637
3.55329997	1.1317
3.58254801	1.1162
3.5963831	1.1181
3.60995339	1.1343
3.60891309	1.1705
3.57368342	1.2076
3.51943595	1.2332
3.4582097	1.2429
3.4067945	1.2277
3.38304574	1.1982
3.37145048	1.1749
3.37200026	1.1539
3.37672414	1.1404
3.37608648	1.1373
3.382635	1.1396
3.40376473	1.1649
3.43872421	1.2002
3.46168688	1.235
3.46349863	1.259
3.45133258	1.2772
3.43500867	1.2906
3.41992982	1.3004
3.40477648	1.317
3.37388115	1.3364
3.33507188	1.3601
3.31503637	1.3869
3.31269968	1.4114
3.32557093	1.4272
3.34011199	1.4239
3.35242673	1.3858
3.35797628	1.3203
3.35445505	1.2562
3.35021847	1.207
3.34663973	1.1822
3.350138	1.1819
3.34736123	1.1933
3.33237784	1.2211
3.31391546	1.2591
3.31081173	1.3033
3.34432071	1.3358
3.389239	1.345
3.44781313	1.3343
3.51806291	1.3059
3.60208201	1.2808
3.70130171	1.2539
3.76912808	1.2375
3.77349298	1.2397
3.70316342	1.2496
3.60435848	1.2705
3.51948135	1.3039
3.4617695	1.329
3.4141123	1.334
3.3854029	1.3263
3.3943631	1.3039
3.44219371	1.2605
3.5085099	1.2218
3.57097676	1.1956
3.60986257	1.196
3.61661363	1.2197
3.5923794	1.2652
3.57006905	1.3011
3.56120911	1.3142
3.56736552	1.3048
3.58472187	1.2871
3.6134864	1.2675
3.66475079	1.2388
3.7329425	1.2043
3.80894433	1.1639
3.86206118	1.1432
3.85822592	1.1604
3.78893576	1.2034
3.68879342	1.2496
3.59951016	1.278
3.54379756	1.2854
3.52381221	1.269
3.52071718	1.2343
3.5374864	1.189
3.58019775	1.147
3.65933824	1.1143
3.75784466	1.1041
3.82573314	1.1212
3.84776623	1.1608
3.81449584	1.2191
3.76091721	1.2796
3.7126432	1.3317
3.67341078	1.3619
3.64229217	1.3638
3.61631169	1.3424
3.59140937	1.2979
3.5617615	1.2634
3.54289348	1.2506
3.52266086	1.2698
3.51017667	1.3056
3.49131227	1.3494
3.48110326	1.3851
3.47249923	1.4014
3.46526247	1.39
3.4497882	1.3639
3.45533139	1.3046
3.48240107	1.2294
3.52887269	1.1521
3.56609569	1.1115
3.57642923	1.0962
3.56628385	1.1095
3.56396194	1.1381
3.57289512	1.1735
3.57487086	1.2195
3.56313257	1.25
3.52896263	1.2644
3.51395542	1.2698
3.52024642	1.267
3.53079547	1.2661
3.50950904	1.281
3.4730224	1.2972
3.45648291	1.2963
3.45496653	1.2958
3.45763641	1.3045
3.44857736	1.3262
3.43652298	1.3358
3.4428119	1.3218
3.47336589	1.2977
3.50839589	1.281
3.52294057	1.2864
3.51292937	1.2915
3.48659182	1.2961
3.45668783	1.3062
3.43562136	1.3098
3.40138752	1.3115
3.36107458	1.3305
3.33742483	1.344
3.35407611	1.3456
3.40394062	1.3236
3.46026482	1.3029
3.50148754	1.2912
3.54134738	1.2808
3.58665909	1.28
3.61844417	1.2919
3.60536901	1.3052
3.54686793	1.3227
3.48516297	1.3325
3.4510882	1.3278
3.45614983	1.3002
3.48794138	1.267
3.53185899	1.2427
3.57449317	1.2367
3.63443839	1.2224
3.69185164	1.2041
3.70345602	1.2017
3.66930385	1.2139
3.61890465	1.2338
3.56362117	1.2424
3.5276379	1.2376
3.50671471	1.2269
3.50257501	1.2224
3.52556229	1.2056
3.58788151	1.1711
3.67849824	1.1429
3.74008652	1.1305
3.73725445	1.1531
3.70112817	1.2089
3.65766253	1.2877
3.60623084	1.3544
3.54627334	1.4041
3.49691355	1.4133
3.47487918	1.3851
3.48179288	1.3318
3.51414137	1.2668
3.54173026	1.1945
3.55221163	1.1454
3.54706993	1.1248
3.529712	1.1406
3.51333791	1.179
3.49802964	1.221
3.48330774	1.2534
3.47480231	1.2604
3.48742542	1.2622
3.53393093	1.252
3.59696262	1.2439
3.66227993	1.2267
3.70775139	1.1939
3.71476842	1.1589
3.67678609	1.1501
3.60774768	1.178
3.53547772	1.2283
3.47833702	1.2668
3.43738168	1.2856
3.40338427	1.2881
3.38540423	1.2812
3.38944302	1.249
3.41991547	1.2023
3.45646136	1.1518
3.47020985	1.1067
3.43880022	1.0817
3.39191367	1.0951
3.3805643	1.1314
3.39921641	1.1867
3.42147255	1.2456
3.44986985	1.2875
3.49922486	1.2985
3.57100071	1.2696
3.65946521	1.2249
3.7276137	1.1706
3.74187661	1.1192
3.69904728	1.0674
3.61926098	1.0196
3.54072197	0.9868
3.47443677	0.9838
3.43574075	1.0021
3.41526474	1.0619
3.42389347	1.1374
3.45941032	1.1909
3.50205137	1.233
3.53755485	1.2589
3.56355097	1.2712
3.56975127	1.2625
3.5649719	1.2341
3.56158569	1.1938
3.57443799	1.1469
3.59011068	1.1073
3.60648024	1.0801
3.62859878	1.0653
3.65987405	1.061
3.66976269	1.0868
3.66669554	1.1209
3.65405806	1.149
3.63166502	1.1826
3.60656776	1.2353
3.58690875	1.2956
3.56647516	1.3294
3.5534326	1.3269
3.56202753	1.2992
3.6008001	1.2625
3.67632804	1.2166
3.74470881	1.1564
3.79829737	1.1054
3.83298223	1.0775
3.84970461	1.0933
3.84159849	1.154
3.8110305	1.2343
3.77528968	1.2833
3.75237927	1.2883
3.74836935	1.2655
3.74502441	1.2205
3.72333444	1.1522
3.68538009	1.0466
3.63970391	0.9421
3.60752813	0.8759
3.56937019	0.8899
3.51693366	0.9619
3.45019792	1.0544
3.39513068	1.1379
3.37943222	1.2015
3.39947328	1.2439
3.44466521	1.2636
3.51622856	1.2488
3.60462274	1.1951
3.69121867	1.1299
3.74519842	1.0766
3.73383118	1.0662
3.65838404	1.0807
3.56146739	1.1138
3.4832827	1.1449
3.43417947	1.1682
3.42144754	1.2009
3.43337061	1.2381
3.46689643	1.2596
3.50538237	1.2675
3.54536169	1.2494
3.5568704	1.2329
3.53145363	1.2204
3.48166314	1.2094
3.43745754	1.1907
3.41995116	1.1777
3.42223269	1.1792
3.43707295	1.2043
3.46513182	1.2322
3.51563199	1.2551
3.58011456	1.265
3.62204922	1.2851
3.63145432	1.3206
3.60109711	1.3627
3.55043273	1.3843
3.49128231	1.3707
3.43883916	1.3248
3.39688213	1.2702
3.37080423	1.2184
3.3537082	1.162
3.35867969	1.1016
3.3925839	1.0549
3.44319762	1.0357
3.49127301	1.0605
3.52989778	1.1069
3.56047392	1.1429
3.56615638	1.1584
3.54179604	1.1583
3.49212132	1.1609
3.45012541	1.1658
3.42201834	1.1572
3.41917758	1.13
3.43674062	1.106
3.47054861	1.107
3.51486475	1.1408
3.55129369	1.1894
3.56652017	1.2228
3.54872906	1.2257
3.5188501	1.2028
3.51465468	1.1775
3.53659352	1.147
3.583948	1.094
3.62189788	1.0265
3.62152644	0.9727
3.57628932	0.9607
3.52838161	0.9879
3.49843007	1.0326
3.46319571	1.0837
3.42697814	1.1352
3.4008749	1.1999
3.41003241	1.247
3.45992662	1.268
3.54889377	1.2597
3.64822359	1.2303
3.70346569	1.2024
3.69135236	1.1734
3.60738493	1.1609
3.48423637	1.1655
3.36671703	1.1699
3.27112601	1.1816
3.22038893	1.2025
3.1985032	1.2303
3.19715665	1.2419
3.22897408	1.2285
3.29865742	1.2025
3.41515178	1.1733
3.540274	1.1574
3.62113763	1.1573
3.62636958	1.1669
3.58241883	1.1881
3.52871658	1.2139
3.48472075	1.2285
3.45707529	1.2186
3.4657456	1.1775
3.50439492	1.1191
3.58117129	1.0598
3.65043968	1.0237
3.66686987	1.0195
3.63090106	1.046
3.55945486	1.1116
3.47623847	1.1989
3.41233623	1.2845
3.36433679	1.347
3.34699518	1.3732
3.34665172	1.3699
3.37085082	1.3279
3.42387292	1.2593
3.48101691	1.2111
3.49681056	1.2088
3.4608769	1.2312
3.40495011	1.2609
3.35521653	1.3094
3.32242108	1.3592
3.31043648	1.3911
3.30256463	1.3852
3.30521905	1.3418
3.34154502	1.2703
3.41758777	1.2055
3.50197327	1.1823
3.5549191	1.192
3.54505021	1.2295
3.47508239	1.2965
3.39634884	1.375
3.33612829	1.4533
3.31243531	1.485
3.31868586	1.4708
3.3559254	1.4208
3.42374188	1.3481
3.52947456	1.2526
3.66535498	1.1616
3.76211537	1.1153
3.78715913	1.1158
3.72598911	1.1638
3.5974857	1.2473
3.45923035	1.343
3.36890827	1.4087
3.33225183	1.4332
3.34022324	1.4286
3.39035722	1.387
3.48748898	1.298
3.58836948	1.1861
3.64046195	1.0826
3.61978178	1.0137
3.56483953	1.0155
3.52344534	1.0779
3.47217058	1.1664
3.40954787	1.2556
3.36347601	1.3273
3.37152435	1.3623
3.41864553	1.3693
3.50368544	1.3346
3.59107756	1.2894
3.65544802	1.2562
3.66385387	1.2627
3.62524489	1.3036
3.5598921	1.3698
3.5013602	1.4304
3.45519493	1.4568
3.42374933	1.4605
3.42092754	1.4399
3.43998896	1.392
3.47667131	1.3048
3.51295873	1.2131
3.52558671	1.1593
3.50118098	1.1774
3.45063599	1.2591
3.39332713	1.3643
3.34869937	1.454
3.32060246	1.5017
3.32302304	1.5178
3.36206264	1.5051
3.43495746	1.4486
3.53128928	1.3406
3.61430425	1.2217
3.63626541	1.1474
3.61972726	1.1253
3.56503925	1.1616
3.47146616	1.2569
3.37612507	1.364
3.31936087	1.4351
3.31045923	1.4645
3.33906436	1.4646
3.39493189	1.4255
3.45674439	1.3547
3.50122779	1.2671
3.50915219	1.2108
3.49932084	1.1925
3.4673749	1.2417
3.42606884	1.324
3.39295619	1.3931
3.36382911	1.4389
3.35600087	1.4556
3.37406575	1.4551
3.41918457	1.423
3.47533526	1.357
3.52281765	1.2747
3.54187026	1.2026
3.52422429	1.1882
3.48675745	1.2355
3.45272297	1.3126
3.40669699	1.3915
3.3736337	1.4329
3.36358944	1.4509
3.38266555	1.4548
3.41587771	1.44
3.45337543	1.3925
3.4794915	1.3295
3.48910078	1.2956
3.48761686	1.2999
3.47396168	1.3435
3.44717384	1.3772
3.41337177	1.3972
3.39317728	1.3999
3.39664032	1.3805
3.42407446	1.3328
3.46892522	1.2474
3.50128229	1.1632
3.52582352	1.1064
3.53375571	1.1021
3.51828277	1.1588
3.48522231	1.2612
3.42845401	1.375
3.37681604	1.4511
3.33247585	1.4898
3.30990465	1.4971
3.31432887	1.4767
3.33537641	1.4038
3.36867817	1.2856
3.40831254	1.1591
3.44033796	1.087
3.45851134	1.0973
3.45830912	1.1828
3.4394962	1.3019
3.39952133	1.4206
3.36396213	1.4971
3.34754761	1.5351
3.35078573	1.5539
3.35793137	1.5327
3.36633509	1.4438
3.38655387	1.3035
3.40490669	1.1936
3.41941041	1.1296
3.43020949	1.1266
3.4090165	1.1663
3.36350653	1.2304
3.32025087	1.3057
3.29891181	1.3598
3.30678158	1.4055
3.33443802	1.4098
3.38564553	1.3834
3.45047704	1.3459
3.5209813	1.2996
3.56986543	1.2696
3.58462633	1.2513
3.55559928	1.2686
3.49481664	1.3112
3.43530043	1.3523
3.38761931	1.3682
3.35820816	1.3532
3.35496619	1.3284
3.375701	1.3193
3.41423906	1.2918
3.44991823	1.2688
3.45210487	1.2418
3.42192222	1.2442
3.37542427	1.264
3.32276571	1.2927
3.27119142	1.3248
3.24212616	1.3478
3.24484172	1.3573
3.26666429	1.34
3.31898594	1.304
3.381926	1.2588
3.44504242	1.2165
3.50488081	1.1913
3.53635121	1.2135
3.51668112	1.2578
3.45627127	1.3086
3.39643739	1.3424
3.35463695	1.361
3.33654574	1.3674
3.33104854	1.3802
3.33936334	1.3638
3.36030616	1.3249
3.39883584	1.2744
3.44625066	1.2451
3.47919882	1.2436
3.485589	1.2745
3.46597149	1.3018
3.42782903	1.3127
3.39796299	1.3179
3.3712502	1.3298
3.35227172	1.3421
3.35782513	1.3357
3.38552945	1.3083
3.41948123	1.2835
3.45351978	1.2707
3.47069014	1.2803
3.47898771	1.3009
3.4627679	1.3166
3.4152498	1.3393
3.34935266	1.357
3.29189188	1.3592
3.25397322	1.355
3.23280771	1.3323
3.22251807	1.3087
3.23059441	1.2934
3.26229196	1.2973
3.31320922	1.3103
3.33929219	1.3369
3.33885204	1.3615
3.33062401	1.3866
3.33489971	1.4062
3.35126403	1.4066
3.36689907	1.3831
3.36358743	1.3462
3.3485406	1.2973
3.34937242	1.2586
3.36684731	1.2489
3.37986753	1.266
3.36310796	1.3073
3.32981874	1.3434
3.3150742	1.375
3.32264244	1.3899
3.34042375	1.3879
3.35626919	1.3558
3.36595135	1.3208
3.39231153	1.28
3.44927222	1.2365
3.50955903	1.1895
3.53881859	1.1515
3.53729166	1.1391
3.51225436	1.143
3.47407808	1.166
3.42983443	1.2126
3.39129125	1.2542
3.37002077	1.2871
3.36261008	1.3171
3.37227486	1.3325
3.38976574	1.3309
3.40923367	1.3073
3.42105135	1.2593
3.41697424	1.2108
3.3986531	1.1796
3.3685033	1.182
3.32986397	1.2077
3.2932091	1.2304
3.28287409	1.2539
3.29579228	1.268
3.32543048	1.2686
3.36055877	1.2511
3.40675788	1.1983
3.49075757	1.1145
3.57648119	1.0418
3.63945327	0.9906
3.66145855	0.9732
3.65177211	0.9792
3.63325814	1.0091
3.610718	1.0552
3.5623334	1.1216
3.51295418	1.2014
3.47528997	1.256
3.46553126	1.275
3.46987937	1.2647
3.47109787	1.2486
3.45425618	1.2441
3.42884259	1.2372
3.39921097	1.2226
3.37868574	1.2062
3.37656791	1.2045
3.37599509	1.2107
3.38109445	1.208
3.39646254	1.2042
3.43152003	1.2002
3.47021712	1.2174
3.49204179	1.2453
3.49209517	1.271
3.47404587	1.2976
3.45347955	1.3241
3.4369177	1.3437
3.4167214	1.3622
3.39619621	1.3521
3.38158888	1.3115
3.38686563	1.2636
3.4224834	1.216
3.45786359	1.1878
3.47202421	1.1558
3.47851675	1.1274
3.48223867	1.1174
3.49834124	1.1252
3.50876948	1.1538
3.50571509	1.1733
3.48723109	1.1789
3.47445587	1.178
3.48634906	1.1741
3.50630286	1.1631
3.50836617	1.1441
3.48954573	1.1177
3.4600103	1.1039
3.4521326	1.1124
3.45497735	1.1518
3.46318735	1.1853
3.47819088	1.2092
3.5085291	1.2149
3.56292514	1.1978
3.63033705	1.1864
3.69000953	1.1608
3.70827988	1.1327
3.67517994	1.115
3.61163393	1.1244
3.55079527	1.1537
3.50255023	1.1965
3.47528702	1.2398
3.46465824	1.2768
3.49128774	1.293
3.5678484	1.277
3.67289323	1.2468
3.781402	1.2079
3.85122092	1.1726
3.82667742	1.1428
3.73008132	1.1167
3.61401585	1.1126
3.50798579	1.1256
3.41669489	1.1471
3.37490105	1.1519
3.38995286	1.1367
3.47099766	1.1118
3.57971975	1.091
3.66699144	1.0822
3.71343868	1.0828
3.68467672	1.0876
3.60288442	1.0842
3.48374041	1.0814
3.37012618	1.0813
3.3022521	1.0815
3.28649554	1.07
3.31043862	1.0498
3.36629104	1.0226
3.44930398	0.9946
3.53593576	0.982
3.58831455	1.0011
3.57463879	1.0552
3.51515348	1.147
3.452267	1.2566
3.41280859	1.3322
3.40252527	1.3457
3.4205483	1.32
3.46287711	1.2704
3.52731694	1.2095
3.58567741	1.1492
3.62033639	1.0833
3.61361717	1.0585
3.58562548	1.0814
3.53085691	1.1448
3.47413469	1.2232
3.45089392	1.2808
3.46941558	1.3032
3.52624343	1.2935
3.62708955	1.2492
3.74531504	1.1782
3.83452765	1.0971
3.84184172	1.0313
3.75997971	1.0048
3.62747007	1.0161
3.49085348	1.0583
3.39083787	1.1178
3.3196331	1.1858
3.30913775	1.2413
3.35241398	1.2686
3.44593262	1.2553
3.57722676	1.2127
3.68468748	1.1708
3.74846363	1.1236
3.75764176	1.0793
3.70844033	1.0507
3.61219122	1.0509
3.47991492	1.0921
3.36767682	1.1557
3.3249213	1.2166
3.34100595	1.2394
3.391573	1.243
3.46072008	1.2443
3.55124448	1.2286
3.64159288	1.1971
3.69697858	1.1507
3.68717752	1.129
3.62527081	1.1415
3.55899187	1.1752
3.49882677	1.2114
3.45589077	1.2244
3.43085811	1.2277
3.43015882	1.2211
3.445205	1.2114
3.47288275	1.1988
3.50500144	1.1889
3.52241499	1.1995
3.53348294	1.2299
3.53258226	1.2837
3.52596927	1.3377
3.51679224	1.3605
3.5104872	1.3486
3.5052844	1.3254
3.49535053	1.2885
3.47710744	1.2382
3.47440167	1.1779
3.49131573	1.136
3.49394444	1.1334
3.46398499	1.1998
3.43991121	1.2849
3.42666908	1.3625
3.42785081	1.4099
3.41803456	1.4467
3.40617634	1.4645
3.39443083	1.4393
3.38575344	1.365
3.38999523	1.2639
3.39052999	1.1846
3.3977433	1.1609
3.43058673	1.1856
3.46707703	1.2339
3.48413668	1.2917
3.49017673	1.3579
3.50029778	1.413
3.52613148	1.4288
3.55239563	1.3922
3.55302091	1.317
3.52242554	1.2418
3.48813	1.1878
3.45668591	1.1819
3.43597297	1.1961
3.39945297	1.2196
3.35831187	1.263
3.34073976	1.3164
3.36504936	1.3596
3.42031037	1.3705
3.50522717	1.3257
3.61758606	1.2519
3.71362036	1.1843
3.75881911	1.152
3.75451662	1.159
3.72166206	1.1939
3.67396856	1.2331
3.60577914	1.2901
3.54695494	1.3492
3.51020432	1.4006
3.51711599	1.4031
3.58103743	1.3436
3.69278743	1.2582
3.80592212	1.1772
3.8397171	1.127
3.78298904	1.1136
3.69698664	1.1403
3.60806404	1.1936
3.50194716	1.2552
3.39587979	1.313
3.3174551	1.3633
3.29090991	1.3863
3.31159358	1.3678
3.37492928	1.3129
3.48094247	1.2404
3.60648365	1.1838
3.71711983	1.1588
3.7737755	1.1682
3.75707608	1.213
3.67234777	1.2842
3.5667307	1.3495
3.48066385	1.3839
3.41888829	1.3874
3.38311439	1.3577
3.36646624	1.3207
3.38094834	1.2778
3.45015495	1.2418
3.55361705	1.2119
3.62874464	1.2168
3.64187181	1.239
3.61559712	1.2648
3.58227855	1.2729
3.5535333	1.2584
3.52803129	1.2273
3.49784998	1.1926
3.45486255	1.1584
3.41090102	1.1332
3.38808416	1.1363
3.38661284	1.1705
3.3986524	1.2207
3.42079163	1.27
3.45302595	1.2944
3.49653991	1.2954
3.52674417	1.2834
3.54082703	1.2411
3.54436267	1.1678
3.54531675	1.0928
3.53710453	1.0448
3.48992138	1.0392
3.4250144	1.0633
3.38138895	1.1077
3.3801226	1.1607
3.39654904	1.2159
3.41301383	1.2617
3.44030226	1.2719
3.47870384	1.2443
3.53641012	1.203
3.56917995	1.1649
3.54406698	1.1489
3.47156901	1.1572
3.37845991	1.1818
3.31155923	1.2232
3.26225326	1.2668
3.22089973	1.2977
3.18995698	1.3153
3.18230454	1.321
3.20600054	1.3182
3.26124376	1.3102
3.33786935	1.2879
3.41472711	1.2456
3.48491526	1.2061
3.53138944	1.1842
3.54325282	1.1926
3.51905052	1.2205
3.49329994	1.2414
3.44586953	1.2582
3.37312914	1.2853
3.31784048	1.32
3.30970271	1.3294
3.34272799	1.3127
3.3813136	1.2896
3.40786619	1.2668
3.4333282	1.2492
3.47944467	1.2208
3.51576256	1.1898
3.50369725	1.1601
3.44042018	1.1408
3.35069619	1.1423
3.28523519	1.1532
3.26096561	1.1547
3.28079137	1.1604
3.32011442	1.1856
3.37308633	1.2206
3.43032872	1.2569
3.48434119	1.2911
3.52894252	1.3051
3.54910847	1.2818
3.52648139	1.2467
3.4743241	1.212
3.40996496	1.1767
3.34333919	1.151
3.28420084	1.1257
3.2531232	1.1112
3.25594973	1.1183
3.2819217	1.1346
3.32653111	1.1732
3.36678962	1.2265
3.38667668	1.2919
3.39217437	1.3529
3.38684314	1.3977
3.37349868	1.4133
3.34988721	1.3951
3.32916635	1.3584
3.31533295	1.3074
3.31686712	1.2467
3.32075767	1.2028
3.33638506	1.1714
3.36402908	1.1604
3.38627205	1.1637
3.40080244	1.1878
3.4050698	1.2281
3.41205236	1.2693
3.41562894	1.3128
3.39950883	1.3487
3.3682221	1.3801
3.34380137	1.3832
3.32844818	1.3535
3.32756519	1.3086
3.34006776	1.2673
3.36576918	1.2357
3.39560989	1.2185
3.44143223	1.2041
3.50458769	1.195
3.57144346	1.1977
3.60773403	1.2159
3.61975716	1.2402
3.60667587	1.266
3.57701282	1.2887
3.5358098	1.3082
3.49791771	1.3187
3.46331825	1.3148
3.42720902	1.301
3.38597409	1.2944
3.36682022	1.2747
3.37399009	1.2533
3.40565879	1.2386
3.4469646	1.2244
3.48535678	1.2149
3.50676356	1.2102
3.51139569	1.2112
3.49879723	1.2196
3.4696348	1.2315
3.41542929	1.2439
3.34139838	1.2507
3.28155125	1.2555
3.26546286	1.2447
3.29276576	1.219
3.34117986	1.1877
3.40627719	1.1525
3.47999058	1.1345
3.57003266	1.1292
3.65321852	1.1381
3.69199128	1.1612
3.69207766	1.2
3.67046566	1.2198
3.62360298	1.2318
3.5664946	1.2327
3.5212971	1.2153
3.48581279	1.1886
3.48965624	1.139
3.54159761	1.0829
3.60175666	1.0484
3.66708601	1.0406
3.72499794	1.0584
3.7846711	1.0878
3.78743483	1.1306
3.74189267	1.1771
3.67285552	1.2224
3.60509453	1.2675
3.55954544	1.2896
3.52232849	1.3053
3.51035495	1.2973
3.5231138	1.2877
3.55417881	1.268
3.58708115	1.2583
3.61026745	1.2547
3.62087176	1.2616
3.62496429	1.2765
3.61625452	1.2871
3.58515179	1.2967
3.52937338	1.313
3.489371	1.3304
3.46732545	1.3389
3.44962512	1.3373
3.42063771	1.3311
3.39172289	1.334
3.39037645	1.329
3.41558876	1.3267
3.45607527	1.3262
3.49493324	1.3222
3.52826554	1.3076
3.56289183	1.3122
3.59532469	1.321
3.6075892	1.3335
3.59813845	1.349
3.56713413	1.369
3.53802161	1.3797
3.51831755	1.3869
3.50944683	1.3954
3.50334649	1.4067
3.50474075	1.4155
3.51779456	1.4053
3.53738406	1.3801
3.55841996	1.3499
3.55739315	1.3197
3.53784916	1.293
3.5146307	1.2715
3.4941246	1.273
3.46568619	1.2815
3.43762155	1.2971
3.40224651	1.3287
3.38118606	1.3643
3.37317014	1.3909
3.38496095	1.4029
3.42741441	1.3901
3.48861796	1.3474
3.55148832	1.283
3.59255304	1.2317
3.61291974	1.1964
3.60834918	1.1843
3.56873628	1.1936
3.48977561	1.2337
3.40510799	1.2892
3.35716073	1.3471
3.34721735	1.388
3.36243051	1.4004
3.39121019	1.3928
3.43376259	1.3628
3.49076114	1.3165
3.54832294	1.278
3.57638561	1.262
3.57058322	1.2719
3.54157797	1.2988
3.50700999	1.3403
3.484344	1.3931
3.4577522	1.4337
3.43111648	1.4476
3.41515634	1.4323
3.41972731	1.3964
3.45342092	1.3411
3.49972055	1.2915
3.5380389	1.2657
3.5604272	1.264
3.55784618	1.2797
3.52902724	1.2961
3.48177184	1.3134
3.43982668	1.3257
3.42063715	1.3263
3.42279494	1.3119
3.44417728	1.2884
3.47786009	1.2677
3.50884146	1.2613
3.5328291	1.2546
3.54207829	1.2618
3.51035611	1.286
3.44905417	1.3174
3.38638183	1.3414
3.34471307	1.3614
3.32021274	1.3609
3.30582743	1.3439
3.30558836	1.3163
3.31814254	1.2891
3.33674251	1.2739
3.34635461	1.2783
3.34486805	1.2853
3.34960913	1.3122
3.37664325	1.3367
3.41280642	1.3563
3.44016037	1.3759
3.44363017	1.3839
3.42116235	1.3832
3.38007361	1.3725
3.34270991	1.3595
3.30976467	1.3445
3.26765328	1.3313
3.23711192	1.3193
3.22267386	1.3147
3.22885731	1.3196
3.24293144	1.3197
3.26732006	1.2979
3.29371502	1.2425
3.3095143	1.1789
3.31250474	1.1265
3.32556464	1.0981
3.35744746	1.1066
3.38896909	1.126
3.40047543	1.1519
3.40499492	1.1886
3.40191568	1.2414
3.39741435	1.2897
3.40829522	1.3034
3.43230549	1.2833
3.44808291	1.2622
3.45051545	1.2485
3.44062549	1.2481
3.45281067	1.2588
3.46287471	1.281
3.43752767	1.2914
3.37666043	1.3112
3.302513	1.3316
3.24623677	1.323
3.23689375	1.2901
3.26881797	1.2452
3.31515145	1.209
3.35341537	1.19
3.40806836	1.1758
3.47502384	1.1669
3.53829112	1.1778
3.5479797	1.2125
3.5143218	1.2735
3.46405017	1.3512
3.43582366	1.4096
3.44054857	1.4282
3.45824067	1.4269
3.4904118	1.4028
3.53308557	1.3559
3.57719864	1.2853
3.62554534	1.1972
3.67773943	1.1089
3.74266842	1.053
3.7887353	1.0375
3.78297186	1.0537
3.71124377	1.0935
3.61572881	1.1453
3.51269314	1.209
3.44388451	1.2836
3.40755622	1.3581
3.40131485	1.4092
3.42505048	1.439
3.46375233	1.4531
3.50954793	1.4523
3.56976827	1.4264
3.6509608	1.3757
3.73845655	1.3066
3.77724618	1.2555
3.74878958	1.2247
3.6590433	1.2171
3.54406041	1.2323
3.4385286	1.2695
3.35411038	1.3171
3.29511688	1.3646
3.25488294	1.3947
3.24456024	1.392
3.27685374	1.3614
3.3404296	1.3094
3.41896395	1.2633
3.49569875	1.2191
3.57200584	1.1844
3.62817996	1.1696
3.64248742	1.1948
3.60993169	1.2467
3.53930682	1.3165
3.46430745	1.3828
3.40192945	1.4384
3.37288113	1.4723
3.37363763	1.4809
3.3904739	1.4594
3.42363496	1.4195
3.45825128	1.3691
3.49593417	1.3365
3.52596359	1.3217
3.5132704	1.3412
3.46740927	1.3715
3.40907929	1.4145
3.36873882	1.4453
3.35713047	1.4582
3.36217971	1.444
3.37966027	1.4022
3.41598016	1.3412
3.4695015	1.2759
3.51706877	1.2175
3.55575196	1.1909
3.57556308	1.1968
3.55230391	1.2445
3.50111466	1.3239
3.46118722	1.3971
3.44642216	1.451
3.4483798	1.4684
3.44339813	1.4529
3.43136796	1.4373
3.43158404	1.4062
3.44895865	1.3609
3.4645432	1.3144
3.4457431	1.3064
3.39208542	1.3379
3.34022145	1.3988
3.30413802	1.446
3.29645201	1.4612
3.32383051	1.4433
3.38690308	1.4137
3.47466915	1.3752
3.56714425	1.3392
3.64737619	1.2975
3.68874096	1.2615
3.67844832	1.2678
3.63028978	1.3194
3.55299555	1.3878
3.47206289	1.4462
3.43207123	1.4671
3.42965202	1.4609
3.45019734	1.4228
3.4824058	1.3689
3.5347877	1.3052
3.60305264	1.244
3.65721633	1.1863
3.63976552	1.162
3.58172334	1.1956
3.51810457	1.2723
3.47016515	1.3485
3.44401555	1.3991
3.43919844	1.417
3.44955555	1.4189
3.47821892	1.3884
3.51570711	1.3367
3.55856287	1.2896
3.56988557	1.2652
3.52596053	1.2707
3.45815538	1.3032
3.41660235	1.3321
3.41012552	1.3533
3.42819307	1.3644
3.44361779	1.383
3.46028943	1.3981
3.4835232	1.4028
3.53179961	1.3943
3.57549872	1.399
3.57889659	1.4366
3.53387008	1.5144
3.47355242	1.5901
3.4214459	1.6248
3.38203759	1.6039
3.35277289	1.5618
3.33684198	1.5098
3.33941217	1.4375
3.38101356	1.3398
3.48719915	1.2249
3.57573936	1.146
3.59544262	1.1132
3.54463968	1.1386
3.4748163	1.2151
3.43127089	1.3159
3.39849791	1.421
3.3708184	1.4942
3.35619975	1.5257
3.36700535	1.5188
3.40624399	1.4676
3.47346598	1.3822
3.52419941	1.3048
3.54916488	1.2462
3.53299957	1.2121
3.47693528	1.2108
3.41932509	1.2707
3.36645101	1.3542
3.32146308	1.4356
3.29167253	1.4812
3.27868822	1.4915
3.28204356	1.4825
3.2928628	1.4793
3.30930653	1.482
3.32884168	1.4779
3.35054276	1.4519
3.38235548	1.4082
3.41976611	1.3582
3.45779039	1.3166
3.48136737	1.2847
3.47520882	1.2587
3.4464639	1.2428
3.42932721	1.245
3.42889597	1.2566
3.44169372	1.2861
3.46164232	1.3029
3.47440809	1.3062
3.48537317	1.3041
3.50494257	1.3091
3.52838348	1.3164
3.53382311	1.3192
3.52555602	1.304
3.52045313	1.292
3.52287814	1.2987
3.52176044	1.3088
3.49483493	1.3064
3.45153174	1.2907
3.41420549	1.2714
3.3911945	1.2685
3.3848946	1.2752
3.37154775	1.2875
3.36306831	1.284
3.36126299	1.2887
3.3766318	1.3032
3.40012808	1.3352
3.42305888	1.3682
3.44326077	1.3844
3.45443008	1.3897
3.46261788	1.3949
3.48661255	1.3855
3.50179974	1.3682
3.49901481	1.344
3.47898257	1.3116
3.46305315	1.2712
3.45929094	1.2298
3.47609806	1.1882
3.50470598	1.1432
3.53091678	1.1145
3.54003651	1.0982
3.54195893	1.0971
3.53254434	1.1016
3.50440971	1.1202
3.46122317	1.1389
3.42171033	1.1521
3.40344483	1.1773
3.40354639	1.2045
3.40264365	1.2256
3.39771288	1.2401
3.39789313	1.241
3.41769676	1.2301
3.44199973	1.2292
3.46013051	1.2461
3.46996793	1.2577
3.48481451	1.2445
3.51273107	1.214
3.54797792	1.186
3.57292469	1.2035
3.5839487	1.254
3.58798921	1.3101
3.58465632	1.3417
3.57044739	1.3448
3.55253143	1.3463
3.54337483	1.3524
3.54665442	1.3425
3.56711425	1.2887
3.57868058	1.2197
3.57893591	1.1555
3.56572249	1.1166
3.55778965	1.1081
3.53853717	1.1205
3.50646634	1.1393
3.46356487	1.1686
3.43392475	1.212
3.4153304	1.2527
3.41794242	1.2801
3.43431158	1.2809
3.47060688	1.2665
3.53461277	1.2414
3.60765849	1.2251
3.67151998	1.1945
3.70654316	1.1643
3.7157629	1.1552
3.71744592	1.1538
3.71265742	1.1493
3.68582791	1.1347
3.64035527	1.1104
3.61041465	1.0895
3.6120176	1.0811
3.63732794	1.0809
3.65173053	1.0917
3.6410923	1.1167
3.6178744	1.1653
3.61033432	1.2224
3.61897444	1.2731
3.61909463	1.2999
3.60181905	1.2997
3.57956132	1.2672
3.58198493	1.2256
3.62883273	1.1897
3.70523975	1.1609
3.75109935	1.1526
3.73168455	1.1731
3.67549357	1.2131
3.62469472	1.2789
3.58562475	1.3363
3.54149067	1.3796
3.51167876	1.3887
3.49869865	1.3724
3.50326931	1.3234
3.54578309	1.2506
3.60852311	1.1707
3.67535421	1.0934
3.72077719	1.0378
3.72207852	1.0195
3.68715993	1.0265
3.6211045	1.0715
3.5634018	1.12
3.52222088	1.1723
3.4852006	1.225
3.45759367	1.2516
3.45107021	1.2491
3.48232866	1.2256
3.53252658	1.201
3.57498715	1.1945
3.59591788	1.2065
3.60027499	1.2185
3.5942274	1.2272
3.56782336	1.2312
3.51319159	1.2433
3.46284811	1.2587
3.44436212	1.2738
3.45149562	1.2801
3.46291434	1.2675
3.47203198	1.2452
3.48101828	1.2168
3.49810956	1.1845
3.52352138	1.1534
3.56540417	1.1168
3.60979191	1.0732
3.64666906	1.0139
3.67305425	0.985
3.69715158	0.978
3.69753247	0.9893
3.66720336	0.9957
3.62371813	1.0047
3.59937482	1.019
3.57675497	1.0436
3.56354044	1.0778
3.55579007	1.1092
3.55958934	1.1269
3.58627976	1.1239
3.62449237	1.1164
3.63975463	1.1158
3.62646661	1.123
3.59370625	1.1403
3.5789336	1.1669
3.5741613	1.2214
3.54518819	1.2963
3.50052638	1.3803
3.457575	1.4477
3.43335303	1.4813
3.43036027	1.4759
3.43763219	1.4588
3.45259827	1.4259
3.47064117	1.3788
3.48639287	1.3228
3.504597	1.2606
3.51180431	1.2331
3.49664465	1.2344
3.48020543	1.2669
3.46907369	1.3048
3.45597561	1.3444
3.43905802	1.3814
3.42844897	1.4114
3.43712896	1.4288
3.45845298	1.4368
3.4811403	1.4163
3.48197103	1.3771
3.48093655	1.333
3.51616968	1.2981
3.58081848	1.2722
3.6099148	1.263
3.5847262	1.2631
3.53359895	1.2763
3.51221198	1.2975
3.51068285	1.318
3.48801457	1.3253
3.43632647	1.3163
3.39577677	1.2993
3.3934988	1.2798
3.42366766	1.2649
3.45310701	1.2703
3.47019062	1.2857
3.47500892	1.3079
3.47798086	1.3286
3.48157494	1.35
3.48310537	1.3612
3.48172564	1.352
3.48438387	1.3189
3.49030362	1.2751
3.48145067	1.2466
3.45861912	1.2385
3.4390477	1.2421
3.4325926	1.255
3.43224711	1.2737
3.41773682	1.3097
3.39608203	1.3601
3.38250608	1.3969
3.39625664	1.4078
3.43015882	1.3952
3.47632308	1.3635
3.53678288	1.3046
3.59993016	1.2298
3.66593513	1.1611
3.71081734	1.12
3.71008858	1.1071
3.70691045	1.1135
3.72248671	1.1346
3.72546322	1.1626
3.68613989	1.1822
3.62830605	1.1888
3.60113173	1.1723
3.61400857	1.1397
3.63148199	1.1062
3.62475003	1.0938
3.59235569	1.1106
3.57461242	1.1432
3.58628575	1.1657
3.60633884	1.1562
3.59469653	1.1325
3.55763905	1.1162
3.53764646	1.1133
3.54257023	1.1289
3.56381868	1.1428
3.57227239	1.1654
3.55985242	1.2133
3.53886539	1.2722
3.51604381	1.3338
3.48778449	1.3748
3.46565003	1.3811
3.45465092	1.3807
3.47252399	1.3685
3.50748024	1.3473
3.54878032	1.3079
3.56707528	1.2617
3.55018389	1.2351
3.51731434	1.2446
3.498956	1.2759
3.49814526	1.3027
3.49776603	1.3318
3.49713435	1.348
3.51379951	1.35
3.55549331	1.3302
3.60374267	1.286
3.64090031	1.2242
3.661723	1.1601
3.66485186	1.1181
3.65036119	1.125
3.60476643	1.1857
3.52999313	1.2695
3.44123823	1.3431
3.38158577	1.3783
3.35179624	1.3819
3.34564007	1.3563
3.34965538	1.3181
3.3605405	1.2574
3.37928386	1.1877
3.42192002	1.1304
3.4911322	1.1104
3.53108323	1.1388
3.52418238	1.193
3.49527226	1.2505
3.45725149	1.2997
3.43157036	1.3375
3.43360763	1.3408
3.4511897	1.331
3.48108465	1.3112
3.49935142	1.284
3.51613796	1.2541
3.52318216	1.226
3.51757017	1.2196
3.50396364	1.2297
3.49002565	1.2482
3.47478	1.2801
3.4799773	1.2827
3.48914528	1.2767
3.49935392	1.2695
3.5044399	1.2633
3.5004643	1.2699
3.48954752	1.2669
3.46173767	1.2766
3.43302088	1.3028
3.41383591	1.3466
3.41045582	1.3904
3.42715052	1.3986
3.453638	1.3779
3.48242853	1.3342
3.517491	1.2793
3.57428004	1.2355
3.61828523	1.205
3.610947	1.1724
3.53188612	1.1819
3.44635133	1.2357
3.38687156	1.3246
3.3481143	1.391
3.32769986	1.4253
3.32007946	1.425
3.33164119	1.3953
3.35872709	1.3444
3.39415006	1.2803
3.43871974	1.2077
3.47751847	1.1626
3.49014759	1.1538
3.45023703	1.1674
3.3625506	1.2402
3.27682837	1.3297
3.23289671	1.4044
3.22423151	1.4377
3.24775064	1.4531
3.29118747	1.4641
3.34814979	1.4689
3.41805784	1.4469
3.5012679	1.4037
3.56567799	1.3614
3.58114799	1.3144
3.54102385	1.3026
3.47919142	1.3346
3.41859108	1.3763
3.36756566	1.4068
3.33669409	1.4119
3.3373944	1.4011
3.37209124	1.3809
3.42033204	1.3525
3.45784214	1.3093
3.48914562	1.2825
3.51192555	1.2765
3.52014731	1.3003
3.50609216	1.3637
3.45790826	1.4292
3.39938339	1.4937
3.36988216	1.5292
3.35763045	1.5291
3.34630751	1.5125
3.33184267	1.4758
3.32373362	1.4278
3.34815714	1.3693
3.4001608	1.3408
3.43803799	1.3439
3.4288784	1.3796
3.39087589	1.421
3.36588577	1.4613
3.35514189	1.494
3.34821353	1.5065
3.34983578	1.4952
3.36886706	1.463
3.40735358	1.4164
3.45007499	1.376
3.47474923	1.34
3.47198202	1.3132
3.45792192	1.3308
3.42920268	1.3827
3.39988355	1.445
3.38905106	1.4895
3.39969733	1.5004
3.41608967	1.4825
3.43833907	1.4353
3.4575494	1.3853
3.46652355	1.3247
3.46836873	1.2961
3.46942728	1.3028
3.46348213	1.3347
3.44088585	1.3835
3.40833863	1.4418
3.3946646	1.4965
3.40371033	1.5334
3.42541235	1.5349
3.44173359	1.5003
3.44335956	1.4292
3.44847582	1.3502
3.45764426	1.2795
3.45807765	1.225
3.4362887	1.1871
3.39732544	1.1905
3.38028251	1.2175
3.38387414	1.2705
3.40036319	1.3177
3.41348066	1.3303
3.42923422	1.3284
3.45817808	1.3296
3.50403678	1.3305
3.51326002	1.3423
3.47147561	1.3462
3.40428618	1.3569
3.3541653	1.3658
3.32728005	1.3742
3.32410703	1.3712
3.33989348	1.3593
3.37253321	1.3244
3.43498469	1.2643
3.51428405	1.1971
3.59388021	1.1527
3.64032928	1.1407
3.62784769	1.1672
3.56213895	1.2248
3.48697058	1.2904
3.41609119	1.3477
3.36959495	1.3864
3.35466434	1.4027
3.37906177	1.3823
3.4315644	1.3279
3.48585609	1.2481
3.53617016	1.155
3.56645172	1.0917
3.55372727	1.0745
3.49787946	1.1284
3.43514263	1.2127
3.3834202	1.3074
3.34949976	1.3914
3.34008659	1.4488
3.34146678	1.4713
3.35145256	1.462
3.36097003	1.4344
3.3652149	1.3949
3.36969499	1.3567
3.3796995	1.3234
3.3917362	1.3148
3.39785076	1.3186
3.38024974	1.3493
3.36442696	1.3626
3.37008805	1.3546
3.40254974	1.3229
3.4490829	1.294
3.50037724	1.2582
3.5464616	1.2197
3.61320264	1.1904
