3.39308622	1.2064
3.37786306	1.1721
3.35990629	1.1509
3.34330467	1.1468
3.32045076	1.1347
3.30218485	1.1499
3.27911388	1.1659
3.2855042	1.179
3.33159039	1.1733
3.39024935	1.163
3.44298763	1.1675
3.47898439	1.162
3.51438761	1.1447
3.5426898	1.1122
3.53750609	1.0885
3.49544074	1.0831
3.453293	1.101
3.43678912	1.1128
3.45725059	1.1348
3.50821109	1.1496
3.57105176	1.15
3.6392219	1.1349
3.69804107	1.1168
3.75207472	1.0967
3.78377559	1.0861
3.74716321	1.0881
3.65992483	1.1024
3.56890886	1.1126
3.50310105	1.1166
3.47013891	1.1191
3.46267902	1.1258
3.47665552	1.1285
3.51811339	1.1164
3.5808501	1.0981
3.63411867	1.0796
3.63845736	1.0738
3.59576797	1.0931
3.55039046	1.105
3.5228847	1.1078
3.48783623	1.1134
3.44543139	1.1491
3.42237296	1.208
3.45303946	1.2578
3.52594719	1.2844
3.59446444	1.2804
3.63065786	1.2559
3.65435876	1.2381
3.66310068	1.2299
3.65353737	1.2282
3.61813142	1.2294
3.57387351	1.2271
3.52648859	1.2259
3.4960737	1.2248
3.46937019	1.2205
3.46311385	1.1961
3.46860852	1.1581
3.49741673	1.1216
3.53907569	1.0959
3.5925085	1.1031
3.64813747	1.1298
3.69479941	1.1659
3.7256063	1.1984
3.7310841	1.2271
3.71808055	1.2484
3.71494536	1.2637
3.73080429	1.2696
3.74641675	1.2561
3.75195738	1.2239
3.72909576	1.192
3.69136018	1.1666
3.65134739	1.1485
3.62539188	1.1422
3.61529696	1.1372
3.60124026	1.1413
3.59012292	1.169
3.59283973	1.2083
3.60244952	1.2479
3.61233586	1.2683
3.60684982	1.2731
3.58975981	1.2664
3.57577138	1.2463
3.57769344	1.2239
3.57926302	1.1954
3.5659925	1.169
3.55614044	1.1431
3.56271245	1.1355
3.59033102	1.1457
3.62805646	1.1594
3.65033015	1.1578
3.67047634	1.144
3.70346964	1.1356
3.7481997	1.1478
3.77114923	1.1714
3.75392736	1.1716
3.70775732	1.1429
3.65674176	1.108
3.61657315	1.0984
3.58008357	1.1085
3.55832518	1.1348
3.5552215	1.1639
3.57328722	1.1848
3.60614658	1.1973
3.62357219	1.2181
3.61246886	1.2452
3.60525497	1.2731
3.61383567	1.2892
3.6411397	1.2712
3.66122883	1.2361
3.67555502	1.2061
3.69020228	1.1811
3.69490253	1.1601
3.68393333	1.1477
3.66037312	1.1518
3.65535599	1.1747
3.65901365	1.2224
3.6535095	1.2653
3.6273228	1.2771
3.5829913	1.2501
3.54394162	1.195
3.53874925	1.1307
3.58684219	1.0614
3.64006684	1.008
3.67706014	0.9587
3.69232276	0.9278
3.71057085	0.9307
3.73572478	0.9634
3.74405097	1.0116
3.70507675	1.0665
3.64084422	1.1173
3.57127898	1.1838
3.51502583	1.2436
3.48944529	1.2754
3.49883565	1.2642
3.52493651	1.2264
3.56352311	1.1737
3.58673759	1.1324
3.58846592	1.112
3.56593308	1.1098
3.53919845	1.1239
3.51395047	1.1507
3.49069081	1.189
3.47751743	1.2195
3.4811408	1.2324
3.50227752	1.2256
3.53976258	1.2026
3.57675068	1.1823
3.6159203	1.1581
3.63369806	1.1178
3.60559742	1.0675
3.53052905	1.0288
3.45112799	1.0198
3.40472958	1.0376
3.39588477	1.0562
3.40144237	1.065
3.42818233	1.0721
3.46633188	1.0969
3.51653857	1.139
3.56634774	1.1674
3.60183396	1.1535
3.61062519	1.1024
3.60650738	1.0479
3.60225373	1.0272
3.60058466	1.0341
3.57975705	1.0378
3.54474755	1.0333
3.53740057	1.0252
3.55734952	1.0461
3.57744	1.0916
3.56316716	1.145
3.52718245	1.1814
3.50930209	1.1897
3.51887431	1.1853
3.54215193	1.1837
3.55926033	1.1579
3.56402501	1.1193
3.58009697	1.0682
3.63755225	1.0154
3.7203944	0.9912
3.7944425	0.997
3.83262117	1.0313
3.82111116	1.0776
3.77933519	1.1267
3.71695211	1.1685
3.64811898	1.1968
3.58926509	1.2095
3.56220495	1.2102
3.55866524	1.182
3.58749582	1.1322
3.65512112	1.0651
3.74233799	1.002
3.8123737	0.9393
3.84070026	0.9029
3.80579187	0.8901
3.72106627	0.9023
3.62532137	0.9331
3.55256542	0.9795
3.49282638	1.0218
3.45522837	1.0391
3.44384363	1.0347
3.46803828	1.0207
3.5162118	0.9886
3.55347161	0.9563
3.58611725	0.9224
3.59628387	0.8912
3.56638003	0.8812
3.52053603	0.8989
3.51152313	0.9297
3.55240727	0.9552
3.61301048	0.9702
3.67780107	0.9585
3.74101836	0.9321
3.82975577	0.8923
3.93222587	0.8416
3.97363319	0.7914
3.90644533	0.7716
3.78208336	0.7825
3.68920127	0.8225
3.66998951	0.8719
3.66479363	0.9348
3.65358512	0.9823
3.64527491	1.0115
3.69532954	1.0136
3.78290705	1.0097
3.85586142	1.0015
3.87976142	0.97
3.847993	0.928
3.80826855	0.8949
3.78356218	0.8753
3.71906642	0.8773
3.64100353	0.8712
3.58252487	0.854
3.57877173	0.8172
3.59676365	0.7755
3.61755583	0.7374
3.64513895	0.7184
3.69093482	0.7182
3.74416922	0.7536
3.75150296	0.8145
3.69883044	0.8807
3.61216072	0.928
3.55511156	0.9656
3.54145233	0.9844
3.55716221	0.9929
3.58607017	0.9904
3.62254741	0.9699
3.66876957	0.9236
3.73191094	0.8716
3.82148929	0.8287
3.87431654	0.8119
3.85357286	0.818
3.77193556	0.8415
3.71121967	0.8643
3.68757673	0.8888
3.67068298	0.8971
3.64873677	0.884
3.62452384	0.8723
3.61366686	0.8805
3.60075648	0.9097
3.58182819	0.9703
3.54818286	1.0529
3.52652848	1.1296
3.52002796	1.1798
3.53224649	1.1893
3.5816084	1.157
3.65528144	1.0843
3.73374441	0.9858
3.81195948	0.8842
3.865663	0.8094
3.90411742	0.7716
3.91872635	0.776
3.89627717	0.8157
3.80683982	0.892
3.68414657	0.985
3.59146476	1.0669
3.5661534	1.1193
3.59371424	1.134
3.63888553	1.1077
3.68442404	1.0445
3.69473713	0.9709
3.68599137	0.925
3.68512377	0.9087
3.68096806	0.9101
3.65152808	0.9284
3.60197804	0.9491
3.55714183	0.9794
3.53175585	0.9949
3.54215865	0.9895
3.58136125	0.9618
3.6324892	0.9165
3.68654577	0.8948
3.73971606	0.8983
3.76021278	0.9554
3.71865273	1.0317
3.62635194	1.1062
3.54730851	1.1576
3.50686254	1.1878
3.50784969	1.1939
3.53036782	1.1829
3.56567026	1.1576
3.61608877	1.1066
3.68922439	1.0382
3.75033994	0.9748
3.78467217	0.918
3.76207662	0.9117
3.7057158	0.942
3.63087579	0.9731
3.55599578	0.9913
3.50097982	0.9848
3.48786281	0.9699
3.527006	0.9619
3.58688608	0.9764
3.63574496	0.9885
3.65026505	1.0106
3.65663256	1.0469
3.68236632	1.1058
3.70905131	1.1663
3.70564957	1.2004
3.66164594	1.1952
3.61598251	1.1524
3.61069298	1.0859
3.6440217	1.0246
3.67395412	0.9948
3.64901599	0.9965
3.59824252	1.0298
3.56075396	1.0943
3.52929631	1.1699
3.48011216	1.2442
3.4183301	1.301
3.36420598	1.3168
3.33737289	1.2843
3.35038949	1.1973
3.419405	1.0991
3.52963339	1.0237
3.63810776	0.9956
3.70480023	0.9905
3.71422055	1.0051
3.67032823	1.0565
3.59614669	1.136
3.52594711	1.2205
3.49872077	1.2874
3.51877001	1.3267
3.57311256	1.3273
3.62978129	1.3028
3.68449743	1.256
3.72638714	1.2194
3.74367491	1.2025
3.72881492	1.1858
3.69266717	1.1621
3.63678574	1.1458
3.57368147	1.1369
3.50796879	1.1347
3.4805663	1.1215
3.48565866	1.0982
3.52053313	1.0895
3.58757467	1.0806
3.66053846	1.0754
3.696093	1.0782
3.67706797	1.0803
3.61932193	1.0884
3.53778432	1.0996
3.43991291	1.1358
3.372484	1.192
3.34640157	1.2533
3.36874214	1.2916
3.43049628	1.3025
3.5074861	1.2949
3.59093882	1.2756
3.66498894	1.2398
3.72154797	1.1726
3.74775493	1.0826
3.73388085	0.994
3.68763919	0.9302
3.66520828	0.89
3.67172021	0.8601
3.70217608	0.8665
3.74015675	0.924
3.77653649	0.9863
3.80357946	1.0435
3.78903257	1.1166
3.72864975	1.1904
3.63268296	1.2372
3.53623489	1.2632
3.4801593	1.2761
3.47212328	1.2779
3.50371798	1.2609
3.55639811	1.2229
3.63532911	1.1662
3.74873252	1.0911
3.85433792	1.0288
3.89049639	0.9952
3.83423637	0.9957
3.71928845	1.0262
3.62442926	1.0734
3.55340415	1.124
3.49901889	1.1947
3.44669793	1.2612
3.43378875	1.2787
3.45074813	1.2527
3.47831626	1.2051
3.49695897	1.1549
3.49168723	1.129
3.47942441	1.1292
3.45717043	1.1502
3.42730675	1.184
3.4067012	1.2253
3.41526168	1.2564
3.46182863	1.2707
3.52987941	1.2704
3.60084418	1.2492
3.6536346	1.2218
3.67799882	1.2015
3.65732965	1.1969
3.58669478	1.2099
3.49931662	1.2262
3.40801137	1.2524
3.33143941	1.2755
3.2821704	1.2795
3.26577816	1.2582
3.29358204	1.2295
3.37031258	1.1941
3.4753669	1.158
3.59001529	1.1312
3.66085616	1.1091
3.66690108	1.085
3.62129121	1.0758
3.56132464	1.0984
3.51910781	1.1426
3.5016458	1.1913
3.49415667	1.2351
3.49491506	1.268
3.51244365	1.277
3.53663029	1.2796
3.55205121	1.2673
3.53810317	1.2361
3.49133932	1.201
3.44084627	1.1744
3.40465411	1.1868
3.3913753	1.1899
3.3799884	1.2011
3.37202645	1.1853
3.37994014	1.1494
3.42100429	1.1122
3.4749949	1.0919
3.52562888	1.0965
3.56827727	1.1099
3.60462056	1.1304
3.64985976	1.1487
3.68768745	1.1637
3.69039523	1.1795
3.6815301	1.1608
3.6598571	1.1311
3.64790744	1.0945
3.65225237	1.05
3.65201122	1.0099
3.63514377	0.9893
3.60895738	0.993
3.594912	1.0196
3.58419364	1.0749
3.56979703	1.151
3.54242355	1.2175
3.50993335	1.2657
3.50391751	1.2832
3.51705121	1.2781
3.53497133	1.2629
3.53074444	1.2369
3.51579285	1.1864
3.50389239	1.1393
3.49544671	1.111
3.48352356	1.1215
3.47273203	1.1507
3.46038779	1.1937
3.4633825	1.235
3.48557934	1.2707
3.53768911	1.2815
3.61059248	1.2691
3.68662666	1.228
3.74871037	1.1729
3.77846436	1.1412
3.76331527	1.127
3.72211366	1.1284
3.67823335	1.1212
3.6349029	1.1153
3.60935578	1.118
3.62943519	1.1217
3.68570536	1.1298
3.74481551	1.1219
3.75847465	1.1043
3.73512914	1.0892
3.68917757	1.1071
3.63511981	1.1514
3.58326013	1.1938
3.52800365	1.2238
3.47560887	1.2436
3.45514041	1.2346
3.47179106	1.2027
3.5257433	1.1462
3.60289299	1.087
3.68362429	1.0248
3.77631112	0.9918
3.84500261	1.0094
3.86510745	1.0493
3.81789978	1.1116
3.75047793	1.1742
3.69396044	1.2264
3.65857567	1.2562
3.63479735	1.2545
3.63139322	1.2162
3.6370196	1.1573
3.65942784	1.0846
3.67102496	1.0355
3.67764103	1.0112
3.70436137	0.9883
3.73801465	0.9883
3.7388301	1.0006
3.68679976	1.0329
3.62202279	1.0661
3.57409352	1.0781
3.55396572	1.066
3.53485595	1.0395
3.5170797	1.0136
3.50253183	0.9879
3.51806934	0.987
3.56028806	0.9916
3.58778535	1.0127
3.5837904	1.0633
3.56954165	1.1493
3.58290569	1.2225
3.59857015	1.2629
3.59593754	1.2612
3.57225856	1.2259
3.53562963	1.1689
3.50949477	1.0841
3.51192537	0.997
3.5163486	0.9329
3.50218089	0.9008
3.47150366	0.917
3.44356881	0.9792
3.4417948	1.0512
3.45695163	1.1218
3.47517237	1.1916
3.48933093	1.2472
3.4879067	1.2867
3.47982629	1.2884
3.46134371	1.2454
3.4582641	1.187
3.46794298	1.1413
3.46454318	1.1105
3.43543703	1.0864
3.39399249	1.056
3.36996591	1.0289
3.38719128	1.0149
3.42825803	1.0175
3.47264134	1.0234
3.51844754	1.0335
3.55937803	1.0502
3.58046888	1.0892
3.57304268	1.1508
3.54872568	1.2092
3.51221784	1.2293
3.47320603	1.1968
3.44044307	1.1418
3.4205621	1.0961
3.42251364	1.0597
3.43576082	1.0291
3.46539155	1.0069
3.52141109	1.01
3.58552831	1.0538
3.62678257	1.1129
3.62649358	1.1651
3.59062664	1.2041
3.54652764	1.228
3.48965317	1.2424
3.41943536	1.2472
3.34431785	1.232
3.28864881	1.2089
3.27921537	1.1731
3.30717866	1.1441
3.3406692	1.1254
3.3740263	1.1244
3.4195209	1.1255
3.49124619	1.1275
3.56320784	1.1338
3.60027256	1.1416
3.60993719	1.1585
3.60086404	1.1755
3.60025332	1.1664
3.60313687	1.1451
3.61127967	1.1222
3.62099894	1.1006
3.65731921	1.0904
3.73386215	1.0824
3.82833758	1.0685
3.87810401	1.0497
3.83282849	1.0314
3.7433592	1.021
3.69077021	1.0169
3.67150614	1.0332
3.64569488	1.0651
3.62258611	1.0961
3.61075135	1.1054
3.63446825	1.098
3.69233189	1.0626
3.75117721	1.0273
3.77660918	1.0141
3.78197743	1.0064
3.75908707	1.012
3.73981986	1.0286
3.73707659	1.0597
3.74173125	1.1078
3.73086537	1.1535
3.69128462	1.1884
3.61646775	1.199
3.55138094	1.1867
3.52947993	1.1561
3.54168912	1.1178
3.56995797	1.088
3.59349965	1.0745
3.61601657	1.0747
3.66916533	1.0866
3.73274931	1.1229
3.76177013	1.1658
3.73738775	1.189
3.67388206	1.1802
3.61853967	1.158
3.5989931	1.1303
3.60910011	1.1085
3.6350588	1.0833
3.66181777	1.0413
3.65012217	1.0057
3.59935449	0.9972
3.54319246	1.0111
3.50023252	1.0417
3.47659035	1.0638
3.48501547	1.094
3.5356198	1.1223
3.59656198	1.1551
3.63852659	1.1676
3.6334141	1.1672
3.59126264	1.1378
3.55990814	1.0744
3.56063873	1.0103
3.57532414	0.9703
3.58363165	0.9601
3.55538938	0.9803
3.51641967	1.0266
3.49212612	1.0824
3.48018597	1.1281
3.47126466	1.1657
3.44909957	1.1938
3.42624145	1.2162
3.41515619	1.2389
3.41671211	1.2581
3.4128301	1.278
3.41580099	1.2736
3.42631751	1.2472
3.44167882	1.2125
3.46343236	1.1934
3.48070958	1.1783
3.49527213	1.156
3.535584	1.132
3.60633215	1.1125
3.69015158	1.1053
3.74665133	1.1091
3.76412601	1.1128
3.73683096	1.123
3.68361417	1.1302
3.62069901	1.1382
3.56660594	1.1476
3.51542075	1.1604
3.4683146	1.1862
3.42683599	1.2132
3.41778215	1.2442
3.44710758	1.2651
3.48383992	1.2797
3.48898008	1.2874
3.45607689	1.266
3.4172433	1.232
3.40325021	1.1957
3.41775846	1.1615
3.4333578	1.1398
3.43100784	1.1341
3.42028774	1.1386
3.41427355	1.1596
3.4247835	1.1962
3.42939292	1.261
3.42174658	1.3403
3.40685463	1.4013
3.39956958	1.4083
3.41516383	1.37
3.440876	1.3213
3.45938294	1.2815
3.46930539	1.2167
3.5039116	1.1242
3.57101399	1.0447
3.63200262	0.9955
3.64040402	1.0011
3.60163169	1.0441
3.56214315	1.1047
3.56337569	1.1599
3.58225892	1.2173
3.58140052	1.2656
3.57499257	1.2779
3.56169659	1.2482
3.54545327	1.2131
3.53345931	1.1792
3.51736427	1.1491
3.49075185	1.129
3.44962829	1.116
3.40650051	1.1254
3.36825561	1.1569
3.36247228	1.1978
3.38376967	1.226
3.42001904	1.2504
3.45251137	1.2832
3.47406226	1.3227
3.48742512	1.3631
3.48073754	1.3827
3.4532191	1.3778
3.42019086	1.3411
3.4006077	1.2963
3.39872697	1.2487
3.40919633	1.2076
3.41786041	1.1715
3.43971111	1.1376
3.47261685	1.111
3.49175551	1.1041
3.49152989	1.114
3.46765266	1.1369
3.44201676	1.1602
3.4411764	1.1778
3.4684678	1.1826
3.51857713	1.1652
3.56009976	1.1358
3.58370744	1.0885
3.58959455	1.0507
3.58639137	1.0565
3.59348776	1.1086
3.58738049	1.1867
3.54143867	1.2582
3.48808004	1.3061
3.43372694	1.33
3.39495425	1.3171
3.37533424	1.2594
3.37566541	1.1665
3.38114384	1.0934
3.37878951	1.0546
3.37930759	1.0524
3.38237246	1.0713
3.38095685	1.1079
3.3697842	1.1615
3.361736	1.224
3.36687499	1.2876
3.39397046	1.3141
3.44092573	1.2944
3.47409621	1.2628
3.47756818	1.2202
3.45747165	1.1832
3.42647794	1.1526
3.41854086	1.1357
3.4254951	1.1357
3.43624334	1.1409
3.45052925	1.1424
3.4718538	1.1334
3.51044423	1.1085
3.55002475	1.0771
3.58708996	1.0497
3.59655113	1.0554
3.58486397	1.0875
3.55859035	1.1248
3.507583	1.1686
3.43874975	1.2251
3.38921738	1.282
3.37964492	1.3256
3.418378	1.3365
3.46372286	1.3339
3.50453927	1.3012
3.53210647	1.2588
3.58243038	1.2171
3.63334765	1.1892
3.65503592	1.1603
3.62419856	1.148
3.5698937	1.1546
3.52466818	1.176
3.49979743	1.2029
3.47878527	1.2108
3.44476593	1.196
3.41318227	1.1613
3.41294968	1.1409
3.4521614	1.1372
3.50058905	1.1381
3.51413201	1.1467
3.50737171	1.141
3.51365056	1.1527
3.53873591	1.1766
3.55056402	1.2015
3.53391078	1.2071
3.51353419	1.1845
3.51238148	1.1445
3.51426568	1.1201
3.51687236	1.1076
3.52643589	1.0977
3.55309772	1.0794
3.57960595	1.0638
3.58890134	1.0713
3.57827834	1.1089
3.5598086	1.1533
3.55405958	1.1708
3.57505352	1.137
3.63116226	1.1018
3.70638363	1.0831
3.77499645	1.0606
3.83017425	1.0227
3.87111995	0.969
3.86253506	0.9225
3.8033762	0.9123
3.73443478	0.9487
3.69474969	1.0098
3.67672202	1.0599
3.64468513	1.0798
3.61711477	1.0744
3.62326929	1.0383
3.69141091	0.9852
3.78845409	0.9155
3.82731233	0.8604
3.7642567	0.8321
3.65740191	0.8367
3.588865	0.8787
3.57445146	0.9369
3.5849169	0.9913
3.58933108	1.0147
3.60850561	1.0382
3.65095429	1.0416
3.71850978	1.0356
3.76414647	1.0201
3.73636016	1.0011
3.66075711	0.996
3.5907027	1.008
3.56966419	1.0365
3.56246933	1.0738
3.55476155	1.1094
3.55401232	1.1377
3.58167264	1.1571
3.63731316	1.1693
3.69581065	1.1638
3.71390811	1.1454
3.71195269	1.1368
3.70234878	1.1311
3.69614462	1.1342
3.68486264	1.1466
3.66079653	1.1496
3.65012811	1.1283
3.66262415	1.1003
3.69817849	1.0774
3.76680563	1.0617
3.83992055	1.0471
3.87576618	1.035
3.8717915	1.031
3.79335434	1.0566
3.67753764	1.1199
3.59894956	1.1818
3.56254823	1.206
3.54917181	1.2004
3.53960553	1.1742
3.53015391	1.1265
3.55614848	1.0632
3.64917996	0.9984
3.72713302	0.9526
3.69847908	0.942
3.57403743	0.9723
3.43922537	1.0424
3.38241546	1.1252
3.36944202	1.1892
3.35352867	1.2183
3.33348586	1.2231
3.32317552	1.1976
3.34148875	1.1288
3.39909717	1.0365
3.45967233	0.969
3.46785555	0.9453
3.42784668	0.9713
3.37665561	1.0309
3.34567729	1.1119
3.33090013	1.201
3.3234662	1.268
3.32478981	1.3029
3.32809503	1.2912
3.33563169	1.2566
3.3517635	1.2155
3.369045	1.1787
3.39002707	1.1451
3.39385165	1.1035
3.38611045	1.0765
3.36908311	1.0606
3.35354531	1.0612
3.33752415	1.072
3.31753155	1.0883
3.31529539	1.1
3.32653822	1.1081
3.33587071	1.1386
3.34526381	1.1935
3.35390511	1.2499
3.34649156	1.2872
3.33168631	1.2943
3.31209321	1.2863
3.31231138	1.2717
3.32788092	1.2413
3.35984165	1.1896
3.38041915	1.1362
3.37733151	1.1049
3.36174311	1.1199
3.34364783	1.1412
3.33595654	1.1736
3.33896322	1.196
3.34511254	1.2128
3.36478679	1.2207
3.38853223	1.2077
3.42883688	1.1627
3.50715537	1.0971
3.62423254	1.0326
3.72016301	0.9884
3.73617807	0.9717
3.67727639	0.9915
3.61301199	1.0401
3.57299387	1.0949
3.56576295	1.1536
3.57736454	1.2129
3.59879383	1.2395
3.61359755	1.2322
3.63091755	1.2095
3.65971906	1.1885
3.68850623	1.1833
3.71592318	1.1631
3.72692077	1.1455
3.71131337	1.1438
3.69179482	1.1521
3.6777137	1.1554
3.67059786	1.1383
3.66742207	1.1102
3.67066559	1.0808
3.67075697	1.0589
3.67045535	1.0542
3.66764591	1.0738
3.65445025	1.1089
3.6259168	1.1586
3.59143832	1.2122
3.55248504	1.2742
3.52053115	1.3293
3.49702024	1.3764
3.4839346	1.3978
3.49113037	1.3828
3.5097059	1.3373
3.55212236	1.2723
3.59696594	1.2227
3.62304135	1.1892
3.62089706	1.1542
3.58849272	1.1371
3.55736829	1.1458
3.5208994	1.181
3.48537568	1.2339
3.45753035	1.287
3.45246034	1.3373
3.46691863	1.3842
3.49058344	1.4176
3.51404987	1.4352
3.52639136	1.4226
3.53419062	1.4008
3.54023789	1.3732
3.51907701	1.3619
3.47308714	1.3531
3.41246118	1.3366
3.35287653	1.3037
3.31733736	1.254
3.31187265	1.1962
3.31556222	1.1434
3.33024166	1.1194
3.35637599	1.131
3.3945901	1.1704
3.43083923	1.2237
3.43905147	1.2761
3.40825682	1.3227
3.36375893	1.3516
3.32953157	1.3556
3.32292551	1.3341
3.34454148	1.2815
3.37804192	1.2097
3.4052106	1.1408
3.42657864	1.1039
3.45530778	1.0825
3.48014834	1.0727
3.46719172	1.0892
3.42911551	1.1248
3.40236526	1.1782
3.41663205	1.2233
3.45181612	1.2456
3.47141626	1.2621
3.46673137	1.2837
3.47961224	1.3025
3.50108068	1.3117
3.51038825	1.2992
3.49489669	1.2732
3.4520418	1.2593
3.39678853	1.276
3.35379373	1.3068
3.32658865	1.3228
3.31137503	1.3258
3.30809035	1.3119
3.30894654	1.3047
3.31874461	1.2975
3.34106115	1.2714
3.35853992	1.2507
3.35560189	1.2619
3.333443	1.3092
3.30579652	1.3796
3.28756947	1.4355
3.27865482	1.4696
3.27221276	1.4888
3.26179855	1.5049
3.2572408	1.4842
3.27639923	1.4072
3.33022367	1.2931
3.39589121	1.1881
3.43173525	1.1298
3.42667079	1.1103
3.37955907	1.1277
3.31705468	1.1674
3.2573473	1.2267
3.21568816	1.2949
3.19391752	1.3495
3.20251863	1.3777
3.25560797	1.3914
3.3526649	1.3738
3.45935836	1.3292
3.53942294	1.2823
3.57135704	1.2453
3.55438721	1.2265
3.51007753	1.2316
3.46223296	1.2555
3.40550866	1.2967
3.35153969	1.3383
3.32114372	1.3707
3.32693236	1.3733
3.36226106	1.348
3.4021918	1.3187
3.43111263	1.3025
3.43517346	1.3099
3.41303967	1.3448
3.38637942	1.3807
3.36151642	1.4078
3.33780713	1.4145
3.32613224	1.4071
3.33119832	1.369
3.3622271	1.289
3.42036377	1.1959
3.48374906	1.1183
3.5224014	1.0758
3.52869302	1.0799
3.4891686	1.1438
3.42157396	1.2509
3.33302645	1.3639
3.2582103	1.4274
3.20653602	1.4325
3.18374307	1.4065
3.1914311	1.3749
3.2196747	1.3172
3.26837373	1.2347
3.34279798	1.1517
3.4003956	1.1121
3.41819643	1.1224
3.39217201	1.1787
3.35485662	1.2661
3.3204888	1.3561
3.29545959	1.4359
3.28983146	1.4909
3.30383125	1.5216
3.32873654	1.5174
3.36014338	1.4693
3.40682722	1.3983
3.44614954	1.3287
3.45641822	1.2932
3.44022328	1.2799
3.406414	1.294
3.34939419	1.3368
3.28373269	1.3862
3.23155608	1.4172
3.20192644	1.4143
3.19348775	1.3872
3.19971483	1.3553
3.21239263	1.3128
3.24551272	1.267
3.2916318	1.2291
3.3478897	1.2336
3.38187252	1.2781
3.38362462	1.3497
3.36584099	1.4102
3.34706041	1.44
3.3462252	1.4308
3.35211656	1.4272
3.35517649	1.4132
3.33310387	1.3869
3.29525855	1.3566
3.27312895	1.3475
3.26131757	1.3561
3.23094546	1.3879
3.17929074	1.4328
3.14517158	1.4664
3.13929516	1.4759
3.16004265	1.4667
3.19397403	1.4355
3.23753129	1.3864
3.29629716	1.329
3.35182007	1.2914
3.3765342	1.2839
3.36604889	1.3061
3.32783076	1.3481
3.27965946	1.3938
3.23121894	1.4404
3.19602825	1.4462
3.1665193	1.431
3.14780741	1.373
3.15810165	1.2742
3.20158171	1.1728
3.24677834	1.0979
3.28493329	1.0679
3.30230069	1.0953
3.29548808	1.1679
3.25572294	1.2675
3.20957132	1.3702
3.18636109	1.4303
3.18997767	1.4476
3.19864682	1.4372
3.21019522	1.401
3.22708993	1.3264
3.25346141	1.2234
3.29803132	1.1357
3.3621754	1.0892
3.42045564	1.0848
3.43976102	1.1165
3.43372084	1.1761
3.41261132	1.24
3.38821607	1.2982
3.35520413	1.3549
3.32853774	1.3801
3.313169	1.3772
3.31785321	1.3485
3.3483243	1.3058
3.38403486	1.2611
3.41984103	1.2266
3.45697652	1.1887
3.50681619	1.1575
3.55529396	1.1309
3.59964588	1.1066
3.61486683	1.087
3.62916148	1.0859
3.66469064	1.1077
3.71743025	1.1407
3.72250098	1.1887
3.66720154	1.2686
3.59809157	1.3611
3.55258526	1.4259
3.51318476	1.445
3.4805384	1.4471
3.45306578	1.4322
3.4279603	1.3947
3.4275801	1.3283
3.44026406	1.25
3.43145838	1.202
3.40256809	1.1932
3.37388441	1.2221
3.37435907	1.2782
3.40142266	1.3367
3.43369912	1.3919
3.46439646	1.441
3.48653557	1.4799
3.51033057	1.4877
3.53235262	1.4681
3.55140683	1.4253
3.54769159	1.3912
3.51933802	1.3776
3.49325312	1.3791
3.47941148	1.3838
3.47053232	1.3787
3.46253524	1.3723
3.46340142	1.3463
3.47838556	1.3052
3.5327997	1.2496
3.59925771	1.2042
3.64429045	1.1617
3.63958404	1.1505
3.60368118	1.1768
3.56905513	1.2359
3.5145038	1.3138
3.45427724	1.3716
3.41268828	1.3892
3.39161863	1.3845
3.39926962	1.3592
3.43610961	1.3158
3.47568226	1.2648
3.49678766	1.2164
3.50121296	1.1782
3.49012133	1.1789
3.46575529	1.2193
3.41870636	1.2861
3.3692652	1.3562
3.33080639	1.4247
3.31219836	1.4779
3.3053999	1.5199
3.30878458	1.5427
3.32633705	1.5398
3.35816149	1.5108
3.3986425	1.4658
3.41648613	1.4254
3.4090658	1.3857
3.40092257	1.3496
3.38887161	1.328
3.37098069	1.3248
3.33653056	1.3574
3.30821324	1.3863
3.3018806	1.4023
3.31915472	1.4131
3.34603606	1.4049
3.37544169	1.3905
3.41273495	1.3696
3.45912327	1.3451
3.50250581	1.3149
3.5234119	1.2865
3.51651378	1.2711
3.48436358	1.2605
3.43701504	1.2724
3.38614551	1.2724
3.31281736	1.2851
3.24841923	1.318
3.21486118	1.3494
3.21396493	1.3721
3.24304312	1.37
3.27779774	1.351
3.30647618	1.3185
3.3305172	1.2981
3.34540378	1.3267
3.35037907	1.3538
3.34271455	1.36
3.31413298	1.3783
3.27260887	1.4078
3.23028528	1.4345
3.18299749	1.4244
3.14360862	1.3872
3.12358924	1.3507
3.12918137	1.3447
3.15365222	1.3628
3.19303151	1.3812
3.24826085	1.3967
3.30675764	1.4062
3.35879662	1.4219
3.39734123	1.4427
3.41956232	1.4535
3.42720216	1.4425
3.42118412	1.4178
3.40041617	1.3935
3.37655011	1.3803
3.35106399	1.3775
3.33120968	1.3787
3.32883471	1.3762
3.32609271	1.3761
3.30977785	1.3704
3.29273659	1.3783
3.29917481	1.3911
3.33620741	1.3883
3.37042994	1.3565
3.37896008	1.3129
3.35276454	1.296
3.33376964	1.2947
3.33774067	1.3019
3.34323896	1.2947
3.33279963	1.2895
3.31340383	1.2802
3.32422872	1.2722
3.38443325	1.2708
3.46988127	1.2596
3.53379144	1.2534
3.57713366	1.2498
3.61057162	1.259
3.63338858	1.2739
3.61984414	1.2957
3.57474747	1.3096
3.50346495	1.3294
3.44753012	1.3402
3.4269788	1.3283
3.43804796	1.2988
3.48654824	1.2548
3.55321398	1.2159
3.62524337	1.1734
3.69325361	1.1404
3.73649371	1.1034
3.74903072	1.085
3.72081385	1.1015
3.67840015	1.151
3.6497679	1.2036
3.63071521	1.2407
3.61157143	1.2558
3.58781851	1.257
3.58029802	1.2516
3.59767799	1.2324
3.63688028	1.229
3.67887684	1.2575
3.68896898	1.3065
3.65280034	1.347
3.57834421	1.3665
3.5032042	1.3503
3.44203182	1.3219
3.40049262	1.2803
3.40178347	1.2378
3.43788132	1.1988
3.49760472	1.1663
3.55718332	1.1478
3.6072054	1.1469
3.63978362	1.1782
3.6484094	1.234
3.61570132	1.3018
3.56358134	1.3608
3.49979604	1.4095
3.47592069	1.4169
3.49335887	1.3824
3.53585148	1.3153
3.56771719	1.261
3.58273433	1.2229
3.59454462	1.185
3.62164664	1.1692
3.63589457	1.1863
3.60903776	1.2374
3.55413276	1.2946
3.50360791	1.3447
3.47982798	1.3841
3.4659249	1.4333
3.45051993	1.4928
3.42980549	1.5512
3.41943899	1.5613
3.42803381	1.5243
3.44581791	1.4795
3.4475712	1.4499
3.43606666	1.4178
3.41658868	1.3688
3.40273088	1.3065
3.39384782	1.2598
3.37549177	1.2474
3.34928208	1.2615
3.3330668	1.2894
3.34664828	1.2895
3.35956134	1.2809
3.34105895	1.2784
3.30936381	1.2782
3.28504459	1.268
3.28220391	1.2371
3.29682416	1.2024
3.30599903	1.1801
3.30435997	1.1873
3.31569836	1.1985
3.36228573	1.1984
3.41143047	1.1885
3.43851732	1.1979
3.4428616	1.2145
3.45109913	1.2249
3.46877167	1.2372
3.48465744	1.2322
3.48179005	1.2402
3.45463944	1.2546
3.39941398	1.2638
3.35327919	1.2653
3.32776825	1.2796
3.31770123	1.2939
3.3191307	1.3172
3.33779783	1.3307
3.37533724	1.3216
3.42465372	1.292
3.48373058	1.2497
3.53291854	1.2236
3.55455307	1.2156
3.52305564	1.2132
3.46199264	1.2109
3.41491647	1.2139
3.40232168	1.2392
3.42661167	1.2785
3.45326851	1.3142
3.45980058	1.3391
3.47246486	1.3188
3.48136075	1.2843
3.47898546	1.2592
3.43575462	1.2497
3.36144101	1.2436
3.28614946	1.2555
3.23841905	1.2879
3.21645326	1.3157
3.22068864	1.3171
3.23934986	1.3003
3.28908564	1.2561
3.3803535	1.2055
3.49397912	1.1557
3.58398353	1.1106
3.62063385	1.0725
3.60993689	1.0678
3.59148815	1.1115
3.55610982	1.2104
3.51086069	1.3287
3.46213325	1.4176
3.42966346	1.4434
3.3999508	1.4425
3.38660351	1.4227
3.3921619	1.389
3.41569049	1.3388
3.42914915	1.2905
3.4143188	1.2601
3.3736586	1.2672
3.34575404	1.3003
3.34800406	1.3311
3.35352123	1.3471
3.33817212	1.3461
3.31036762	1.3426
3.29287462	1.3347
3.31694119	1.3178
3.36418168	1.2833
3.38667771	1.2526
3.3717385	1.251
3.3489396	1.2854
3.33655732	1.346
3.32595636	1.3837
3.3041019	1.3873
3.29250934	1.3573
3.30622062	1.31
3.33461049	1.2569
3.35812919	1.1959
3.3707878	1.1331
3.37956742	1.0928
3.38888667	1.0964
3.38792018	1.1633
3.37741996	1.256
3.36396476	1.3677
3.36137917	1.4401
3.36569583	1.4759
3.363089	1.481
3.35876357	1.4653
3.34625636	1.4294
3.32394226	1.3645
3.29900026	1.2976
3.2861939	1.2575
3.28596927	1.2684
3.28712616	1.3219
3.29539715	1.3932
3.31172522	1.4595
3.32515469	1.4909
3.32971462	1.5074
3.33954	1.5098
3.3694408	1.5002
3.41706652	1.4649
3.45688619	1.403
3.47425782	1.3373
3.47223106	1.2774
3.4781354	1.2433
3.50468168	1.2385
3.53696984	1.2357
3.57817177	1.2395
3.61314639	1.2515
3.61467789	1.2754
3.5894611	1.3023
3.56091074	1.3416
3.53194586	1.3944
3.49763106	1.4481
3.44993975	1.4945
3.40164579	1.5147
3.35750549	1.51
3.3396736	1.4778
3.34888845	1.4276
3.37805301	1.3815
3.40096182	1.3435
3.40447891	1.3085
3.39742243	1.3162
3.38757478	1.3477
3.37928167	1.4056
3.36987243	1.4774
3.3769324	1.5423
3.40719824	1.5846
3.45925203	1.5923
3.504141	1.57
3.52735082	1.5132
3.52355322	1.4566
3.50125272	1.4179
3.46923462	1.3985
3.42467587	1.3881
3.36585759	1.3895
3.30635765	1.4132
3.26158959	1.4428
3.24259948	1.4585
3.25193875	1.4558
3.28915517	1.4311
3.3366757	1.3972
3.38502447	1.3771
3.42881913	1.3626
3.45766333	1.3704
3.45612816	1.4076
3.43352538	1.4691
3.40676845	1.522
3.39742289	1.5528
3.39620122	1.5785
3.40329708	1.587
3.41570594	1.566
3.44616474	1.508
3.47661764	1.446
3.48470197	1.3963
3.46804172	1.3679
3.43434583	1.3634
3.40328877	1.3865
3.36886979	1.421
3.33374357	1.4598
3.30277441	1.4914
3.293015	1.5036
3.33157755	1.4919
3.40786815	1.4615
3.48389812	1.4225
3.52600841	1.3888
3.52408194	1.3755
3.49938144	1.3885
3.48119816	1.4212
3.47638051	1.4601
3.47673826	1.4757
3.47070488	1.4755
3.48811928	1.4588
3.51797183	1.4202
3.55824363	1.3765
3.58677724	1.3324
3.59545801	1.2941
3.59381943	1.2783
3.57209014	1.2945
3.51874083	1.3552
3.43271617	1.4251
3.37181632	1.4821
3.34057257	1.4985
3.33966584	1.4802
3.35871057	1.4438
3.39449449	1.3906
3.43381459	1.32
3.46797307	1.2575
3.50284595	1.2133
3.5254892	1.2083
3.52143715	1.2489
3.49835563	1.3067
3.46913071	1.3686
3.44315955	1.4052
3.43203225	1.4405
3.44660174	1.4642
3.46493548	1.4629
3.48581866	1.4299
3.51167754	1.3822
3.54933618	1.3321
3.56826555	1.2998
3.54384799	1.2829
3.48077609	1.2767
3.39269488	1.29
3.31298545	1.3262
3.27039953	1.3599
3.26508762	1.3762
3.2834736	1.3783
3.31648875	1.3877
3.36985356	1.3842
3.43018043	1.3831
3.48972274	1.3796
3.52216556	1.3863
3.516523	1.4035
3.48429445	1.4282
3.44258765	1.4432
3.40818268	1.4516
3.37950074	1.4604
3.35786067	1.4509
3.34557818	1.4163
3.36015443	1.3487
3.4077537	1.2776
3.46148352	1.2361
3.47505073	1.2387
3.465633	1.268
3.44907344	1.3096
3.41557099	1.354
3.37427214	1.389
3.32790025	1.4218
3.30880482	1.4362
3.32602467	1.4123
3.36516344	1.3676
3.41049756	1.3138
3.47697831	1.2642
3.54610356	1.2195
3.5982007	1.2128
3.59377575	1.2264
3.53860818	1.2606
3.46049273	1.3094
3.39400715	1.3477
3.34967847	1.3745
3.3334411	1.3834
3.32767939	1.3856
3.33263464	1.3814
3.35342916	1.362
3.39040954	1.3421
3.42504486	1.324
3.43483874	1.3358
3.42321337	1.3681
3.40680961	1.3962
3.38989645	1.4069
3.37097594	1.3991
3.33344231	1.3844
3.29137323	1.3561
3.2709977	1.3197
3.27889184	1.279
3.30409184	1.2524
3.33721948	1.2516
3.37350244	1.2783
3.40461752	1.3131
3.42624235	1.3518
3.4344869	1.3886
3.43139755	1.4168
3.43946094	1.4168
3.45190532	1.3944
3.46861278	1.3569
3.4863013	1.3123
3.49354706	1.2829
3.49066878	1.2726
3.48748466	1.2734
3.4786996	1.2748
3.4626955	1.2873
3.46156768	1.2909
3.48034678	1.2997
3.49975003	1.3142
3.50323131	1.346
3.49894071	1.3897
3.50477584	1.4349
3.51131053	1.4706
3.49987836	1.4797
3.47017887	1.4784
3.43379151	1.4661
3.42076863	1.4279
3.42905062	1.3678
3.43231314	1.3068
3.42278475	1.2618
3.39265391	1.2294
3.37151227	1.2505
3.37641004	1.3077
3.38300884	1.3891
3.37845573	1.4569
3.37126706	1.4861
3.38334549	1.4841
3.41895527	1.455
3.46589682	1.4141
3.49210693	1.3658
3.48212907	1.3105
3.43923076	1.2636
3.39206918	1.241
3.34831585	1.2611
3.3047991	1.2853
3.26401105	1.3014
3.2282555	1.3008
3.22088554	1.3015
3.24404212	1.3017
3.29989828	1.2977
3.36579406	1.2846
3.40265502	1.2734
3.40803965	1.2922
3.40304877	1.3444
3.39424245	1.4134
3.38435649	1.4614
3.37079993	1.481
3.37148652	1.4739
3.3886427	1.4468
3.4366806	1.3814
3.51770334	1.2871
3.60467613	1.1855
3.64964619	1.1229
3.64808884	1.1043
3.62186359	1.1298
3.56964649	1.2128
3.50333625	1.3235
3.43062663	1.425
3.3716243	1.4842
3.35070869	1.4984
3.36956943	1.4662
3.42338285	1.4013
3.49290551	1.3117
3.55154096	1.2312
3.58881228	1.1909
3.60090532	1.1926
3.58048776	1.2339
3.52548796	1.3025
3.45877467	1.3774
3.4070239	1.415
3.37706715	1.4309
3.36887319	1.4312
3.38366272	1.4188
3.41326358	1.3953
3.45699861	1.3632
3.49088035	1.3392
3.50452594	1.3261
3.49732413	1.3327
3.46102208	1.3564
3.41242459	1.3741
3.37365158	1.3858
3.3726458	1.3794
3.39506161	1.3553
3.42397575	1.3262
3.46620722	1.3012
3.52030665	1.2987
3.58778282	1.334
3.6479498	1.3971
3.6823058	1.4679
3.66525812	1.5259
3.62551317	1.538
3.58450307	1.5175
3.56603442	1.4742
3.5675117	1.4337
3.56949298	1.3995
3.56013236	1.3662
3.55176739	1.3444
3.52666834	1.3464
3.5014344	1.3642
3.46155776	1.3913
3.41614643	1.4113
3.39236905	1.4196
3.40649246	1.4112
3.44370602	1.3848
3.47854479	1.3473
3.48274289	1.3255
3.47198527	1.3094
3.47279018	1.3122
3.49797862	1.3273
3.52658135	1.3562
3.54776414	1.3899
3.55607852	1.416
3.56094302	1.4178
3.56486076	1.39
3.56481173	1.342
3.58381485	1.2774
3.60381384	1.2198
3.60142925	1.182
3.55761758	1.188
3.49818688	1.2407
3.46343756	1.3141
3.45230213	1.3823
3.46103514	1.4313
3.47008998	1.4487
3.4755331	1.4552
3.48123934	1.4502
3.49558103	1.4224
3.51419981	1.3944
3.53439083	1.3606
3.54966074	1.3422
3.55574991	1.3456
3.57223373	1.349
3.60312736	1.3477
3.62695038	1.3337
3.63690651	1.3228
3.6560846	1.3239
3.669995	1.3431
3.66375567	1.3755
3.6496686	1.3863
3.6114205	1.4162
3.584374	1.4282
3.57110879	1.4392
3.57608492	1.4314
3.58758498	1.4
3.59954611	1.358
3.60479685	1.3018
3.5931858	1.2319
3.55420921	1.1699
3.50615423	1.1332
3.45383257	1.1425
3.40805824	1.2107
3.37393215	1.3148
3.35265867	1.4179
3.33904889	1.4859
3.33777825	1.5123
3.35553171	1.5006
3.40663313	1.4691
3.46929377	1.4377
3.48844115	1.41
3.46480293	1.3671
3.42571125	1.3216
3.39947518	1.3057
3.37721677	1.3199
3.344648	1.3568
3.31283112	1.3926
3.30464946	1.3978
3.33076382	1.395
3.37906998	1.3843
3.43197425	1.3571
3.47264379	1.3054
3.48835363	1.2433
3.46995195	1.1972
3.42670905	1.1851
3.38556038	1.2012
3.35796693	1.2205
3.33590123	1.239
3.3150846	1.2468
3.30645876	1.2488
3.32839714	1.2283
3.38931085	1.1838
3.44615992	1.1216
3.47839721	1.0564
3.5115415	1.0054
3.57480379	1.0124
3.59642673	1.0641
3.53150313	1.143
3.4155747	1.2342
3.31701806	1.3274
3.27806186	1.3888
3.28729161	1.4219
3.31869946	1.4203
3.35292568	1.3794
3.38608973	1.3051
3.41732156	1.2356
3.43696243	1.1968
3.43356702	1.2077
3.40964648	1.2674
3.37033395	1.3548
3.33371017	1.4495
3.31707679	1.5262
3.32445916	1.573
3.34628462	1.5913
3.37838145	1.5898
3.42129058	1.5622
3.47062417	1.5141
3.51486	1.4785
3.533223	1.4694
3.51667319	1.4934
3.47143053	1.5307
3.42655689	1.5578
3.38594668	1.5743
3.35041228	1.5708
3.32669049	1.5537
3.32534216	1.5023
3.34682482	1.4196
3.37410698	1.3403
3.40451726	1.2989
3.43560861	1.2995
3.4517221	1.3408
3.44068329	1.4063
3.40962758	1.4709
3.37961007	1.51
3.35709135	1.527
3.3491819	1.5247
3.34801217	1.504
3.33217133	1.46
3.31253407	1.4096
3.29848268	1.3776
3.28913498	1.382
3.28626867	1.4062
3.28640178	1.4253
3.28546128	1.437
3.29696781	1.4507
3.32317153	1.4689
3.35522537	1.4882
3.38697977	1.4819
3.41706662	1.4542
3.44449021	1.4131
3.46264088	1.3833
3.4616005	1.3817
3.4474137	1.3965
3.42656817	1.4111
3.41624503	1.4123
3.42479725	1.4084
3.45682731	1.3932
3.49562687	1.3671
3.5354225	1.3199
3.56809708	1.2565
3.58915862	1.2198
3.60138502	1.2219
3.58882129	1.2696
3.55256339	1.3399
3.50330627	1.4185
3.46903905	1.478
3.44568697	1.5092
3.43526043	1.5148
3.44723758	1.4961
3.46899924	1.4698
3.49768919	1.4224
3.51381436	1.3623
3.5168956	1.3118
3.5062136	1.296
3.46390457	1.3054
3.41174032	1.3489
3.36126563	1.4059
3.32230691	1.45
3.31026672	1.4665
3.31660115	1.4611
3.33907397	1.4466
3.36777287	1.4317
3.39658008	1.4263
3.41271295	1.4169
3.40877523	1.425
3.40080593	1.4522
3.39201674	1.4841
3.38912129	1.5121
3.38715338	1.522
3.38855043	1.5084
3.4152289	1.459
3.47177399	1.3951
3.53689898	1.3392
3.59168315	1.3075
3.62442528	1.3073
3.60069389	1.3294
3.52673385	1.3701
3.43840721	1.4267
3.3744622	1.4645
3.33643506	1.4851
3.31493905	1.4881
3.30650074	1.4658
3.30921374	1.4182
3.31820984	1.3635
3.33006285	1.3141
3.34242837	1.302
3.34484631	1.3322
3.33586711	1.3878
3.33692875	1.447
3.34561201	1.5075
3.34639098	1.5608
3.33125094	1.5928
3.31983749	1.5982
3.32125311	1.5697
3.32382874	1.509
3.31957672	1.4498
3.30683155	1.4094
3.29511569	1.3872
3.29759446	1.3632
3.28865067	1.3529
3.24755443	1.3739
3.19838835	1.3988
3.1806218	1.419
3.19005057	1.4255
3.20714459	1.4205
3.22091914	1.4179
3.23440799	1.4182
3.25634462	1.4359
3.30117443	1.4642
3.35895368	1.4778
3.40336905	1.4951
3.41371706	1.5027
3.40702694	1.4969
3.40283819	1.4623
3.39750028	1.4344
3.39364648	1.4087
3.37412121	1.4127
3.3475118	1.4319
3.3226932	1.4554
3.3223174	1.4736
3.33135191	1.4941
3.32521276	1.4974
3.29991779	1.4825
3.26571978	1.4515
3.2402938	1.4079
3.22829357	1.3704
3.22270247	1.3366
3.20779634	1.3182
3.19438324	1.3157
3.20901616	1.3345
3.25962312	1.3615
3.31657998	1.3964
3.35212195	1.4449
3.35613806	1.4718
3.3450801	1.4729
3.33737253	1.456
3.33660868	1.4252
3.33434639	1.3884
3.33338108	1.3489
3.3424789	1.3071
3.37765127	1.2698
3.4093355	1.2563
3.41479457	1.2623
3.39707254	1.2846
3.36805453	1.3003
3.34860009	1.3135
3.34142104	1.3212
3.33520109	1.3259
3.34561451	1.3259
3.37015531	1.323
3.41729282	1.3059
3.46187586	1.287
3.49434591	1.2634
3.50497866	1.2437
3.49894969	1.2358
3.47840037	1.2417
3.45946911	1.2644
3.43722111	1.3062
3.40691105	1.352
3.3871424	1.3824
3.37736508	1.3849
3.37247996	1.3694
3.36807913	1.3452
3.35647439	1.3253
3.34856235	1.2963
3.34680795	1.2575
3.35221214	1.2286
3.34513118	1.2203
3.32021911	1.2309
3.29193448	1.2604
3.28850887	1.3047
3.31154588	1.35
3.34237896	1.3928
3.37837792	1.4201
3.43223669	1.4247
3.50249905	1.3989
3.5728987	1.3602
3.62859717	1.3024
3.65116666	1.2353
3.63358744	1.1853
3.60245233	1.1528
3.58097882	1.1534
3.55532378	1.1794
3.52317282	1.2202
3.49080698	1.2736
3.48491825	1.3109
3.48696587	1.3317
3.4790071	1.3344
3.46536674	1.3308
3.46128421	1.3114
3.44924786	1.2817
3.42510908	1.2518
3.38708083	1.2141
3.3485541	1.1828
3.34394021	1.1833
3.35704063	1.1952
3.37589064	1.1819
3.39486533	1.1732
3.42051714	1.1706
3.46302826	1.1848
3.49922916	1.2097
3.49729761	1.2438
3.47863125	1.2653
3.45572817	1.2937
3.4312324	1.3233
3.41687194	1.3576
3.40732854	1.384
3.41990231	1.3842
3.44123504	1.363
3.46540831	1.3438
3.48244112	1.328
3.495225	1.315
3.50665061	1.298
3.50817602	1.2729
3.48200845	1.2475
3.4456067	1.2344
3.43577823	1.2257
3.44753387	1.214
3.45080487	1.216
3.44481203	1.2064
3.44534907	1.201
3.47320726	1.1911
3.49848776	1.2067
3.49994487	1.2585
3.48014224	1.3177
3.45659638	1.3599
3.45309777	1.3923
3.47457936	1.4255
3.49385738	1.4367
3.50520363	1.4181
3.51975869	1.346
3.56473567	1.2377
3.62496832	1.1585
3.64936191	1.1195
3.63091455	1.1207
3.57038804	1.1527
3.50933099	1.2092
3.46874043	1.3075
3.45304742	1.3997
3.44151203	1.4655
3.42996666	1.4815
3.43063177	1.4475
3.45676039	1.3661
3.52306499	1.2783
3.61243774	1.2196
3.6728318	1.1749
3.66756596	1.1511
3.60751333	1.146
3.5311596	1.1709
3.4745748	1.2152
3.46171841	1.2641
3.50418759	1.3009
3.59549038	1.3163
3.70474608	1.3313
3.79334235	1.309
3.81440282	1.2937
3.77491672	1.2872
3.67312198	1.3073
3.55085837	1.3468
3.47666727	1.397
3.45759383	1.4309
3.46191311	1.4382
3.47167622	1.4182
3.4906079	1.3606
3.53194954	1.2551
3.61658367	1.1489
3.71344779	1.0753
3.74083646	1.0583
3.70227423	1.0641
3.62044643	1.0989
3.5456139	1.1396
3.46111951	1.1857
3.37254097	1.241
3.321425	1.2797
3.31148734	1.2895
3.33235142	1.2668
3.39193769	1.2301
3.45697392	1.1882
3.52233783	1.1572
3.56308674	1.1253
3.55056309	1.0974
3.5136923	1.0875
3.47314711	1.0887
3.43729926	1.071
3.3839519	1.0804
3.31714631	1.1037
3.28192413	1.1504
3.29818244	1.2001
3.34693532	1.2538
3.37260741	1.315
3.36710138	1.3699
3.36701942	1.422
3.36589563	1.4484
3.36394309	1.4562
3.35737186	1.4369
3.33907988	1.3865
3.32819453	1.3192
3.33038647	1.2522
3.35356044	1.1923
3.36519131	1.1514
3.35111928	1.1548
3.32791476	1.1892
3.32632102	1.2357
3.33786257	1.2832
3.34592639	1.3285
3.34191268	1.35
3.32687633	1.3655
3.33017476	1.3758
3.35735017	1.369
3.38662284	1.3392
3.40061916	1.3011
3.40067129	1.2645
3.39016772	1.2546
3.39503362	1.2405
3.40088483	1.2409
3.40740374	1.2499
3.42614493	1.2762
3.44785175	1.315
3.46372494	1.3606
3.47228677	1.3918
3.48693755	1.4209
3.49687392	1.4568
3.4905779	1.4669
3.4834426	1.4595
3.4726897	1.4367
3.44012458	1.4044
3.39093124	1.363
3.33353537	1.3214
3.29888315	1.2917
3.29438542	1.268
3.31826807	1.2612
3.35044103	1.2748
3.37119194	1.3089
3.38335491	1.3378
3.4095951	1.3758
3.46207708	1.3843
3.53140021	1.3734
3.58682884	1.342
3.60437164	1.3182
3.59209016	1.3257
3.57435077	1.3452
3.56377327	1.365
3.55921294	1.3652
3.53264139	1.3601
3.505467	1.343
3.48890275	1.3202
3.49439637	1.2666
3.50184162	1.204
3.50333369	1.157
3.49942654	1.1485
3.49166456	1.1795
3.47394773	1.2395
3.45201236	1.2954
3.43514975	1.346
3.43949604	1.3743
3.46732022	1.3785
3.52683841	1.354
3.59712478	1.291
3.65660295	1.2232
3.68668634	1.1654
3.68518733	1.1405
3.64628267	1.1451
3.56286677	1.1686
3.47486799	1.1972
3.40127581	1.2274
3.3750778	1.248
3.38424357	1.2494
3.39778477	1.2314
3.40199045	1.2012
3.42221305	1.187
3.45778406	1.1893
3.4986228	1.2095
3.49368686	1.2381
3.43900686	1.2681
3.37937198	1.3083
3.34837377	1.344
3.36260307	1.3513
3.40301059	1.3298
3.4632817	1.2656
3.53519673	1.2001
3.60313115	1.135
3.67458161	1.0979
3.72639232	1.093
3.71400188	1.1289
3.63808533	1.2021
3.52889069	1.3102
3.45197929	1.4034
3.42674117	1.4418
3.44233133	1.4239
3.46336528	1.3629
3.48381403	1.2727
3.50257796	1.1684
3.54034464	1.0699
3.59098616	1.0065
3.61563874	0.989
3.58389599	1.0433
3.53166452	1.1311
3.49325708	1.2208
3.49860438	1.2978
3.51895366	1.357
3.53875368	1.3872
3.55803431	1.3851
3.59250623	1.3681
3.6449141	1.3428
3.69505982	1.3222
3.70963463	1.3319
3.68449248	1.3568
3.63132467	1.3832
3.57817923	1.3948
3.5672194	1.3705
3.6090526	1.3237
3.67527783	1.2608
3.74905007	1.1877
3.81493199	1.1119
3.84718347	1.0702
3.82630401	1.0851
3.76456473	1.1533
3.65631461	1.2544
3.54410867	1.3489
3.46229042	1.4056
3.4329844	1.4278
3.44778662	1.4013
3.5031115	1.3436
3.58584755	1.2692
3.67423801	1.1974
3.7515448	1.143
3.80353937	1.1276
3.80057056	1.1574
3.73888356	1.2036
3.66129883	1.2425
3.61021249	1.2708
3.59363986	1.2838
3.60849585	1.2757
3.63497189	1.2579
3.68038787	1.2325
3.73936241	1.2242
3.7764274	1.2355
3.76691842	1.2504
3.70367145	1.261
3.62144737	1.2707
3.55004108	1.2823
3.49087969	1.2963
3.43787973	1.302
3.39634475	1.2792
3.38238582	1.2309
3.39736584	1.1987
3.44677898	1.1794
3.49345133	1.1996
3.51942792	1.24
3.5403811	1.2821
3.56237244	1.3135
3.58431941	1.3408
3.58872849	1.3757
3.58063628	1.4061
3.569398	1.4125
3.56662147	1.3833
3.58935258	1.3309
3.6299219	1.2777
3.66884559	1.2416
3.68673236	1.222
3.68796582	1.2061
3.70553893	1.192
3.71647239	1.1927
3.71246276	1.199
3.69776837	1.2076
3.68320449	1.208
3.66270327	1.2105
3.65916156	1.222
3.64604196	1.2564
3.63842886	1.2933
3.63531618	1.3182
3.65206336	1.33
3.65014744	1.3293
3.62713093	1.3311
3.58212623	1.3402
3.52625354	1.352
3.47811848	1.356
3.45533492	1.3366
3.43100805	1.3166
3.40858022	1.3137
3.41713197	1.3302
3.45984364	1.3539
3.50820242	1.3781
3.53933415	1.3797
3.54643923	1.3898
3.54101615	1.4091
3.52842466	1.4391
3.50269988	1.4591
3.47956941	1.4381
3.46914073	1.3864
3.4911334	1.3338
3.53204571	1.2966
3.60228812	1.2534
3.67639198	1.1977
3.71243711	1.1338
3.71347477	1.0918
3.70765924	1.0803
3.66869879	1.0936
3.60298133	1.1178
3.53074845	1.1621
3.46125148	1.2309
3.4278476	1.2943
3.41885269	1.3268
3.44102755	1.3074
3.49620781	1.2632
3.57425892	1.215
3.64491213	1.1593
3.6794032	1.0976
3.68604975	1.0344
3.66340025	0.9956
3.61257761	0.9939
3.5463743	1.0363
3.50252457	1.0906
3.49793772	1.1337
3.53891327	1.1791
3.60108373	1.2108
3.65390028	1.2337
3.68182428	1.2365
3.66834096	1.2312
3.62066114	1.2201
3.54563217	1.2378
3.47721354	1.2805
3.42883906	1.3183
3.39353857	1.3414
3.3837863	1.3453
3.41710391	1.3182
3.49690258	1.2662
3.60731074	1.2099
3.71481588	1.1433
3.77726059	1.0858
3.77516313	1.0512
3.71396233	1.0706
3.62098152	1.1553
3.52508507	1.2732
3.46273314	1.3647
3.43550323	1.4063
3.44411618	1.4189
3.48747351	1.4126
3.57111723	1.3865
3.65872659	1.3352
3.72473417	1.2535
3.76132194	1.1726
3.75157713	1.1402
3.70374722	1.1885
3.63277855	1.2835
3.55990576	1.3644
3.50274899	1.4091
3.48233495	1.4241
3.49442788	1.4247
3.53230146	1.4197
3.56789946	1.3911
3.60077507	1.3342
3.62649855	1.2657
3.66373169	1.2133
3.7184718	1.2002
3.73057805	1.2237
3.70094201	1.2467
3.65431945	1.2584
3.60876386	1.2607
3.57067431	1.2791
3.54544876	1.302
3.55961865	1.3196
3.61024995	1.3241
3.68179847	1.3171
3.72300331	1.3205
3.74603688	1.3437
3.76450609	1.3746
3.78575644	1.4014
3.77989819	1.4164
3.74703375	1.4299
3.68585981	1.4312
3.60726426	1.3967
3.5580234	1.3578
3.54995367	1.3176
3.55506956	1.2669
3.57047969	1.2256
3.58849282	1.2135
3.61682297	1.2249
3.65355579	1.2634
3.67383226	1.3128
3.65869942	1.355
3.61144035	1.3734
3.5570305	1.3689
3.51310727	1.3605
3.5069387	1.344
3.53848544	1.3301
3.60350425	1.3019
3.68112773	1.2661
3.73936259	1.2458
3.77543167	1.2278
3.7834342	1.208
3.77933009	1.164
3.74260968	1.1136
3.67775218	1.0585
3.6186999	1.0397
3.58786765	1.0451
3.55600638	1.0701
3.51508815	1.0926
3.48515902	1.1061
3.48610131	1.1086
3.51326654	1.1201
3.52728135	1.1415
3.53405643	1.1601
3.52459044	1.1799
3.51010383	1.2001
3.50682601	1.2126
3.52733461	1.2384
3.55667569	1.271
3.58661181	1.302
3.59448173	1.3219
3.60170843	1.3214
3.60295399	1.3018
3.59034352	1.2912
3.56758997	1.2858
3.5192313	1.3049
3.45578047	1.3369
3.39151078	1.3694
3.33556571	1.4005
3.31642884	1.4247
3.33251657	1.422
3.36824058	1.4019
3.42250401	1.3671
3.48632112	1.3206
3.5673324	1.2622
3.65246256	1.1966
3.71001014	1.143
3.72663858	1.1258
3.71334631	1.1549
3.69064917	1.2163
3.66242188	1.288
3.61758325	1.3457
3.57514531	1.3815
3.55972978	1.3845
3.5779172	1.3573
3.61637328	1.3134
3.64813937	1.2574
3.64689269	1.2123
3.63824501	1.1868
3.62274581	1.1784
3.59497135	1.1925
3.56053961	1.2122
3.52383886	1.2318
3.49455539	1.2459
3.49863798	1.2527
3.53299594	1.2655
3.5820618	1.2851
3.59908027	1.3033
3.582421	1.3124
3.56280526	1.3233
3.5640977	1.3579
3.56076616	1.4108
3.53025022	1.4422
3.46627752	1.4401
3.40082269	1.3922
3.37115396	1.3348
3.38792326	1.3004
3.45390682	1.2586
3.5219353	1.2255
3.56561782	1.1992
3.59233301	1.2123
3.60564659	1.265
3.57784302	1.3487
3.50743229	1.4455
3.45044549	1.5013
3.4322606	1.5094
3.46508008	1.4766
3.53165703	1.4188
3.62411045	1.3413
3.69845555	1.2641
3.72905181	1.2049
3.72158851	1.1857
3.65915871	1.2212
3.5578769	1.2847
3.44568913	1.3653
3.3708401	1.4225
3.34402587	1.4383
3.34813863	1.4278
3.368945	1.4095
3.40759345	1.3766
3.44975492	1.3468
3.49454245	1.3196
3.53426134	1.3034
3.55996143	1.3014
3.56153842	1.3207
3.54398236	1.3319
3.51684588	1.345
3.50373195	1.3438
3.49374549	1.3453
3.49421053	1.3473
3.49720425	1.3474
3.50392131	1.3474
3.52026968	1.3536
3.5406111	1.3636
3.554318	1.3684
3.55287105	1.3663
3.53992398	1.3453
3.52295813	1.3231
3.5131922	1.2988
3.52270568	1.2881
3.51985523	1.2879
3.50840788	1.3029
3.50539723	1.3182
3.51416997	1.3335
3.53872876	1.3469
3.5628694	1.3596
3.58554575	1.3513
3.62295024	1.3173
3.67002087	1.2624
3.69781781	1.1983
3.67974744	1.1619
3.64853047	1.1396
3.62290338	1.1439
3.5913183	1.175
3.56632507	1.2232
3.54323319	1.2902
3.53605672	1.3686
3.53288359	1.4335
3.52590256	1.4642
3.52037042	1.465
3.52540515	1.4455
3.54750465	1.4065
3.57542863	1.3507
3.61199015	1.2872
3.63981041	1.2428
3.65292644	1.224
3.64765362	1.237
3.65120707	1.2644
3.64398415	1.2873
3.61803878	1.3104
3.5922659	1.3228
3.5775166	1.3337
3.56599637	1.3496
3.53260913	1.3566
3.49159505	1.3542
3.47428841	1.3419
3.491255	1.3244
3.51467472	1.3091
3.52079857	1.2865
3.51724043	1.2589
3.5253528	1.2262
3.54225995	1.2122
3.56249419	1.2298
3.54969289	1.2588
3.49398776	1.3006
3.42803244	1.3432
3.37600249	1.3985
3.35400773	1.4509
3.34551705	1.4716
3.33108458	1.4587
3.31301347	1.4286
3.29067445	1.4024
3.27737607	1.3821
3.27475477	1.3787
3.28719917	1.3851
3.30572686	1.3879
3.32342477	1.3815
3.34081048	1.3916
3.35130526	1.4207
3.37630116	1.4399
3.41859096	1.4179
3.46380676	1.3847
3.4853074	1.3654
3.48126299	1.3785
3.46671785	1.4047
3.44828628	1.4402
3.42336236	1.4683
3.39198163	1.478
3.36717309	1.4488
3.36190223	1.4129
3.3958624	1.3649
3.44945437	1.3191
3.50716739	1.2881
3.54759608	1.2748
3.56484247	1.2757
3.52936906	1.3074
3.46022671	1.3705
3.40041212	1.4391
3.36297198	1.4889
3.35349925	1.5098
3.3668782	1.5112
3.39126597	1.491
3.43086855	1.4348
3.48301881	1.3616
3.53330976	1.2966
3.55720022	1.2522
3.5295454	1.2385
3.46883926	1.2529
3.42551445	1.2901
3.40330944	1.3355
3.39690945	1.3916
3.41003476	1.4476
3.45095567	1.4604
3.51486897	1.4242
3.58283525	1.3579
3.64689902	1.2872
3.69420923	1.2415
3.69437752	1.2296
3.65273846	1.2368
3.58498082	1.2589
3.51623538	1.2928
3.46419437	1.3191
3.41719308	1.3202
3.37831653	1.2971
3.36559734	1.2548
3.38693679	1.2132
3.45688365	1.1756
3.5491722	1.1588
3.61198083	1.1799
3.62102517	1.2461
3.58134782	1.3174
3.53139827	1.3438
3.47126716	1.3021
3.42444845	1.2538
3.42169731	1.2627
3.46184308	1.3118
3.50552046	1.3307
3.54284499	1.2911
3.5640008	1.252
3.56868993	1.2459
3.56041986	1.278
3.52351419	1.3252
3.4679195	1.3711
3.41882579	1.4132
3.39906806	1.4342
3.39630934	1.4323
3.40952025	1.4095
3.43316943	1.3766
3.47194203	1.3427
3.51679271	1.319
3.54571053	1.3253
3.52328206	1.37
3.46350495	1.4304
3.39985749	1.4667
3.36839264	1.4692
3.38481948	1.4456
3.43586972	1.3919
3.48255148	1.3246
3.51724706	1.2383
3.55155701	1.186
3.59317395	1.1702
3.61029568	1.1915
3.57018977	1.2385
3.48230949	1.3003
3.39955633	1.3549
3.34963521	1.3884
3.33727693	1.3931
3.35651521	1.3547
3.39492911	1.2895
3.43746316	1.2149
3.45839046	1.1538
3.45116177	1.126
3.43581394	1.1339
3.41521181	1.1838
3.40368255	1.2532
3.38953052	1.3281
3.37587403	1.3759
3.36835216	1.4152
3.38638137	1.4531
3.41829247	1.4686
3.44652107	1.4402
3.47581368	1.3775
3.48795792	1.3249
3.4686921	1.3058
3.42198531	1.3109
3.36583652	1.3004
3.30533895	1.2838
3.26236093	1.2657
3.24496687	1.2518
3.25786416	1.2381
3.30130773	1.2182
3.36558669	1.1987
3.43490636	1.1911
3.50038904	1.2032
3.54835668	1.2492
3.5489531	1.3154
3.50817298	1.3713
3.45020453	1.4076
3.399555	1.4195
3.36467482	1.4194
3.36039975	1.4025
3.39648485	1.3553
3.46611724	1.285
3.54313492	1.213
3.60449931	1.1677
3.65899334	1.1409
3.68915016	1.1507
3.66262494	1.1924
3.57417813	1.2609
3.45105876	1.3461
3.3424204	1.4273
3.27454045	1.4984
3.26122032	1.5451
3.28064148	1.5444
3.31237715	1.4955
3.36100558	1.4142
3.44581577	1.3259
3.57103286	1.2585
3.67424835	1.2245
3.69212739	1.2081
3.61572859	1.1948
3.50640477	1.2017
3.41196376	1.2356
3.32093208	1.2957
3.25557033	1.3628
3.24082383	1.4059
3.27400414	1.4208
3.32002836	1.4182
3.36279421	1.4176
3.40391744	1.4166
3.44319079	1.3932
3.48820396	1.3394
3.52727861	1.2808
3.53600524	1.2455
3.50153303	1.2331
3.45875424	1.2393
3.43357264	1.2346
3.42961609	1.2258
3.42482712	1.2147
3.42574297	1.2085
3.42767123	1.2118
3.4428755	1.2251
3.46033228	1.2528
3.46482075	1.291
3.45683951	1.325
3.44811352	1.3432
3.43871346	1.3377
3.42573346	1.3122
3.41607368	1.2839
3.4053632	1.2443
3.39643467	1.2118
3.38862911	1.1817
3.38365308	1.1697
3.36878367	1.1828
3.35369388	1.2164
3.34865067	1.2554
3.35185109	1.3
3.3710688	1.3296
3.39282295	1.336
3.41454783	1.3167
3.43505972	1.2683
3.44685712	1.2195
3.46070078	1.1826
3.46574024	1.1684
3.47318446	1.1649
3.46846644	1.1794
3.45598695	1.2024
3.43691149	1.2273
3.42144766	1.2536
3.41081115	1.2708
3.40134118	1.2767
3.40226967	1.2707
3.41623124	1.2562
3.44127634	1.2528
3.4616136	1.271
3.45312373	1.3137
3.41849625	1.363
3.38400334	1.4019
3.37235942	1.4339
3.37876058	1.452
3.38100617	1.455
3.36493356	1.4437
3.34501927	1.416
3.3403715	1.3843
3.34127515	1.3589
3.33636706	1.3634
3.32243468	1.397
3.29904229	1.4446
3.2845026	1.484
3.29437662	1.5054
3.32407768	1.5098
3.3545175	1.511
3.36949077	1.5116
3.36505648	1.4995
3.37146248	1.458
3.38298949	1.4217
3.38452754	1.4267
3.36633179	1.4531
3.34475338	1.4738
3.35251758	1.4627
3.38279082	1.4091
3.41768035	1.3365
3.44845329	1.2687
3.49357965	1.2092
3.5276824	1.1595
3.53386774	1.1285
3.51969279	1.1449
3.49480749	1.2256
3.45698716	1.3497
3.41405017	1.4717
3.38232696	1.5427
3.36708998	1.5485
3.37985229	1.5069
3.41318389	1.4496
3.45419799	1.3902
3.48617196	1.3188
3.5163424	1.2406
3.53975459	1.1914
3.56758325	1.1777
3.5807483	1.2271
3.58574561	1.2958
3.60024147	1.3555
3.64258252	1.3893
3.69942443	1.4166
3.74125875	1.4267
3.74950261	1.4302
3.73047525	1.4048
3.70036265	1.36
3.66922624	1.3202
3.6377071	1.2966
3.59353289	1.2928
3.56287952	1.2944
3.55399311	1.2876
3.58708538	1.2759
3.64291348	1.2545
3.70420185	1.2284
3.75869606	1.1912
3.79098976	1.1698
3.79869488	1.1765
3.77235807	1.2113
3.71788299	1.2648
3.64892873	1.3468
3.59088934	1.4308
3.57310289	1.4843
3.57841316	1.4929
3.61163473	1.453
3.67289272	1.3675
3.74994524	1.2623
3.80847795	1.1672
3.8277109	1.0996
3.79685131	1.0578
3.71755574	1.0571
3.61063728	1.1144
3.52158166	1.2198
3.46508976	1.341
3.44555273	1.4408
3.45283801	1.4991
3.47289429	1.5064
3.52121667	1.4735
3.60591746	1.4225
3.70752543	1.3594
3.76439997	1.3204
3.76038886	1.2973
3.73479981	1.2993
3.71639189	1.3254
3.69060922	1.3499
3.64518501	1.3731
3.62015678	1.3639
3.62461175	1.3184
3.65777648	1.2596
3.70196923	1.211
3.73778255	1.1561
3.7536988	1.1324
3.731607	1.1281
3.6871631	1.1492
3.64916211	1.1895
3.61280206	1.2596
3.5705577	1.3332
3.53853076	1.3856
3.54615463	1.3971
3.60016055	1.3595
3.6946153	1.283
3.78142718	1.1876
3.82963734	1.087
3.8477776	1.0139
3.86370092	1.0026
3.86205715	1.0406
3.78944856	1.1142
3.67906248	1.1965
3.56937012	1.264
3.51057231	1.3031
3.49193417	1.2965
3.4890787	1.2711
3.48990166	1.2305
3.49085862	1.182
3.52023564	1.1311
3.5784954	1.1059
3.623662	1.1075
3.61936471	1.1271
3.56999679	1.1659
3.5249553	1.1966
3.51577991	1.2216
3.52549908	1.2375
3.52714898	1.2531
3.51282076	1.269
3.50437482	1.2812
3.50677638	1.2911
3.49381697	1.3116
3.46357766	1.3438
3.43225629	1.3713
3.39503586	1.3859
3.35884607	1.3863
3.3370843	1.3802
3.3290451	1.3534
3.33816893	1.3173
3.35492985	1.2675
3.38211032	1.2222
3.41932913	1.199
3.45581498	1.2042
3.48402176	1.2406
3.51596404	1.2967
3.53077228	1.3578
3.5377854	1.4125
3.53226155	1.4579
3.51860777	1.4804
3.49361914	1.48
3.47740835	1.479
3.47107307	1.487
3.47117397	1.4943
3.46651485	1.495
3.44274228	1.4793
3.41313253	1.4385
3.39592622	1.3865
3.39804687	1.3385
3.41188589	1.2996
3.42935734	1.2774
3.45660544	1.2542
3.50322286	1.2376
3.5540173	1.2474
3.60021399	1.2938
3.61152567	1.3723
3.60195665	1.456
3.57978318	1.5198
3.56648879	1.5394
3.55569057	1.5246
3.5576226	1.4716
3.54759942	1.4035
3.54672816	1.3207
3.55798093	1.2313
3.57082064	1.158
3.5628693	1.1214
3.53072451	1.1266
3.48345461	1.1803
3.45314509	1.2576
3.43939757	1.3377
3.43181833	1.387
3.42813958	1.4145
3.43320259	1.4453
3.47242414	1.443
3.54053883	1.394
3.64090574	1.3159
3.73919732	1.2527
3.80888074	1.2145
3.82977234	1.1938
3.81232021	1.1763
3.77475032	1.1648
3.73689084	1.1771
3.69592055	1.2178
3.658581	1.2612
3.62426447	1.2964
3.61416343	1.3148
3.60355492	1.3532
3.59432406	1.3869
3.55924633	1.4198
3.53666763	1.4279
3.51686617	1.4231
3.49931179	1.4188
3.49303032	1.4288
3.50125517	1.4319
3.51284242	1.4136
3.52851089	1.3727
3.55436559	1.3247
3.5889099	1.296
3.63520567	1.2751
3.66587972	1.2599
3.68237962	1.2521
3.67255088	1.2583
3.63493049	1.284
3.58660182	1.3397
3.55694036	1.3828
3.5350489	1.4018
3.51451134	1.4062
3.49895757	1.4111
3.50440266	1.4179
3.52037373	1.4164
3.53054881	1.4007
3.51514834	1.3899
3.46957048	1.3937
3.42695801	1.3996
3.41075404	1.4027
3.4233402	1.3989
3.44599056	1.3993
3.4693997	1.4147
3.50475922	1.4532
3.55089357	1.4961
3.56880132	1.5388
3.55310761	1.5652
3.52018158	1.5815
3.47931788	1.6011
3.44226367	1.6144
3.41931299	1.6117
3.39412863	1.5811
3.3854163	1.5165
3.40261061	1.4436
3.44429099	1.3808
3.47888097	1.3523
3.48210745	1.3538
3.47835389	1.3656
3.45862056	1.4055
3.43892729	1.4584
3.41792062	1.5314
3.39182135	1.5964
3.37734115	1.653
3.38688935	1.6957
3.41240608	1.7123
3.43378076	1.6915
3.4501754	1.6336
3.46492397	1.5662
3.47289625	1.5099
3.45040598	1.463
3.40158133	1.4371
3.34549795	1.4337
3.29146602	1.4632
3.26918924	1.5099
3.26723126	1.5547
3.28818222	1.5874
3.33030202	1.6114
3.38627646	1.6276
3.45544629	1.6229
3.52087369	1.6144
3.56426321	1.6002
3.56599968	1.5858
3.5240924	1.5695
3.45940979	1.5525
3.41382564	1.5378
3.3895545	1.5408
3.38757498	1.5326
3.40406991	1.4894
3.44088943	1.426
3.49504956	1.3544
3.55826863	1.3171
3.60225637	1.3037
3.60172997	1.313
3.54314983	1.3532
3.45199516	1.4451
3.36543459	1.5608
3.32077466	1.6436
3.30759068	1.6713
3.31804865	1.6576
3.35535022	1.6224
3.42835816	1.5537
3.52792016	1.4481
3.64124115	1.3233
3.73521115	1.2254
3.7702121	1.1881
3.73606872	1.217
3.67508088	1.2866
3.60690198	1.3752
3.5471596	1.4624
3.53506212	1.5268
3.55891654	1.5645
3.61256917	1.5551
3.68433226	1.4888
3.75584497	1.3939
3.79335158	1.3053
3.75543077	1.2666
3.66114068	1.2769
3.53141691	1.3314
3.40811561	1.399
3.32422576	1.4389
3.29401624	1.4441
3.30746593	1.4449
3.36215255	1.4554
3.439148	1.453
3.53107079	1.4221
3.6334823	1.3761
3.71025484	1.355
3.7134998	1.3841
3.66154107	1.4506
3.59853561	1.5308
3.55352279	1.5849
3.52967937	1.6077
3.51708117	1.5974
3.5171049	1.5462
3.53579396	1.443
3.57176023	1.3217
3.61636704	1.2212
3.63280387	1.1667
3.57221897	1.1817
3.46125096	1.2434
3.35614458	1.3444
3.30016673	1.4548
3.27563819	1.5407
3.27999582	1.5855
3.31227367	1.5888
3.37938413	1.5242
3.46198852	1.407
3.56268007	1.2873
3.6416142	1.205
3.67521457	1.1889
3.64036701	1.2404
3.5776469	1.3341
3.49457334	1.4268
3.42763173	1.4882
3.40243167	1.5126
3.42700533	1.4951
3.49951478	1.4195
3.61045683	1.3113
3.73246867	1.2051
3.80388371	1.1343
3.786139	1.1084
3.70057075	1.1312
3.58894252	1.2047
3.47899018	1.3179
3.40269545	1.4111
3.36889759	1.4531
3.36735895	1.4573
3.41190238	1.423
3.50594027	1.3593
3.64398648	1.2769
3.75955504	1.2216
3.81225721	1.171
3.77999139	1.1771
3.66986723	1.237
3.543713	1.3372
3.43924759	1.4335
3.36780476	1.4823
3.33142765	1.4834
3.34418157	1.4473
3.40894778	1.3944
3.50264795	1.3345
3.58943343	1.2759
3.62844587	1.2267
3.59984637	1.2103
3.54938917	1.2428
3.48899223	1.3106
3.43405019	1.3655
3.38638246	1.3882
3.37093639	1.3798
3.41900915	1.34
3.53854538	1.2913
3.68911829	1.245
3.79946032	1.2156
3.81263298	1.2141
3.74132199	1.275
3.63762312	1.3846
3.52132725	1.4891
3.42241118	1.5445
3.36877868	1.545
3.35814155	1.5008
3.39501569	1.4088
3.49444329	1.278
3.64291092	1.1398
3.76278761	1.0413
3.80332169	1.014
3.74534498	1.0775
3.63983371	1.2036
3.52070433	1.3399
3.41028161	1.4409
3.34997211	1.4832
3.3516793	1.4888
3.40339808	1.4576
3.51169738	1.3621
3.64743817	1.2145
3.77478604	1.0674
3.84296508	0.9982
3.82695986	1.0365
3.72244547	1.1509
3.55846227	1.2699
3.40751684	1.3556
3.32822525	1.3883
3.33224228	1.3892
3.40685472	1.3663
3.5274549	1.3047
3.67690688	1.2096
3.81914023	1.1204
3.90759064	1.0858
3.87438857	1.1174
3.74161597	1.2032
3.58232904	1.3038
3.46304921	1.3703
3.40916412	1.389
3.4138528	1.3654
3.47253231	1.315
3.5715374	1.2443
3.71352813	1.1474
3.85213819	1.0927
3.90785824	1.0855
3.85044361	1.1356
3.70406435	1.2284
3.5356058	1.3423
3.42400845	1.4242
3.36273369	1.4585
3.35412072	1.4442
3.40317995	1.4075
3.49974084	1.3476
3.63702543	1.2692
3.80219639	1.1928
3.928398	1.151
3.94295547	1.1828
3.84194376	1.2559
3.68478254	1.3236
3.55494886	1.375
3.48463955	1.3816
3.46985145	1.3633
3.49687891	1.3149
3.55313385	1.2508
3.64983381	1.1775
3.76452063	1.1046
3.85420675	1.0548
3.86339112	1.0554
3.80202465	1.0891
3.71879854	1.1332
3.64803919	1.1781
3.62270759	1.2075
3.6479719	1.2136
3.73670182	1.1817
3.86733376	1.1336
4.02459573	1.0805
4.14903265	1.0535
4.16958007	1.0637
4.07623788	1.1061
3.92209196	1.1605
3.76494175	1.2264
3.63090134	1.2881
3.54263281	1.3254
3.50532501	1.3348
3.52751342	1.296
3.59863867	1.2299
3.69202161	1.1581
3.74502245	1.104
3.72612477	1.1009
3.64875503	1.1633
3.53072263	1.27
3.41873172	1.391
3.35232907	1.4802
3.33874536	1.5191
3.37561984	1.5133
3.45631957	1.4756
3.56659654	1.4062
3.7243406	1.3158
3.87652221	1.2409
3.92073565	1.2045
3.81770434	1.2292
3.63127228	1.3167
3.45217813	1.4244
3.32223919	1.4832
3.25531187	1.4952
3.25941485	1.4729
3.31982567	1.4031
3.44629658	1.2881
3.63083736	1.1718
3.81891011	1.0891
3.89035511	1.0515
3.84377842	1.0587
3.7298025	1.1359
3.59890781	1.2569
3.46803064	1.3752
3.36668378	1.4529
3.32624001	1.4738
3.35956568	1.4512
3.4571615	1.3974
3.59081069	1.3204
3.71723078	1.2279
3.80661162	1.1543
3.83917545	1.1113
3.77265155	1.1298
3.62228718	1.2022
3.4674524	1.2927
3.36292192	1.3618
3.31210344	1.3797
3.29093374	1.3723
3.28733028	1.3552
3.30088389	1.3228
3.35618072	1.2685
3.43919289	1.2274
3.50334162	1.2181
3.50577061	1.2403
3.47017901	1.2894
3.43820805	1.3474
3.42625353	1.4043
3.41941123	1.4508
3.41466094	1.4835
3.42033598	1.4788
3.45539688	1.4419
3.5150591	1.4044
3.58383953	1.3681
3.62727528	1.3337
3.63312741	1.2894
3.62356096	1.2786
3.60541819	1.3145
3.56554878	1.3893
3.52073219	1.4556
3.46772791	1.5022
3.43831767	1.5196
3.43210014	1.5211
3.44476366	1.499
3.47021115	1.4544
3.49436652	1.4087
3.51994354	1.3732
3.53811095	1.3557
3.54788654	1.3439
3.5427063	1.3461
3.53829936	1.3505
3.52527133	1.3585
3.52621895	1.3845
3.5321105	1.4011
3.53877485	1.4053
3.54666519	1.4078
3.55438134	1.418
3.54368621	1.4347
3.51588516	1.4471
3.47919029	1.4507
3.44830502	1.4388
3.44188709	1.4175
3.44010862	1.403
3.43269106	1.3852
3.42228095	1.3579
3.42476756	1.3339
3.4548239	1.3085
3.4825216	1.3015
3.48338828	1.3187
3.47505081	1.3553
3.46879363	1.3833
3.47028042	1.4017
3.47959228	1.4084
3.4990281	1.4105
3.53827153	1.4023
3.5827141	1.388
3.62181417	1.3657
3.65027555	1.337
3.67124809	1.31
3.6712544	1.3073
3.63746611	1.3354
3.58149805	1.37
3.51027119	1.4041
3.43860402	1.4224
3.38020565	1.4264
3.35625835	1.416
3.38498924	1.3823
3.44549155	1.3261
3.52010445	1.2585
3.55925525	1.2103
3.55941527	1.1873
3.55156211	1.1843
3.54854252	1.2148
3.54682625	1.2659
3.50468699	1.3391
3.43993724	1.3866
3.39161681	1.401
3.39007978	1.3697
3.43442118	1.3022
3.51239236	1.2165
3.59025355	1.1244
3.64626383	1.0698
3.67690317	1.0455
3.6753821	1.0488
3.64806762	1.0871
3.58597063	1.1547
3.50688821	1.2405
3.44964827	1.3219
3.41423912	1.3669
3.40530678	1.3665
3.42069855	1.3337
3.44702789	1.2814
3.4625646	1.2282
3.4535814	1.1748
3.45017544	1.1279
3.45978357	1.0994
3.47480213	1.1052
3.4720787	1.1452
3.46631401	1.1881
3.45582684	1.2152
3.46145153	1.2105
3.48461174	1.1986
3.50633101	1.1923
3.5255693	1.1863
3.53426509	1.1766
3.55137692	1.1348
3.58872074	1.0761
3.63867417	1.0196
3.66769524	1.011
3.66616212	1.0394
3.65141562	1.0536
3.6442901	1.0437
3.66929025	1.0327
3.68371361	1.0475
3.690302	1.0835
3.67778898	1.135
3.64687987	1.1757
3.62222062	1.2034
3.60515448	1.2283
3.58888107	1.2446
3.5694792	1.2504
3.54092042	1.2387
3.51492063	1.2232
3.50764002	1.2123
3.51287858	1.2076
3.50436877	1.211
3.49136899	1.2213
3.49164542	1.2431
3.51516383	1.2702
3.54350886	1.2959
3.55604721	1.3122
3.55867062	1.3161
3.55993957	1.2969
3.55874234	1.2495
3.55790047	1.2037
3.53903179	1.1772
3.52378341	1.1611
3.5198941	1.1601
3.53156905	1.1595
3.55907264	1.1641
3.57727003	1.1789
3.5851435	1.1929
3.59278857	1.1898
3.61941796	1.1648
3.65564019	1.1369
3.67419215	1.1205
3.67345343	1.1133
3.65629675	1.1211
3.64484438	1.1393
3.65209255	1.1825
3.660724	1.2507
3.65381375	1.3212
3.6369115	1.3662
3.61948251	1.3698
3.62393295	1.3416
3.65222004	1.2857
3.69828496	1.2433
3.73420131	1.1957
3.76393083	1.1514
3.78828238	1.1055
3.800557	1.0853
3.80979488	1.0954
3.78335045	1.1256
3.72390224	1.1479
3.64373611	1.1562
3.59677393	1.1671
3.59225758	1.1767
3.61506584	1.1797
3.65090021	1.1705
3.68402092	1.1602
3.71357229	1.1383
3.75360288	1.0985
3.80647695	1.0536
3.85522829	1.0188
3.856983	1.0293
3.79902363	1.0797
3.72639172	1.1257
3.67076834	1.1549
3.64268201	1.1816
3.63335193	1.2163
3.62108529	1.2417
3.62368419	1.2554
3.64661299	1.2478
3.6742327	1.2227
3.71057441	1.191
3.74565232	1.1607
3.7586022	1.1354
3.73866994	1.1153
3.69836704	1.0995
3.66155166	1.1003
3.63515237	1.1217
3.63133799	1.1586
3.66237417	1.2151
3.71021584	1.2708
3.73936013	1.2945
3.74241635	1.2808
3.73207497	1.2392
3.70875401	1.1983
3.68498252	1.1717
3.66003063	1.1613
3.62887415	1.1674
3.57786824	1.1757
3.53633267	1.1791
3.51714415	1.1935
3.51785787	1.2142
3.52734396	1.2253
3.54184193	1.2122
3.560349	1.1835
3.5881644	1.1569
3.61508156	1.1455
3.62786055	1.1352
3.6236943	1.1187
3.59829224	1.0987
3.57625312	1.088
3.56414644	1.1015
3.54627993	1.1288
3.51580191	1.1596
3.4834717	1.1943
3.47546709	1.2393
3.50124031	1.2819
3.53253862	1.2948
3.55573082	1.2836
3.5678126	1.2522
3.57612352	1.2101
3.5954898	1.1688
3.6047972	1.1393
3.59339046	1.1184
3.55989797	1.113
3.53007613	1.1336
3.50551712	1.1831
3.49994577	1.2524
3.48991912	1.3047
3.48308232	1.3281
3.49234275	1.322
3.50641127	1.3121
3.55475071	1.3016
3.62348314	1.2948
3.69337027	1.2852
3.73918448	1.2602
3.75618938	1.2205
3.77075448	1.1961
3.78093016	1.2015
3.75701805	1.2245
3.69741252	1.246
3.62093597	1.2637
3.57284217	1.2721
3.55578974	1.2958
3.55479504	1.3164
3.55046454	1.3165
3.55037255	1.2953
3.54963402	1.2583
3.55175384	1.2246
3.55055213	1.1972
3.5440015	1.1627
3.52130247	1.1334
3.51261536	1.124
3.54002213	1.1343
3.58697959	1.1499
3.62935076	1.149
3.65836411	1.1552
3.69791479	1.1816
3.74401184	1.2149
3.8008287	1.2351
3.84687677	1.2534
3.8609412	1.2668
3.82548919	1.2863
3.75111193	1.2898
3.65875587	1.2727
3.57711596	1.2522
3.5215782	1.2492
3.50403777	1.2644
3.51204027	1.2883
3.52165049	1.3125
3.55187431	1.3195
3.60899032	1.3074
3.67631376	1.2841
3.72282991	1.2758
3.72602028	1.2935
3.70091173	1.3085
3.67472221	1.3404
3.64409274	1.395
3.60491291	1.464
3.56826453	1.5179
3.54296524	1.5295
3.53907652	1.5008
3.54972914	1.4568
3.57420319	1.4
3.60240808	1.3405
3.62126667	1.2888
3.6127964	1.2624
3.56615117	1.2635
3.49458068	1.2901
3.41132102	1.3235
3.33988714	1.3442
3.30427077	1.3542
3.3225312	1.361
3.37697372	1.3609
3.45709267	1.3273
3.54600505	1.2785
3.63392833	1.2299
3.69713954	1.2224
3.7273748	1.2637
3.70923396	1.336
3.64742819	1.4105
3.56966832	1.472
3.50927437	1.5217
3.4732078	1.5591
3.45980765	1.5672
3.44843399	1.5316
3.42945788	1.4846
3.41305616	1.4537
3.40963402	1.462
3.425418	1.4938
3.43476129	1.5257
3.43278679	1.5408
3.42524741	1.547
3.42542213	1.5425
3.43286318	1.5305
3.44573704	1.5061
3.46377381	1.4597
3.49407531	1.4027
3.54237141	1.3481
3.595862	1.2985
3.63810181	1.2603
3.65657414	1.249
3.65776109	1.2696
3.61478246	1.3136
3.54298538	1.3338
3.45943748	1.3551
3.39971818	1.3863
3.37343281	1.426
3.37247906	1.4336
3.3744649	1.4241
3.38898835	1.4058
3.40943696	1.3995
3.42638913	1.4037
3.43750205	1.4176
3.44220525	1.4382
3.43427206	1.4692
3.43739674	1.4851
3.4513353	1.4907
3.48390321	1.4858
3.5138016	1.4702
3.53340096	1.4711
3.55735677	1.4731
3.57409392	1.4775
3.56917596	1.4786
3.53694685	1.4819
3.48855775	1.4962
3.4556318	1.5033
3.44665566	1.5047
3.46426891	1.4946
3.49205538	1.4583
3.52942533	1.4132
3.57461259	1.379
3.62207107	1.3629
3.64803235	1.3586
3.63290315	1.3638
3.59597633	1.3771
3.5628074	1.3946
3.54503959	1.4184
3.53522162	1.4381
3.52911641	1.4382
3.52793496	1.4115
3.53524322	1.3841
3.57017408	1.3669
3.60980854	1.3549
3.62269455	1.3466
3.6018263	1.3233
3.56428522	1.3087
3.52781773	1.3081
3.50909452	1.3141
3.50231905	1.3092
3.51534599	1.2971
3.52815048	1.3084
3.5453969	1.3473
3.58019983	1.3941
3.61901789	1.436
3.64723178	1.4642
3.66556851	1.4854
3.66956123	1.4953
3.66594342	1.4932
3.66213234	1.4735
3.65920099	1.4413
3.651015	1.4099
3.6391919	1.3851
3.63466808	1.3719
3.62002653	1.3606
3.59260009	1.3541
3.55376869	1.3513
3.50064763	1.3555
3.45401556	1.3747
3.43893868	1.3955
3.46949239	1.4031
3.52589098	1.3909
3.57699552	1.3707
3.612623	1.3416
3.64113465	1.2983
3.6702886	1.256
3.68001476	1.2325
3.66780385	1.238
3.64334497	1.2621
3.61421191	1.3013
3.58453562	1.3412
3.55537026	1.3749
3.53330472	1.3898
3.53238408	1.3904
3.55753474	1.3724
3.59205676	1.3361
3.59581119	1.3059
3.56737957	1.2894
3.53549884	1.2831
3.50684377	1.2967
3.476909	1.3169
3.45750221	1.333
3.450274	1.3464
3.46246354	1.3548
3.48803091	1.3609
3.52771671	1.3551
3.5899961	1.3293
3.67877431	1.2827
3.77348354	1.2367
3.83688994	1.2038
3.83815588	1.1874
3.78156224	1.1885
3.71625321	1.1939
3.67450296	1.202
3.64898789	1.2175
3.62527695	1.2469
3.59618245	1.2661
3.57989348	1.2645
3.59935602	1.2452
3.62665238	1.243
3.64226182	1.2441
3.62536502	1.2577
3.58676748	1.2613
3.55092244	1.2546
3.52987774	1.2552
3.52536277	1.2576
3.52361878	1.2457
3.53492191	1.2201
3.56179717	1.1961
3.60617362	1.1764
3.63948578	1.1706
3.65277539	1.1597
3.6462071	1.1539
3.62531137	1.1919
3.59483171	1.2727
3.55506147	1.3573
3.51946996	1.4026
3.49656945	1.3975
3.49976368	1.3559
3.51671191	1.3003
3.53127951	1.2393
3.53404475	1.1881
3.5369522	1.1487
3.55109338	1.1414
3.54653045	1.1711
3.52519152	1.2254
3.49175093	1.2973
3.48145242	1.3642
3.47883649	1.4014
3.48312115	1.4144
3.49784912	1.4027
3.53074214	1.3722
3.56563171	1.3315
3.60245251	1.2847
3.63345463	1.2393
3.6523021	1.2144
3.66415577	1.2309
3.65801933	1.2704
3.63137095	1.3059
3.6039161	1.3239
3.59223239	1.3299
3.61782293	1.3259
3.65112667	1.3226
3.65320106	1.3113
3.63626897	1.2876
3.61588077	1.2647
3.59198762	1.2639
3.57241526	1.2679
3.54672397	1.2748
3.53958618	1.2742
3.55543748	1.2675
3.58754031	1.2515
3.61766303	1.2355
3.63797313	1.2276
3.64409795	1.2261
3.62560001	1.2402
3.592295	1.2745
3.55999269	1.3222
3.52256377	1.3786
3.47736236	1.4146
3.44293335	1.4333
3.42927655	1.4325
3.42764432	1.4239
3.43266653	1.4076
3.44280973	1.3928
3.46139049	1.39
3.49311404	1.3934
3.5104454	1.4123
3.49992955	1.4453
3.4770293	1.4659
3.44967959	1.457
3.43804177	1.4385
3.45825533	1.4113
3.49012786	1.388
3.52548	1.3418
3.55259108	1.2646
3.60840741	1.1873
3.69245323	1.1651
3.74703271	1.1933
3.75589407	1.2431
3.72058543	1.2842
3.67195271	1.3161
3.63312121	1.3482
3.61429146	1.3808
3.61089357	1.3943
3.60552635	1.3717
3.59905741	1.3299
3.59527233	1.2972
3.60849668	1.3062
3.62628937	1.3275
3.63866132	1.3478
3.63122872	1.3749
3.61491116	1.4167
3.60544641	1.4785
3.60240993	1.5191
3.59513631	1.522
3.57600187	1.5033
3.54777967	1.4772
3.52698411	1.4572
3.5147498	1.4321
3.50808586	1.4029
3.49090517	1.3699
3.46770229	1.3418
3.46330041	1.3152
3.47737135	1.3113
3.49870966	1.3083
3.51839748	1.2978
3.51615673	1.2924
3.50222177	1.2731
3.50060889	1.2628
3.5085312	1.2728
3.51430698	1.3063
3.4957121	1.3476
3.46272025	1.3853
3.45024837	1.4127
3.46370169	1.4304
3.48692982	1.4385
3.51020568	1.4286
3.51977444	1.3979
3.52285499	1.3556
3.52484336	1.3325
3.52155152	1.3365
3.50577588	1.3595
3.47484362	1.3632
3.44292703	1.3602
3.44021968	1.3708
3.46025444	1.377
3.47904513	1.3881
3.50077683	1.378
3.53014443	1.3592
3.55501019	1.3498
3.57727648	1.3484
3.58933208	1.346
3.58458262	1.3509
3.55743742	1.3755
3.52955014	1.4084
3.51742599	1.4327
3.51671534	1.4488
3.51562025	1.4508
3.51352219	1.4319
3.51179236	1.3909
3.5219865	1.3304
3.54265894	1.2693
3.55287249	1.2311
3.53822079	1.2163
3.48863889	1.2328
3.43939776	1.2662
3.39642772	1.3105
3.37664173	1.3596
3.37418478	1.4104
3.37990171	1.4303
3.39981233	1.4208
3.4408379	1.3928
3.50345518	1.363
3.57138766	1.3371
3.61006131	1.303
3.60582031	1.275
3.56301294	1.2659
3.51799328	1.2759
3.4813197	1.2877
3.45985751	1.2857
3.44977289	1.2782
3.45951954	1.2839
3.48735182	1.3042
3.5314459	1.3105
3.554813	1.2992
3.54948576	1.2892
3.5238103	1.3051
3.49408573	1.3303
3.45720086	1.362
3.42930046	1.3695
3.41935017	1.3568
3.4257716	1.3525
3.45621689	1.3311
3.50102178	1.3052
3.55314934	1.2732
3.59576844	1.2531
3.60635471	1.2556
3.59409016	1.2824
3.5765966	1.3095
3.56972096	1.3188
3.55510056	1.31
3.53531566	1.286
3.52140979	1.256
3.52891743	1.2252
3.55399947	1.2001
3.5800277	1.1753
3.57041532	1.1706
3.54212474	1.1875
3.51341135	1.2369
3.50716847	1.2889
3.5158752	1.3352
3.51212273	1.3707
3.50893649	1.375
3.51086763	1.3557
3.5480075	1.3162
3.60781895	1.2812
3.64662866	1.2523
3.63366775	1.2437
3.58891283	1.2537
3.5478592	1.2814
3.52529338	1.3081
3.49793389	1.3379
3.47100083	1.3535
3.45437163	1.3519
3.47271427	1.3277
3.55278545	1.2822
3.6424848	1.2364
3.69366846	1.195
3.70031878	1.1663
3.69756307	1.1555
3.68989486	1.1721
3.65330552	1.1937
3.59110457	1.1986
3.52877363	1.206
3.52009001	1.2036
3.55916435	1.1952
3.60410703	1.1708
3.62140662	1.1369
3.61183628	1.0999
3.62709415	1.0668
3.66763388	1.0525
3.68185974	1.0584
3.64898794	1.0782
3.58142394	1.1001
3.52482617	1.1292
3.51254649	1.1579
3.53854036	1.1884
3.56033971	1.2142
3.57325297	1.231
3.59523939	1.237
3.63352656	1.2633
3.67392391	1.3006
3.6770607	1.332
3.63746566	1.3468
3.59756634	1.3492
3.55856276	1.3505
3.5147558	1.3553
3.46279727	1.3505
3.43680139	1.3491
3.45721616	1.3505
3.49418836	1.3574
3.52451801	1.3714
3.53029575	1.3817
3.52761229	1.374
3.52940318	1.3599
3.55127288	1.3379
3.56912755	1.3163
3.58432046	1.3015
3.58204809	1.2988
3.57216836	1.2882
3.55717076	1.2868
3.55062821	1.2987
3.5425144	1.3206
3.53629145	1.3314
3.52498078	1.3388
3.5032893	1.3502
3.4749402	1.3685
3.45222897	1.3867
3.46809426	1.3919
3.5092877	1.3878
3.53368918	1.3837
3.52639052	1.3686
3.51441759	1.3342
3.51182447	1.3061
3.54170102	1.2875
3.58038986	1.2915
3.59249968	1.3007
3.56584828	1.3134
3.52495791	1.3288
3.49679784	1.3647
3.49514309	1.3947
3.49161315	1.4281
3.48468721	1.4458
3.4839189	1.4479
3.48921526	1.4448
3.50170047	1.4444
3.51246757	1.4324
3.50908154	1.4048
3.49256338	1.3714
3.46223861	1.3543
