3.34193302	1.4181
3.40964845	1.3421
3.48406418	1.2566
3.57249317	1.1786
3.66115448	1.1438
3.72379012	1.1471
3.70171755	1.186
3.60646894	1.2247
3.48636525	1.2571
3.3686042	1.2911
3.29116824	1.317
3.24375987	1.3294
3.23228268	1.3045
3.24955264	1.2577
3.29783984	1.1973
3.37390656	1.1444
3.47695504	1.1183
3.58915927	1.1227
3.66603954	1.1599
3.70512561	1.2154
3.71490746	1.2793
3.71596167	1.3394
3.70829638	1.384
3.6922221	1.4104
3.66881552	1.4061
3.65320558	1.379
3.64568138	1.3431
3.63949657	1.3002
3.61698697	1.2774
3.61177308	1.2696
3.61845666	1.287
3.61435203	1.3212
3.59648131	1.3542
3.57959903	1.3797
3.57409165	1.3936
3.56724141	1.391
3.56297437	1.374
3.55753633	1.3505
3.55755086	1.3326
3.54766812	1.3289
3.52706702	1.335
3.49819202	1.3469
3.46471231	1.3642
3.43851387	1.3855
3.4320195	1.3921
3.43487242	1.369
3.44738872	1.3207
3.44898893	1.2621
3.4465024	1.2069
3.44016652	1.1667
3.41206913	1.1388
3.34669763	1.1284
3.26781009	1.1418
3.22820848	1.1653
3.23206445	1.1958
3.28029779	1.2264
3.35781111	1.2341
3.4701961	1.2128
3.60587817	1.1851
3.72072588	1.1623
3.78091134	1.1517
3.77260782	1.1549
3.69343926	1.1927
3.58894118	1.2588
3.4973585	1.3307
3.43643522	1.3835
3.40436057	1.4115
3.40692777	1.4094
3.43803342	1.3846
3.48373723	1.3464
3.53735387	1.3219
3.56849207	1.326
3.55930097	1.3417
3.5009662	1.3696
3.42600755	1.3952
3.36029157	1.4168
3.30697504	1.4182
3.26055867	1.3981
3.23666995	1.3705
3.26109363	1.3041
3.3276092	1.2376
3.41467242	1.1904
3.49280958	1.1799
3.54393272	1.1966
3.55079767	1.2264
3.53380685	1.2592
3.5133084	1.2974
3.49789648	1.3353
3.49310726	1.3594
3.50244869	1.3472
3.51955541	1.2883
3.53806149	1.2108
3.57746596	1.1502
3.62234442	1.1109
3.65054232	1.0939
3.63454128	1.1021
3.59182702	1.134
3.54517724	1.1847
3.50535981	1.229
3.49589959	1.2546
3.5277347	1.2605
3.58737406	1.2489
3.65486398	1.2274
3.72285482	1.2086
3.77019849	1.1802
3.7603547	1.1625
3.68896255	1.1805
3.5946409	1.2371
3.51829582	1.3051
3.47140192	1.361
3.45492266	1.3859
3.46480269	1.3959
3.49374664	1.392
3.53914281	1.3689
3.59472697	1.3178
3.6315797	1.2641
3.62082757	1.2267
3.56581423	1.2193
3.500027	1.2339
3.44657589	1.2559
3.40747619	1.2641
3.39586431	1.2556
3.40103165	1.2358
3.42430196	1.1967
3.47498623	1.1304
3.51360364	1.0667
3.52962265	1.0276
3.51395024	1.038
3.47172999	1.0896
3.41808372	1.1566
3.37658666	1.2114
3.35968601	1.2348
3.36877104	1.2418
3.40963829	1.2294
3.48523704	1.1904
3.56477995	1.1242
3.60749881	1.0632
3.60918074	1.0288
3.58127992	1.0386
3.53674155	1.0716
3.47783058	1.1124
3.42297234	1.143
3.39929361	1.1636
3.42572411	1.1692
3.49689151	1.153
3.58927981	1.1086
3.67716228	1.0576
3.7333419	1.024
3.72258038	1.0274
3.65781456	1.0808
3.5799873	1.1569
3.51171852	1.2415
3.45719009	1.3241
3.42305604	1.3708
3.40911169	1.3794
3.43320578	1.3413
3.49464729	1.2608
3.58317402	1.1551
3.66465857	1.049
3.6887283	0.9805
3.6625351	0.9692
3.60528637	1.0165
3.5230668	1.0985
3.43492926	1.19
3.3630836	1.2518
3.32671421	1.278
3.32744812	1.2647
3.34587998	1.2215
3.37485021	1.1469
3.42335248	1.0613
3.4903469	0.9757
3.54935153	0.9256
3.58421254	0.9105
3.60006115	0.928
3.61324041	0.9645
3.61997619	1.0016
3.63641318	1.0421
3.66228932	1.0786
3.71534373	1.1032
3.77691163	1.1323
3.83356504	1.1534
3.85963238	1.1534
3.83325671	1.1371
3.77246205	1.1711
3.68347992	1.2486
3.5873618	1.3075
3.50585158	1.3441
3.46141327	1.3526
3.45807363	1.3351
3.49110599	1.2862
3.5362785	1.2227
3.55918745	1.16
3.5750268	1.1176
3.57110494	1.1218
3.54779006	1.1891
3.53477207	1.2952
3.49940183	1.4179
3.45951399	1.501
3.43394257	1.5317
3.43935518	1.518
3.47616238	1.4622
3.54879994	1.3169
3.63777708	0.9416
3.70019917	0.4242
3.75634359	0.2977
3.79858635	0.5393
3.75561977	1.0443
3.66298275	1.2203
3.58185086	1.2984
3.52077756	1.337
3.49239638	1.333
3.48747305	1.2792
3.50410544	1.1894
3.5409249	1.1135
3.60204594	1.0665
3.63784469	1.0513
3.6287285	1.065
3.5843055	1.1234
3.52863362	1.1993
3.47056266	1.2837
3.43701582	1.3535
3.43501962	1.3881
3.47342897	1.3662
3.5558811	1.286
3.663585	1.2001
3.75741752	1.1468
3.77490079	1.1542
3.7177904	1.1864
3.62922826	1.256
3.52986926	1.3443
3.44746533	1.4101
3.4067108	1.4395
3.41158332	1.4297
3.47418443	1.3534
3.59543337	1.2434
3.74717931	1.1457
3.85807846	1.0729
3.84955708	1.0566
3.73575617	1.0726
3.57923451	1.1293
3.44485057	1.2044
3.35574255	1.2656
3.30393008	1.2877
3.29442164	1.2538
3.33344048	1.1758
3.44552331	1.0569
3.63677474	0.9351
3.8487994	0.8498
3.95939255	0.8279
3.94928377	0.8551
3.82834001	0.9248
3.69266189	1.0113
3.58016356	1.0819
3.51856551	1.1202
3.51174177	1.1283
3.55949056	1.1015
3.65553062	1.0442
3.7803309	0.9778
3.89700071	0.9284
3.95442855	0.9033
3.90060079	0.9137
3.7614069	0.9451
3.58826455	0.9935
3.45522572	1.0353
3.37127493	1.0653
3.34574883	1.0874
3.38332981	1.0745
3.47369878	1.0488
3.58192818	1.0375
3.666617	1.0574
3.66757986	1.1059
3.57197513	1.1844
3.43328052	1.2868
3.31922135	1.3921
3.25780051	1.4615
3.23875751	1.4817
3.25153814	1.4555
3.29570719	1.3913
3.38643204	1.3025
3.50721672	1.2151
3.62591955	1.131
3.68710807	1.0685
3.6569974	1.0557
3.53474252	1.0983
3.39661699	1.1797
3.29959547	1.2712
3.25048315	1.3391
3.25400871	1.3549
3.30743467	1.3286
3.39765258	1.2697
3.498651	1.1976
3.58990311	1.1412
3.64600849	1.1219
3.64847095	1.1485
3.58360389	1.2159
3.48879939	1.2969
3.39356029	1.3624
3.3336939	1.4234
3.32505946	1.4578
3.36977769	1.4347
3.46464827	1.3531
3.58534987	1.2703
3.70303126	1.2214
3.77214215	1.2107
3.75912868	1.228
3.67608959	1.2453
3.53131924	1.2688
3.3838613	1.3015
3.29547541	1.3386
3.28787243	1.3536
3.34000707	1.348
3.42847106	1.3145
3.53732579	1.2752
3.65597741	1.2391
3.73339859	1.249
3.73465202	1.2887
3.67015308	1.3323
3.57102037	1.374
3.47521306	1.4182
3.41358186	1.4442
3.40126686	1.4207
3.4434583	1.3594
3.53682795	1.2774
3.65532009	1.2056
3.74581451	1.1708
3.79202242	1.1705
3.76065315	1.2007
3.67258501	1.2501
3.55942244	1.3184
3.45291635	1.3956
3.37430809	1.439
3.33037501	1.4231
3.33099791	1.3553
3.38650946	1.2457
3.50202363	1.1267
3.63923312	1.0376
3.76019913	1.0027
3.82854855	1.0077
3.81239266	1.0462
3.73886079	1.1167
3.64301976	1.2425
3.5728203	1.375
3.54351842	1.4473
3.55649133	1.4579
3.59766418	1.4328
3.65629321	1.365
3.70294917	1.269
3.73222106	1.1834
3.72433963	1.1372
3.66153668	1.1236
3.55016529	1.1524
3.45357098	1.2094
3.40580284	1.2694
3.40871325	1.297
3.44603463	1.2991
3.50242385	1.2779
3.55809788	1.2452
3.61433811	1.2111
3.66100097	1.1739
3.66999016	1.1584
3.63945313	1.1787
3.60752818	1.2387
3.59412961	1.3303
3.5945441	1.4079
3.59652124	1.4524
3.61965746	1.4398
3.67919946	1.3782
3.77311205	1.2948
3.88186263	1.2123
3.9448689	1.1535
3.95427849	1.1157
3.893611	1.117
3.78582035	1.1556
3.66729297	1.2033
3.55284462	1.2499
3.48363989	1.2856
3.49435785	1.2926
3.58101771	1.2743
3.7239197	1.2349
3.89192198	1.1854
4.00013904	1.1621
3.99042545	1.1864
3.86873047	1.2616
3.69035674	1.3531
3.5480331	1.4113
3.46138847	1.4203
3.42441538	1.3882
3.42779389	1.3354
3.45449918	1.2673
3.5116956	1.1878
3.60381885	1.1137
3.70830766	1.0865
3.75454882	1.1292
3.70306674	1.2335
3.59097664	1.3661
3.48156258	1.4728
3.4199617	1.5155
3.40540633	1.502
3.4283897	1.4502
3.46060623	1.3677
3.50032732	1.272
3.55313465	1.1886
3.62294135	1.1371
3.661381	1.1561
3.66129121	1.2268
3.62333191	1.3164
3.56545868	1.383
3.5228748	1.4041
3.49909547	1.3819
3.49296438	1.3188
3.50117045	1.2116
3.5300624	1.0969
3.59042857	1.0202
3.65104635	1.0086
3.67036066	1.0593
3.63721323	1.161
3.57946679	1.2732
3.50188407	1.3688
3.43050865	1.4308
3.38179947	1.4565
3.3784063	1.4265
3.41924091	1.3524
3.48529587	1.2539
3.54118271	1.174
3.56242555	1.1294
3.56152053	1.1316
3.5512098	1.1745
3.52800934	1.2336
3.49613035	1.2871
3.47359437	1.3378
3.47609326	1.3672
3.50980737	1.3653
3.57448561	1.3327
3.63463659	1.2835
3.65102752	1.2462
3.61497137	1.2267
3.54523828	1.2378
3.4716899	1.274
3.41263997	1.3284
3.37400699	1.3756
3.3671349	1.4031
3.39831222	1.4003
3.46686226	1.3632
3.56692952	1.3077
3.6577937	1.2534
3.70538103	1.2123
3.69646111	1.205
3.65660071	1.2406
3.6079405	1.3032
3.55476658	1.3809
3.50489286	1.4453
3.48577822	1.4701
3.50695972	1.4535
3.56009683	1.396
3.63864369	1.3097
3.72930163	1.2426
3.81321187	1.2182
3.8313573	1.2289
3.78084497	1.2593
3.67500562	1.3257
3.5647207	1.4037
3.47957086	1.4675
3.42977308	1.5
3.41899727	1.4784
3.44263564	1.4132
3.50425393	1.3261
3.58554678	1.2427
3.64411121	1.162
3.65054234	1.0986
3.60838175	1.0961
3.54402733	1.1577
3.48412977	1.2719
3.44819448	1.391
3.44754069	1.4692
3.485154	1.5022
3.54735449	1.4908
3.61739378	1.4384
3.68820049	1.3583
3.75394529	1.289
3.79223048	1.2589
3.78135321	1.2778
3.71484613	1.3401
3.6246656	1.4258
3.56297943	1.4973
3.54545632	1.5191
3.57925778	1.4851
3.64926668	1.3985
3.72222237	1.2911
3.79114886	1.188
3.8421604	1.1111
3.84738516	1.0663
3.79145453	1.0587
3.69165186	1.1059
3.59677831	1.1907
3.53240045	1.3067
3.50299622	1.4079
3.50159795	1.4655
3.52867323	1.4721
3.58591954	1.4347
3.66968946	1.3704
3.7748061	1.2877
3.85565392	1.2132
3.83738918	1.1845
3.72435285	1.1995
3.57987685	1.2556
3.46799412	1.314
3.40804129	1.3372
3.39686024	1.3391
3.42055695	1.3318
3.46859243	1.3173
3.54110831	1.2866
3.60627429	1.255
3.63088557	1.2471
3.58660249	1.2798
3.51029774	1.3423
3.44521082	1.4071
3.40610381	1.4423
3.39491649	1.4434
3.4185463	1.4148
3.48117716	1.3607
3.58067818	1.2821
3.69333195	1.2082
3.78214091	1.1627
3.81372677	1.1631
3.76433719	1.2086
3.64479808	1.2956
3.53185398	1.3857
3.44445234	1.4487
3.40719124	1.4597
3.42959695	1.4285
3.51967504	1.3542
3.65193666	1.2431
3.81598501	1.1206
3.97053226	1.0322
4.04024793	1.0151
3.99262682	1.0721
3.86336744	1.1718
3.71536955	1.2687
3.59739991	1.3571
3.53435064	1.4057
3.53303993	1.4268
3.59125783	1.4074
3.68956754	1.3473
3.78994773	1.2684
3.85855759	1.2084
3.83980127	1.1928
3.75311302	1.213
3.6276974	1.2639
3.51925069	1.3189
3.43684029	1.3699
3.40192985	1.3956
3.42042567	1.3884
3.48682589	1.3532
3.581795	1.2877
3.69469311	1.1966
3.77817629	1.1192
3.79510656	1.103
3.73793425	1.1406
3.64105617	1.2112
3.54088586	1.2731
3.46901592	1.3138
3.43402133	1.3239
3.4478654	1.3171
3.51619439	1.2816
3.63277171	1.2267
3.76132567	1.1727
3.85517014	1.1425
3.87602029	1.1464
3.84256205	1.1683
3.78243021	1.2013
3.71255712	1.2347
3.66143316	1.2595
3.64231093	1.2616
3.66472794	1.235
3.72979146	1.1803
3.80037415	1.1288
3.85178702	1.0967
3.85617804	1.096
3.82473198	1.1201
3.77212487	1.1625
3.69641434	1.1913
3.61708264	1.2051
3.56626198	1.2048
3.54412953	1.1854
3.56175271	1.1275
3.61700131	1.0611
3.69412704	0.9952
3.75916409	0.9556
3.78186392	0.955
3.76841551	0.987
3.71022493	1.034
3.62873628	1.0907
3.55376915	1.1506
3.50121935	1.2094
3.48070694	1.2571
3.49109597	1.28
3.51550426	1.2585
3.55317289	1.2131
3.5965539	1.1742
3.64048635	1.1529
3.67451457	1.1419
3.66121317	1.1364
3.61134634	1.1313
3.54220923	1.1477
3.48850871	1.1709
3.459648	1.1921
3.45850244	1.1957
3.48791888	1.1838
3.53266821	1.16
3.5865565	1.1455
3.62969465	1.1457
3.65374215	1.1663
3.62366934	1.2125
3.55132846	1.2767
3.48358848	1.3364
3.4381285	1.3739
3.425937	1.3847
3.45092468	1.3437
3.50050177	1.2733
3.58287871	1.2038
3.67385647	1.163
3.74954421	1.1538
3.76279129	1.1505
3.69561985	1.1618
3.58502702	1.1953
3.46482618	1.2572
3.36318446	1.3118
3.29727885	1.3343
3.27220276	1.32
3.27460062	1.293
3.30430431	1.2596
3.34716941	1.2422
3.40489233	1.2374
3.46339975	1.2377
3.49862326	1.2662
3.49275308	1.3197
3.46327574	1.391
3.43271846	1.4536
3.42274967	1.4753
3.43689781	1.444
3.48300093	1.3728
3.54682426	1.3175
3.6183327	1.2752
3.67350703	1.2477
3.68524761	1.2552
3.65654632	1.2899
3.58248108	1.3482
3.4930043	1.4077
3.4158182	1.4408
3.37334924	1.4358
3.38473684	1.3789
3.44423737	1.29
3.53257082	1.1926
3.6318484	1.1004
3.71074722	1.0675
3.76357201	1.0867
3.74958276	1.1475
3.68065766	1.2274
3.58400552	1.3139
3.51133606	1.3754
3.48661143	1.4154
3.49462412	1.4269
3.53898393	1.402
3.61125634	1.3597
3.69155077	1.3133
3.73544681	1.2881
3.72628195	1.2845
3.67047614	1.3028
3.5964801	1.3328
3.52058412	1.3772
3.46489427	1.4138
3.4474858	1.4363
3.47612354	1.4256
3.54242209	1.3902
3.62745817	1.3421
3.68802519	1.31
3.72175845	1.3022
3.72067534	1.3122
3.66904058	1.3502
3.59316216	1.3929
3.5150223	1.4347
3.46851452	1.4495
3.46910681	1.4311
3.511433	1.3817
3.57970736	1.3144
3.64976693	1.2437
3.71862256	1.1907
3.75556092	1.1834
3.73577279	1.214
3.65977721	1.2809
3.57388592	1.3593
3.50933728	1.4153
3.47261961	1.4234
3.46135621	1.3858
3.46921257	1.3234
3.50988933	1.2614
3.58827674	1.2057
3.67800637	1.1731
3.74588149	1.1766
3.75190725	1.2257
3.69436681	1.3064
3.61445968	1.3907
3.54450731	1.4558
3.50339087	1.4822
3.48127098	1.4791
3.4817354	1.4463
3.51736779	1.3819
3.58949981	1.2952
3.66890258	1.2312
3.73541732	1.2178
3.75523596	1.2626
3.73086248	1.336
3.68725468	1.4061
3.65186756	1.451
3.63964719	1.4722
3.65608461	1.4667
3.70201437	1.4351
3.76656428	1.3668
3.83447058	1.2618
3.88551716	1.1765
3.91896221	1.1462
3.92157993	1.1771
3.87801092	1.2422
3.79188355	1.3057
3.69563661	1.355
3.62613006	1.3953
3.59490903	1.4227
3.59300436	1.4117
3.61657284	1.3566
3.65204266	1.2668
3.67492706	1.1953
3.69526031	1.1772
3.69553884	1.2165
3.67039075	1.2716
3.62785603	1.314
3.58819386	1.345
3.57829206	1.3661
3.57626713	1.3646
3.57969567	1.3311
3.59868298	1.2844
3.6385357	1.2335
3.67080417	1.2079
3.68192359	1.2196
3.65934608	1.2624
3.61518987	1.3126
3.56606887	1.3436
3.53013126	1.3475
3.5176776	1.3242
3.53850277	1.2792
3.58369797	1.2243
3.63174446	1.1718
3.69246598	1.1362
3.74937314	1.1322
3.78233974	1.1636
3.76995528	1.2308
3.71973777	1.3244
3.65281715	1.414
3.58919641	1.48
3.55003968	1.508
3.53465408	1.494
3.53022307	1.4482
3.53336893	1.3669
3.53834951	1.2735
3.5530332	1.1997
3.58081713	1.1685
3.60019486	1.1957
3.60088934	1.255
3.57170174	1.3279
3.53719672	1.389
3.52734622	1.4244
3.53403725	1.4334
3.5584249	1.4224
3.58717165	1.3909
3.60359533	1.3412
3.61539661	1.2796
3.64743644	1.2349
3.67485275	1.2423
3.66069284	1.2887
3.59799046	1.3539
3.52951445	1.4099
3.50013069	1.4383
3.51047441	1.4509
3.5358545	1.4338
3.55488905	1.3949
3.56541956	1.3385
3.57307792	1.2772
3.59762745	1.253
3.60977364	1.2828
3.58464891	1.3493
3.53601401	1.4143
3.50788108	1.4529
3.52757522	1.462
3.58101641	1.4634
3.64290126	1.4394
3.68953031	1.3793
3.73027397	1.2917
3.7690905	1.2068
3.77714505	1.1848
3.73378724	1.2141
3.63728695	1.2541
3.55108273	1.3041
3.52520404	1.3305
3.56067671	1.3396
3.62475223	1.3388
3.70357239	1.3165
3.78729821	1.2637
3.86458995	1.1967
3.92532653	1.1463
3.91624787	1.1441
3.82287145	1.1807
3.68966963	1.2478
3.57816679	1.3215
3.51212811	1.3665
3.49839213	1.3763
3.51917897	1.3605
3.57141389	1.3181
3.64552776	1.2663
3.74863821	1.21
3.85909657	1.1672
3.9275562	1.1372
3.9236298	1.1461
3.86514014	1.2144
3.78758921	1.2983
3.71277455	1.3714
3.66976492	1.4371
3.6491034	1.475
3.65887677	1.4723
3.70720491	1.4205
3.79053787	1.356
3.87519161	1.3049
3.91164421	1.2689
3.88637816	1.2468
3.84912189	1.2337
3.8367752	1.2496
3.85823827	1.284
3.86504424	1.3174
3.84903635	1.3372
3.79863674	1.334
3.76775027	1.3042
3.779696	1.2684
3.81374533	1.2546
3.82584052	1.2578
3.79260924	1.2634
3.74010513	1.2785
3.69856626	1.2919
3.68993683	1.2991
3.71821565	1.2872
3.76134896	1.2637
3.78897101	1.2218
3.79994822	1.175
3.80286814	1.1295
3.81373114	1.1119
3.82344104	1.1423
3.80402649	1.2136
3.74919042	1.2888
3.70218182	1.3625
3.67928398	1.4206
3.67180846	1.4674
3.66942448	1.4731
3.68730199	1.4206
3.71810183	1.3307
3.77164326	1.2345
3.828513	1.1591
3.86153532	1.1124
3.85294882	1.0839
3.79454798	1.0815
3.72872757	1.1074
3.68321058	1.1672
3.6769579	1.2423
3.69203554	1.3077
3.72838742	1.3425
3.7791386	1.347
3.82280582	1.3326
3.85873539	1.3138
3.87682318	1.3032
3.87376167	1.3003
3.84615466	1.2852
3.8009547	1.269
3.7548679	1.2736
3.73860158	1.2734
3.73385285	1.267
3.71495413	1.247
3.67878379	1.2502
3.6285169	1.267
3.59275754	1.2999
3.56225968	1.3335
3.5345949	1.3632
3.49991992	1.3975
3.48993986	1.4287
3.50538741	1.4347
3.53578299	1.391
3.58536205	1.3069
3.63890623	1.2162
3.69159537	1.1534
3.74353322	1.1253
3.79777992	1.1012
3.82587708	1.0955
3.8192437	1.1123
3.77911883	1.1501
3.74296601	1.1972
3.72068264	1.2211
3.69586575	1.2148
3.67472952	1.2042
3.65776236	1.1977
3.67110565	1.1908
3.71534249	1.163
3.76145104	1.1453
3.78221349	1.1369
3.76738426	1.1341
3.73921699	1.1227
3.71607256	1.1151
3.69229966	1.1201
3.66862311	1.1288
3.63095909	1.1457
3.58708312	1.172
3.56434602	1.2018
3.57285333	1.2395
3.58822467	1.2788
3.60253119	1.2957
3.60409225	1.2897
3.61292624	1.2681
3.62661639	1.2525
3.65386228	1.2389
3.67945848	1.2047
3.69868698	1.1825
3.7125334	1.1723
3.71967385	1.1788
3.70770201	1.1998
3.66228763	1.2203
3.59153965	1.2293
3.53730098	1.223
3.51512633	1.219
3.53558138	1.2184
3.60543654	1.1918
3.70947053	1.149
3.81300691	1.093
3.89575637	1.0728
3.93421568	1.0907
3.90445193	1.1098
3.81331691	1.1366
3.69197248	1.1812
3.58306218	1.2203
3.50822111	1.2498
3.48719985	1.2516
3.50231838	1.2222
3.56217927	1.1799
3.65555672	1.1459
3.7774564	1.1319
3.88565293	1.1303
3.93534032	1.1384
3.91783907	1.1458
3.85592477	1.1546
3.75725933	1.176
3.69399091	1.1973
3.67229138	1.2107
3.68160038	1.1961
3.70047164	1.1807
3.73174014	1.1706
3.80675348	1.1756
3.88611859	1.1958
3.95611012	1.2112
3.95637166	1.2284
3.90468095	1.2418
3.84863027	1.2525
3.82455538	1.2455
3.80602068	1.226
3.78800505	1.2141
3.78201832	1.2195
3.77381106	1.251
3.7663844	1.2821
3.75979563	1.2993
3.74651529	1.3089
3.71616864	1.3135
3.69123271	1.305
3.6977967	1.2727
3.72953292	1.2251
3.76616572	1.1752
3.79079361	1.1323
3.80862329	1.1112
3.81256923	1.133
3.80586137	1.1811
3.77067393	1.2477
3.70323058	1.3209
3.63224484	1.3896
3.6007997	1.4269
3.60113488	1.4259
3.62510117	1.3991
3.67048968	1.3445
3.73131214	1.283
3.80352651	1.2249
3.83824239	1.1803
3.79306326	1.1479
3.70147451	1.1343
3.60395166	1.155
3.52631152	1.1991
3.46951844	1.256
3.43593282	1.3089
3.43600927	1.3369
3.46369854	1.3447
3.51530365	1.335
3.58851584	1.3206
3.64796077	1.3094
3.68284869	1.2865
3.69231122	1.2713
3.69428805	1.2737
3.69056801	1.29
3.6667906	1.3057
3.64033195	1.3022
3.63538664	1.2844
3.65502351	1.256
3.68341321	1.2357
3.7208605	1.2268
3.75390616	1.2219
3.77196772	1.2287
3.73648762	1.2698
3.66756889	1.3339
3.59376492	1.403
3.55237915	1.45
3.5449582	1.4644
3.57427798	1.4354
3.64616229	1.3717
3.74600025	1.2887
3.82902337	1.1952
3.8713252	1.1246
3.88551299	1.1039
3.86922659	1.1484
3.81431387	1.231
3.7179283	1.3214
3.6239787	1.4042
3.56966394	1.4659
3.562031	1.4968
3.5933285	1.4727
3.64645896	1.4224
3.69821863	1.3701
3.74531447	1.3172
3.77157527	1.2663
3.76895369	1.2447
3.74386571	1.268
3.70580862	1.3333
3.66551782	1.3961
3.63599376	1.4406
3.61415953	1.465
3.61725391	1.459
3.6507103	1.4215
3.68906032	1.3631
3.71474842	1.2965
3.72041138	1.247
3.73376289	1.2176
3.75674429	1.2248
3.76932899	1.2611
3.76196227	1.2773
3.73994117	1.2795
3.72518578	1.2665
3.73526466	1.2321
3.77243719	1.1921
3.81944619	1.1606
3.83976566	1.1633
3.81378163	1.1941
3.77494481	1.218
3.74731491	1.2568
3.72703169	1.3131
3.70307918	1.3539
3.68727851	1.3774
3.67993167	1.3708
3.68056463	1.3454
3.66967219	1.307
3.63573945	1.2704
3.59756526	1.2715
3.57218845	1.3223
3.55059442	1.3977
3.51815803	1.4608
3.45815089	1.498
3.39759669	1.5156
3.36551285	1.5266
3.37523341	1.5189
3.42712516	1.4645
3.49705407	1.3704
3.55454835	1.2819
3.60797039	1.2188
3.6580191	1.1976
3.70201362	1.227
3.71341878	1.2968
3.68492978	1.3886
3.64123328	1.4748
3.60466322	1.5228
3.6041623	1.5181
3.63406464	1.4718
3.68248649	1.3913
3.7204534	1.3102
3.76377046	1.2351
3.8181204	1.1873
3.84890753	1.177
3.83451151	1.2095
3.7709772	1.2569
3.69462069	1.2967
3.64144995	1.318
3.61416214	1.3293
3.6320172	1.3267
3.6586912	1.3172
3.68389583	1.2956
3.70901873	1.2844
3.719046	1.2925
3.68855585	1.3433
3.64257281	1.4146
3.58595988	1.4833
3.547599	1.5035
3.53473713	1.4916
3.54333072	1.4601
3.57040804	1.3957
3.60567794	1.3152
3.66275015	1.2358
3.71961788	1.1894
3.71787888	1.1796
3.65391097	1.2202
3.56948592	1.279
3.50130604	1.3479
3.45673385	1.3957
3.4491994	1.3939
3.48047795	1.3577
3.55198465	1.2901
3.6570812	1.2157
3.76626727	1.1486
3.8401897	1.0987
3.86361945	1.0735
3.84184151	1.0814
3.79584032	1.1311
3.75500819	1.1973
3.70567927	1.2541
3.66726113	1.2827
3.64464847	1.296
3.65481027	1.2868
3.70824271	1.2737
3.77247286	1.2758
3.80844416	1.2839
3.78235798	1.2962
3.70570004	1.3105
3.63318952	1.3239
3.58178837	1.3482
3.57523495	1.3647
3.59330739	1.3557
3.64357168	1.2955
3.70407872	1.2311
3.77073702	1.183
3.82960476	1.1696
3.85922103	1.1793
3.82487265	1.2051
3.73269342	1.2558
3.63490011	1.3315
3.57196228	1.4094
3.54396237	1.4576
3.54428249	1.4634
3.57081558	1.4258
3.63950378	1.3605
3.73551843	1.2969
3.81758183	1.2357
3.84440925	1.2026
3.78284285	1.203
3.66398417	1.2431
3.55526801	1.3078
3.4728536	1.374
3.41307728	1.4187
3.37732568	1.4315
3.39016129	1.4285
3.4473591	1.3999
3.53579316	1.3423
3.61938707	1.2718
3.68654051	1.2289
3.7039757	1.2383
3.66113384	1.2958
3.59008805	1.3855
3.53566868	1.4639
3.50631158	1.5158
3.48835657	1.5341
3.48956976	1.5304
3.52635433	1.4879
3.59896471	1.4097
3.68370007	1.3005
3.74011552	1.2161
3.76595848	1.192
3.74072092	1.2394
3.67209018	1.307
3.57077502	1.3696
3.47657955	1.4154
3.40606818	1.448
3.38541409	1.4694
3.39993913	1.458
3.43365494	1.4159
3.46366122	1.3576
3.48047129	1.3215
3.4843262	1.3164
3.46776892	1.3424
3.4414726	1.3814
3.41385922	1.4078
3.40560801	1.4048
3.41849905	1.4044
3.44507916	1.3911
3.47553299	1.3726
3.50188634	1.3584
3.51833825	1.38
3.51251131	1.4209
3.48714092	1.4674
3.44386127	1.5076
3.40862782	1.5467
3.38911546	1.5753
3.37510622	1.5744
3.35421934	1.5321
3.34064196	1.4568
3.36327696	1.3762
3.41893348	1.2852
3.49806549	1.2075
3.53585572	1.1651
3.50899516	1.1799
3.43952481	1.2458
3.36786977	1.3576
3.33346485	1.4633
3.32598825	1.5479
3.32303266	1.601
3.33807509	1.6218
3.37047727	1.5879
3.43063523	1.5021
3.52320512	1.3885
3.59287493	1.2996
3.57617578	1.2496
3.50824877	1.2408
3.426503	1.2705
3.34874396	1.3193
3.29120583	1.3767
3.26413891	1.4244
3.27330781	1.4655
3.30996206	1.4873
3.37423125	1.4754
3.46533152	1.4389
3.5760063	1.3881
3.66021805	1.3508
3.68969301	1.3204
3.6505202	1.3148
3.58042938	1.3133
3.49579814	1.3236
3.42692364	1.3247
3.38839496	1.3146
3.39156215	1.2995
3.44243352	1.2758
3.53849224	1.2537
3.65702527	1.2327
3.7415866	1.232
3.75676098	1.2395
3.71163555	1.2758
3.63794384	1.3258
3.54723263	1.3873
3.46869756	1.4396
3.42992445	1.4609
3.43860428	1.4511
3.48952523	1.4156
3.56354063	1.3499
3.64156518	1.2743
3.70883982	1.2125
3.7405366	1.196
3.72828622	1.2089
3.68618963	1.2478
3.62109425	1.2856
3.54721007	1.321
3.49035867	1.3547
3.46306389	1.3613
3.4624217	1.3467
3.49690837	1.3285
3.55824841	1.3008
3.62861897	1.2745
3.68045348	1.2612
3.70451709	1.2646
3.71644146	1.285
3.71046822	1.3198
3.69343293	1.3556
3.66688694	1.3709
3.64344139	1.3563
3.63801241	1.3213
3.65464472	1.2774
3.68273961	1.2378
3.71228143	1.206
3.7260896	1.1861
3.73852099	1.178
3.73983709	1.207
3.71971408	1.2585
3.67917894	1.3121
3.62648258	1.3452
3.5759426	1.3501
3.55798273	1.3617
3.57106765	1.3622
3.57584016	1.3456
3.56330064	1.3006
3.54322769	1.2608
3.53324171	1.2468
3.53557506	1.263
3.5301921	1.2933
3.50816861	1.3115
3.49079742	1.3303
3.49426988	1.3583
3.5231096	1.3851
3.56047976	1.3936
3.5847973	1.3772
3.57216875	1.3582
3.52575776	1.3309
3.464057	1.3241
3.39859713	1.3262
3.33150552	1.3364
3.28102386	1.3416
3.25098484	1.358
3.25171329	1.3575
3.28993777	1.3006
3.37171344	1.2146
3.50196692	1.126
3.66750352	1.0698
3.79790324	1.0582
3.84462081	1.0886
3.78913411	1.1622
3.66979837	1.2757
3.54960565	1.3943
3.44588829	1.4814
3.37893536	1.5151
3.36405895	1.5027
3.38839618	1.4562
3.45437991	1.3503
3.58538119	1.1978
3.78087295	1.0708
3.97430549	0.9986
4.08470474	0.9778
4.08492542	1.0022
3.99532245	1.0577
3.84961234	1.136
3.69234261	1.2177
3.57658818	1.2765
3.52572392	1.298
3.54285111	1.2827
3.62518143	1.2436
3.76981843	1.185
3.94066922	1.127
4.10612048	1.0803
4.20926462	1.0582
4.19871231	1.0493
4.08992333	1.0381
3.93240099	1.0419
3.77948511	1.0474
3.67385564	1.0387
3.60942523	1.0153
3.58810788	0.9846
3.60173797	0.983
3.63594069	1.0007
3.71374836	1.0449
3.79809337	1.0963
3.85334122	1.1399
3.85349557	1.1935
3.8342982	1.235
3.82159614	1.2439
3.82596916	1.2324
3.83509165	1.1998
3.84002879	1.1686
3.81919047	1.1443
3.77162914	1.1484
3.72612195	1.1745
3.67591388	1.2156
3.63256742	1.2607
3.61368555	1.2891
3.63030521	1.296
3.68133868	1.2702
3.75283099	1.2255
3.83356949	1.1724
3.88247068	1.12
3.89978323	1.0887
3.87630408	1.0886
3.83801495	1.14
3.77879866	1.2069
3.69843301	1.2682
3.63381758	1.2937
3.62324059	1.2746
3.66061545	1.2347
3.73281384	1.1983
3.81577624	1.1599
3.87046591	1.1309
3.88164304	1.1086
3.85321651	1.0935
3.78340817	1.1122
3.68519727	1.1368
3.59427235	1.1538
3.54516732	1.1703
3.54512529	1.1836
3.57243233	1.1937
3.6336422	1.1884
3.69352818	1.1918
3.73544692	1.2076
3.74996387	1.2298
3.76122672	1.2485
3.76530838	1.2639
3.77108356	1.2834
3.7680866	1.3002
3.76494312	1.3013
3.77662708	1.2697
3.82059643	1.2275
3.87275951	1.2002
3.89510264	1.1883
3.85423534	1.174
3.7646113	1.1629
3.67370732	1.1635
3.60384038	1.1827
3.55948976	1.2189
3.55216506	1.2372
3.56535163	1.2324
3.59622965	1.2147
3.66204638	1.2006
3.74741395	1.1906
3.83547188	1.1684
3.88317528	1.1375
3.87502253	1.1143
3.83599293	1.116
3.78259749	1.1397
3.71689296	1.181
3.66065271	1.2539
3.62609929	1.3234
3.61927172	1.3534
3.62117535	1.3436
3.62302991	1.3038
3.61580053	1.2422
3.58077062	1.1697
3.52440988	1.1117
3.46280304	1.0682
3.42025761	1.0458
3.41699646	1.0499
3.46895281	1.0677
3.55045631	1.0976
3.6492836	1.1324
3.73412853	1.1666
3.79184396	1.1992
3.80044988	1.2407
3.77345499	1.2788
3.7143459	1.3198
3.65423865	1.3475
3.60997905	1.3509
3.58779224	1.3425
3.60786563	1.3237
3.65945371	1.2895
3.73445165	1.2467
3.81011965	1.2038
3.87251592	1.1758
3.90405361	1.162
3.8971591	1.1625
3.8493752	1.1803
3.78418459	1.2196
3.6967376	1.2744
3.62715539	1.3284
3.60323512	1.372
3.60509492	1.3982
3.63540563	1.3896
3.67435909	1.3627
3.71455163	1.3255
3.7387709	1.2837
3.74390766	1.2492
3.72906571	1.2292
3.70738651	1.2372
3.70497776	1.2582
3.70381348	1.2803
3.69007118	1.3002
3.66029745	1.3122
3.62475138	1.3193
3.59464953	1.324
3.58827953	1.3155
3.5872337	1.3025
3.59178275	1.2893
3.60693209	1.2843
3.62150347	1.3002
3.63250817	1.311
3.64554065	1.316
3.65506444	1.3096
3.63966497	1.2985
3.6149226	1.2912
3.59929984	1.2844
3.59760478	1.2673
3.60327803	1.2446
3.60656173	1.2287
3.60639586	1.2234
3.61915882	1.2215
3.63741595	1.2182
3.6505962	1.2129
3.65610172	1.2257
3.65442048	1.2581
3.64871816	1.3008
3.65054428	1.3395
3.65997634	1.3645
3.68610994	1.3677
3.72870231	1.3503
3.74874955	1.3234
3.74254331	1.3019
3.71484735	1.2779
3.67124408	1.2615
3.63031112	1.2476
3.59712631	1.2234
3.57994915	1.1961
3.5737558	1.1667
3.56704845	1.1407
3.56137069	1.1253
3.58263792	1.1128
3.62936636	1.1105
3.65265423	1.1323
3.648325	1.1564
3.63028846	1.1696
3.60471927	1.1726
3.57197544	1.1729
3.55190254	1.1679
3.55701084	1.1717
3.60182154	1.1763
3.66937355	1.1705
3.72246959	1.1693
3.7501651	1.1622
3.76573182	1.1627
3.76121611	1.1699
3.72566321	1.1791
3.65829285	1.1942
3.58175604	1.2044
3.52852779	1.2194
3.48817174	1.2475
3.46637426	1.2863
3.46943016	1.3145
3.49027192	1.3064
3.52026166	1.2644
3.52933064	1.2362
3.51264784	1.2412
3.49368706	1.2933
3.48452806	1.349
3.47682429	1.4002
3.48155042	1.4325
3.49687109	1.4439
3.52309931	1.4332
3.55713081	1.3947
3.57982263	1.3415
3.59473824	1.2798
3.57652425	1.2351
3.52081443	1.2271
3.4429547	1.2492
3.37493418	1.2827
3.32778809	1.3194
3.29450272	1.3371
3.2847238	1.3422
3.31621415	1.3288
3.38187549	1.2767
3.48654971	1.2073
3.59943482	1.1574
3.66343441	1.1304
3.6234265	1.1179
3.53556196	1.1156
3.45406817	1.1311
3.40624909	1.175
3.37148161	1.2219
3.3529792	1.2689
3.35436719	1.2784
3.38219263	1.2433
3.43204146	1.1802
3.49828035	1.1297
3.57568654	1.094
3.6335455	1.0536
3.6414544	1.0244
3.59064451	1.0208
3.5071229	1.0476
3.45142201	1.0933
3.43690771	1.1343
3.44399575	1.1425
3.44814572	1.1265
3.46063694	1.1101
3.50375839	1.0928
3.56749961	1.0922
3.64470168	1.095
3.68506729	1.1134
3.66685675	1.1337
3.61706431	1.1665
3.55771093	1.2062
3.50771665	1.2296
3.4806663	1.221
3.46094069	1.1919
3.4661874	1.1656
3.47910797	1.1532
3.48425945	1.1496
3.50025209	1.1538
3.52867842	1.1715
3.57254061	1.2026
3.60230583	1.2358
3.60429706	1.2599
3.57822669	1.2551
3.54925263	1.2113
3.55306329	1.1286
3.58928523	1.0462
3.66827401	0.9894
3.72346318	0.9455
3.71886835	0.9242
3.65569257	0.9066
3.58495173	0.925
3.55306326	0.9895
3.52704489	1.071
3.48162246	1.1472
3.44008073	1.1937
3.41493685	1.2079
3.42276567	1.1872
3.46769289	1.1717
3.56134461	1.1561
3.65599412	1.1493
3.6963335	1.1295
3.66845903	1.1159
3.59503637	1.1494
3.51627576	1.2223
3.43813481	1.3288
3.37106356	1.4116
3.32108968	1.4572
3.30572761	1.471
3.32981152	1.4498
3.3809883	1.4018
3.4451826	1.3411
3.49553414	1.2891
3.51465976	1.255
3.49854823	1.2449
3.45427013	1.2537
3.38625468	1.2702
3.31322464	1.2843
3.26475094	1.284
3.2658918	1.2725
3.30960956	1.2603
3.38327855	1.2522
3.46081208	1.2741
3.53515603	1.3063
3.59205711	1.3358
3.61950072	1.3485
3.59952593	1.3484
3.52446829	1.35
3.43619245	1.353
3.38465263	1.3447
3.37218813	1.3268
3.37816427	1.3063
3.40808388	1.2945
3.46533506	1.2936
3.52160494	1.3142
3.54889654	1.3293
3.53788763	1.3403
3.4881767	1.3595
3.43305295	1.3707
3.40160823	1.3582
3.3932531	1.3296
3.40052119	1.2877
3.4247338	1.2483
3.47048089	1.2198
3.52655244	1.2058
3.56402881	1.2289
3.56581634	1.2757
3.51772913	1.3317
3.43886187	1.3916
3.36918068	1.4294
3.32632304	1.445
3.31739605	1.4362
3.34412266	1.4014
3.39926973	1.3373
3.47323985	1.2609
3.55376847	1.1969
3.6407492	1.1524
3.70321337	1.1328
3.7037294	1.1476
3.6447316	1.1984
3.56118857	1.2903
3.49183569	1.3879
3.42993288	1.4548
3.39129028	1.4762
3.38477838	1.461
3.41758616	1.4244
3.49737704	1.3579
3.59950253	1.2697
3.687332	1.1771
3.71949197	1.0943
3.68809711	1.0442
3.61964994	1.0422
3.52864397	1.0867
3.43286622	1.1603
3.35077081	1.2429
3.30282473	1.3027
3.29889919	1.3361
3.33487055	1.3506
3.40090662	1.3406
3.46614418	1.3207
3.51784479	1.2924
3.55093652	1.2588
3.57152389	1.2468
3.56637473	1.2521
3.55035695	1.2581
3.53277255	1.2631
3.52583729	1.262
3.53211437	1.2472
3.54981149	1.2067
3.56331317	1.1694
3.58064072	1.1439
3.59920292	1.1445
3.58968821	1.1596
3.54703482	1.1821
3.4811054	1.209
3.42514475	1.2343
3.38171367	1.2543
3.36831344	1.2483
3.37989804	1.2121
3.41809224	1.1531
3.46962486	1.1035
3.52115619	1.0815
3.56604859	1.0919
3.58176465	1.1293
3.56118339	1.1782
3.50402077	1.2359
3.43916942	1.292
3.40683451	1.3412
3.41032967	1.3702
3.4370265	1.374
3.47659044	1.3591
3.50866616	1.328
3.53246127	1.2945
3.56410425	1.2705
3.6046189	1.2651
3.6260652	1.2758
3.62595718	1.3036
3.60726837	1.3427
3.57454972	1.383
3.54540505	1.4107
3.53630869	1.4034
3.5427099	1.3745
3.5594656	1.3478
3.55845025	1.3364
3.53671407	1.3388
3.49435799	1.348
3.46363387	1.3595
3.44788142	1.3738
3.4385826	1.3878
3.43402085	1.4022
3.43102828	1.3995
3.43113173	1.3681
3.44403754	1.3123
3.46635241	1.2754
3.49968692	1.2676
3.52295122	1.2749
3.53952754	1.2789
3.56399988	1.2814
3.58395853	1.2974
3.59499519	1.327
3.58944913	1.3479
3.5790209	1.3555
3.56842723	1.3354
3.55067721	1.3164
3.51449001	1.3102
3.46643117	1.3103
3.42086088	1.3117
3.39191133	1.3032
3.36125843	1.3079
3.33860904	1.3208
3.34170482	1.338
3.35359431	1.3572
3.38199966	1.3584
3.41935051	1.3521
3.46337721	1.3397
3.48544433	1.3193
3.46652059	1.3066
3.42742616	1.3034
3.40469392	1.3214
3.40034482	1.3538
3.39832151	1.3929
3.39883184	1.4176
3.39719861	1.4335
3.40531942	1.4206
3.41788644	1.3744
3.42248208	1.3087
3.41235868	1.2253
3.39563292	1.1434
3.38561882	1.0818
3.39173686	1.0401
3.41609155	1.0248
3.45439371	1.0316
3.48898255	1.0542
3.51293553	1.0781
3.54527375	1.0891
3.57823852	1.0876
3.60621068	1.0733
3.61445346	1.0545
3.60596718	1.0531
3.59299129	1.0519
3.56538438	1.0518
3.51439762	1.0591
3.45938105	1.0773
3.44183241	1.1068
3.47644428	1.135
3.56158623	1.1531
3.64263263	1.1619
3.6756701	1.1617
3.67783372	1.1527
3.66716572	1.1538
3.64482464	1.1764
3.59272745	1.2259
3.50412175	1.2859
3.42846213	1.3623
3.39815326	1.427
3.39582357	1.4532
3.41759134	1.4329
3.44242344	1.4055
3.47465861	1.372
3.51455935	1.3324
3.55152041	1.2944
3.55504161	1.266
3.51969768	1.2752
3.47904516	1.3235
3.45795265	1.3686
3.45579513	1.3847
3.4704247	1.3716
3.4890991	1.3674
3.50416285	1.3632
3.52996227	1.3594
3.5701851	1.3576
3.58822302	1.3608
3.57783504	1.3706
3.54355045	1.4089
3.51122315	1.4595
3.47830658	1.4891
3.4579918	1.4747
3.4601347	1.4338
3.4736113	1.3762
3.49126551	1.324
3.51592261	1.2804
3.53974721	1.2459
3.54105062	1.249
3.51414816	1.2934
3.47934142	1.3632
3.46667807	1.4278
3.45804998	1.473
3.46086791	1.487
3.48129322	1.4717
3.51347026	1.4237
3.56243932	1.3495
3.62692633	1.2767
3.6855661	1.2249
3.70297161	1.193
3.66217506	1.1793
3.59748966	1.1872
3.54094848	1.2116
3.48982341	1.2352
3.45618949	1.2534
3.4435777	1.2742
3.46168609	1.2723
3.49233593	1.2878
3.5433041	1.3115
3.59386362	1.3391
3.62166802	1.373
3.62021171	1.4046
3.61004383	1.4296
3.5988459	1.4272
3.58061168	1.4205
3.56291156	1.401
3.56295924	1.3665
3.58686549	1.3167
3.6256167	1.2596
3.67026019	1.2123
3.68770363	1.2012
3.68021816	1.2206
3.66266867	1.257
3.62515267	1.287
3.56442922	1.3077
3.50418117	1.3159
3.46722072	1.2996
3.47643452	1.2624
3.51615101	1.2168
3.57502191	1.1839
3.62588519	1.1793
3.64966263	1.2129
3.64055939	1.273
3.60019234	1.3292
3.54829929	1.3765
3.51102925	1.3984
3.49816068	1.3921
3.5083709	1.3526
3.5425755	1.3001
3.58554802	1.2476
3.61207901	1.218
3.61678341	1.2129
3.59524192	1.2254
3.5471877	1.2737
3.4946039	1.3425
3.45554471	1.4107
3.42909561	1.4589
3.42261028	1.4804
3.44929129	1.4711
3.50730928	1.4199
3.59821417	1.3361
3.71866766	1.2547
3.81426771	1.2078
3.86651953	1.1989
3.84892651	1.2188
3.76217447	1.2617
3.65426553	1.3322
3.55052147	1.4136
3.46855472	1.4805
3.4242724	1.5194
3.42337942	1.5101
3.46435692	1.4642
3.53552809	1.4118
3.60303212	1.3617
3.63826345	1.3198
3.62703241	1.2938
3.56975811	1.2864
3.50109109	1.311
3.44225713	1.3602
3.41521037	1.4123
3.41232786	1.4499
3.41803085	1.4829
3.42377736	1.5127
3.42890753	1.5384
3.44133065	1.5625
3.45064093	1.586
3.43675448	1.5987
3.40849597	1.6056
3.37714181	1.6001
3.36418444	1.585
3.37927014	1.5492
3.40234042	1.5043
3.4040447	1.4462
3.38485887	1.3667
3.37865332	1.2982
3.40519962	1.2661
3.4504328	1.2744
3.47131793	1.3069
3.45702036	1.3409
3.43657333	1.373
3.4561775	1.3991
3.50007463	1.4213
3.53273858	1.4306
3.52556619	1.4279
3.50243811	1.4013
3.49205463	1.3578
3.50949138	1.3334
3.51757738	1.3356
3.49771699	1.346
3.44580163	1.3659
3.39318225	1.3907
3.36497347	1.4169
3.35074018	1.4421
3.34909673	1.4578
3.36476348	1.4605
3.39957368	1.4517
3.45495673	1.4447
3.51538042	1.4448
3.5689845	1.447
3.59804849	1.4522
3.59827751	1.4438
3.57550343	1.4348
3.55266067	1.4348
3.55735825	1.4144
3.57457978	1.3969
3.5845463	1.3721
3.57765954	1.3591
3.58176083	1.3481
3.59461033	1.3466
3.60029157	1.3373
3.59459842	1.3276
3.56960557	1.3229
3.56194794	1.3224
3.59729469	1.3108
3.64668022	1.2943
3.68375966	1.2548
3.69441728	1.191
3.67851681	1.1198
3.67846236	1.1045
3.67545013	1.1247
3.65022248	1.1553
3.58152618	1.1934
3.51550106	1.2269
3.48847206	1.2591
3.50505071	1.2795
3.52718309	1.2921
3.55432614	1.279
3.5759466	1.2459
3.60256341	1.2124
3.65269684	1.2036
3.69976761	1.2168
3.70486526	1.2458
3.65966959	1.2856
3.60013179	1.3244
3.56360801	1.3606
3.55732065	1.3974
3.58128985	1.4076
3.61117938	1.4059
3.64825437	1.3787
3.69541925	1.3513
3.75263747	1.3224
3.80909395	1.2854
3.83896539	1.2476
3.8276854	1.2227
3.79935643	1.2195
3.78126489	1.2436
3.7837711	1.2668
3.78425717	1.2869
3.76353287	1.2938
3.72490317	1.299
3.6960279	1.299
3.67838406	1.3025
3.65538475	1.3045
3.6367079	1.3165
3.63360815	1.3186
3.65191308	1.3165
3.68685172	1.3208
3.72572097	1.3372
3.77400061	1.3504
3.80404595	1.3572
3.79523257	1.346
3.73539368	1.3291
3.64548604	1.3415
3.57556224	1.3808
3.54249405	1.4365
3.54017982	1.4842
3.55174313	1.5053
3.56310259	1.5024
3.57607532	1.4747
3.5934714	1.4324
3.64166016	1.3499
3.6846634	1.2583
3.693284	1.1628
3.65476187	1.1151
3.62338159	1.1066
3.61835589	1.1287
3.63593801	1.1742
3.65010875	1.2258
3.66338174	1.2703
3.68009042	1.3012
3.72535601	1.3236
3.78500821	1.3412
3.83306232	1.3384
3.84550388	1.3194
3.81512831	1.278
3.75246265	1.2547
3.70180805	1.239
3.66475303	1.2593
3.63696574	1.2799
3.61618206	1.2945
3.626427	1.2945
3.63881248	1.2878
3.65671558	1.2819
3.66979877	1.2707
3.66789508	1.2604
3.6593972	1.2507
3.63497509	1.2554
3.60998464	1.2723
3.59255863	1.3059
3.58304133	1.3381
3.57316815	1.3574
3.55993094	1.3503
3.54612156	1.3247
3.55419306	1.3039
3.58262886	1.2986
3.62042846	1.2889
3.64639099	1.273
3.66288253	1.2435
3.6760169	1.2259
3.70498575	1.2318
3.73334401	1.2438
3.75162903	1.2432
3.73369505	1.2329
3.68904322	1.2152
3.65793389	1.2186
3.67022637	1.2405
3.69770999	1.2669
3.70864147	1.273
3.70353179	1.2664
3.70041514	1.2735
3.70855042	1.3011
3.7003282	1.3423
3.68932358	1.3709
3.66986516	1.376
3.65470081	1.3612
3.6553978	1.3391
3.65423425	1.3156
3.64974999	1.2823
3.62835347	1.2481
3.60152791	1.226
3.57143588	1.2343
3.54945239	1.2778
3.53164162	1.3438
3.50669239	1.4191
3.48608355	1.464
3.46911332	1.4742
3.45770287	1.4575
3.4519615	1.4167
3.45273715	1.3528
3.44999786	1.2751
3.44630725	1.216
3.45601131	1.1889
3.46766448	1.1954
3.48243878	1.2222
3.48693472	1.273
3.46525907	1.3516
3.44120665	1.4362
3.42971105	1.5043
3.44520357	1.5372
3.48701479	1.5372
3.5340742	1.4962
3.57359659	1.4433
3.58073497	1.397
3.55493564	1.3484
3.50895282	1.3239
3.47491674	1.309
3.45591854	1.3096
3.44346467	1.3331
3.44223526	1.3583
3.46802767	1.3749
3.51665976	1.3707
3.57657858	1.3376
3.62679991	1.2935
3.65416501	1.2556
3.66124553	1.2299
3.65073159	1.2369
3.64154437	1.2645
3.60993959	1.3039
3.56301957	1.3418
3.50783926	1.3744
3.47535615	1.3827
3.48149057	1.3635
3.5228749	1.3353
3.58569388	1.2998
3.633449	1.2845
3.65189483	1.277
3.64057534	1.2761
3.62097592	1.2764
3.58870916	1.2926
3.53259947	1.3184
3.48033341	1.3345
3.44890171	1.3379
3.46773595	1.3259
3.52616043	1.3225
3.60623388	1.3242
3.65982044	1.3394
3.66266664	1.3622
3.62054269	1.3856
3.57711707	1.4113
3.54625675	1.4351
3.53470614	1.4455
3.53122285	1.4386
3.54992901	1.4051
3.59992193	1.3559
3.66422739	1.3027
3.72602008	1.2643
3.75567078	1.24
3.74522123	1.2302
3.68420817	1.2376
3.59823444	1.2541
3.5390327	1.2757
3.5162673	1.3118
3.53585475	1.3496
3.60079611	1.3538
3.69498241	1.3107
3.79320449	1.2423
3.86029849	1.1825
3.85342697	1.1617
3.77867395	1.1777
3.68169832	1.2319
3.60167349	1.2985
3.53562657	1.3571
3.4793177	1.4025
3.44489855	1.4245
3.44420668	1.4137
3.47685407	1.3664
3.52660153	1.3066
3.56572123	1.2463
3.569975	1.2112
3.53688989	1.2215
3.49043902	1.27
3.45591868	1.3295
3.43058566	1.383
3.41325079	1.408
3.41348765	1.4108
3.44251569	1.3896
3.51665212	1.3305
3.63508338	1.2284
3.76536646	1.1367
3.85002316	1.0752
3.84973411	1.0716
3.78391939	1.1224
3.6647661	1.2033
3.52535134	1.2955
3.3984888	1.3711
3.31849873	1.4113
3.29752004	1.409
3.32441273	1.3674
3.38307191	1.2868
3.43235523	1.2008
3.47216582	1.1212
3.48857123	1.092
3.49056929	1.1188
3.46980104	1.19
3.42323599	1.3016
3.38626977	1.4115
3.37441018	1.4802
3.38467119	1.4985
3.41626661	1.4824
3.45153243	1.4437
3.49006678	1.3827
3.52431008	1.3034
3.55813871	1.2403
3.57457333	1.2099
3.55222666	1.2215
3.50859782	1.2551
3.45151748	1.2917
3.41242996	1.3177
3.39283002	1.3289
3.3976328	1.3126
3.41989808	1.2868
3.45182376	1.2538
3.47941035	1.234
3.51505952	1.2398
3.53548607	1.269
3.53208439	1.3028
3.50934144	1.3372
3.48581048	1.3652
3.47269406	1.3735
3.47975551	1.3593
3.49985871	1.3309
3.53658886	1.2855
3.56988812	1.2403
3.57924352	1.225
3.57994789	1.2454
3.56224926	1.2885
3.50932762	1.3333
3.43765492	1.3787
3.38823013	1.4213
3.37931022	1.4492
3.41293685	1.4463
3.47712707	1.3925
3.55299131	1.3014
3.61990263	1.212
3.66839864	1.171
3.68387842	1.1931
3.64619124	1.2606
3.55578598	1.3415
3.45212423	1.4054
3.38509127	1.4368
3.3716985	1.4461
3.39903127	1.4248
3.45469363	1.3681
3.54238134	1.2644
3.65508658	1.1645
3.74021126	1.131
3.75485335	1.1678
3.66176989	1.2446
3.51933697	1.3446
3.39973193	1.432
3.32972247	1.4742
3.3060193	1.4851
3.32826528	1.4834
3.38856424	1.4525
3.47805318	1.3487
3.58774616	1.1952
3.67590761	1.0868
3.69315603	1.0701
3.64171072	1.1364
3.54095631	1.2436
3.41078097	1.3545
3.29271901	1.4531
3.22139116	1.5236
3.1949962	1.5428
3.20764623	1.5007
3.2511557	1.3983
3.32105818	1.2717
3.42115261	1.166
3.52623123	1.117
3.59836273	1.1189
3.60047508	1.162
3.54583237	1.2319
3.45324	1.3169
3.3732373	1.4053
3.32493092	1.4505
3.31396284	1.4462
3.31591837	1.4132
3.33169428	1.3667
3.36152313	1.3437
3.40999775	1.3425
3.44359686	1.3637
3.43955912	1.3769
3.39903114	1.3855
3.35037927	1.3885
3.32264162	1.3808
3.30708867	1.3686
3.29359211	1.3426
3.27908495	1.3032
3.27212129	1.2542
3.29367056	1.2232
3.33035557	1.2442
3.36515735	1.3118
3.37708852	1.3859
3.37477852	1.4331
3.36200002	1.4502
3.35750867	1.4381
3.37945314	1.4187
3.43766885	1.387
3.50118249	1.3414
3.53013118	1.2927
3.53114449	1.2468
3.51551244	1.2201
3.4983156	1.2234
3.46763405	1.2729
3.41269713	1.3516
3.36140496	1.4185
3.34508488	1.4445
3.36817435	1.4323
3.41213252	1.3887
3.44235437	1.3386
3.44271385	1.2734
3.44571611	1.1933
3.45479614	1.1242
3.46373677	1.1197
3.44934333	1.1832
3.40560281	1.2776
3.37735047	1.3473
3.37059524	1.3792
3.36860803	1.3747
3.35848686	1.3591
3.35823249	1.3322
3.3842308	1.2989
3.4369055	1.2685
3.48060282	1.2497
3.48370279	1.2701
3.45831434	1.3207
3.43951391	1.3623
3.42182168	1.3875
3.39735994	1.4031
3.36169728	1.4171
3.34316509	1.3973
3.36020048	1.3469
3.40823428	1.2867
3.460034	1.2401
3.49311658	1.206
3.49179908	1.1861
3.45555068	1.1854
3.41248107	1.2171
3.35793482	1.2768
3.33083742	1.3247
3.32868375	1.3469
3.35866125	1.3394
3.40081635	1.3254
3.44642256	1.3072
3.50027517	1.2813
3.54583421	1.2291
3.56852399	1.1877
3.56179576	1.1808
3.53490854	1.205
3.50179693	1.2441
3.47467466	1.2738
3.44070309	1.2941
3.41796831	1.298
3.40908845	1.288
3.42547215	1.2625
3.44649313	1.2291
3.4566404	1.199
3.46241084	1.1828
3.48336257	1.1908
3.51089053	1.2273
3.52050502	1.2862
3.5075232	1.3471
3.47780305	1.3878
3.46756893	1.3879
3.48375841	1.3539
3.50728193	1.3141
3.5285454	1.2509
3.53509495	1.1836
3.52488116	1.1412
3.49613345	1.1375
3.45513008	1.1771
3.39300266	1.2635
3.33489915	1.3574
3.30884924	1.4223
3.31154374	1.4571
3.33305025	1.4687
3.3559983	1.4793
3.38799235	1.4685
3.43368384	1.4185
3.48443773	1.3363
3.50934194	1.2512
3.47699401	1.1962
3.43328527	1.1683
3.42782304	1.1745
3.45845913	1.1985
3.48886517	1.2319
3.48615931	1.2741
3.46701522	1.3195
3.45805604	1.3557
3.4550016	1.3717
3.44041782	1.3711
3.39773336	1.3619
3.34308044	1.351
3.31504771	1.352
3.31501141	1.3651
3.32333617	1.3745
3.32497354	1.3654
3.32997628	1.3291
3.37144087	1.2769
3.4260914	1.2352
3.46132351	1.2162
3.47880558	1.2048
3.46024526	1.2125
3.42781167	1.2536
3.39236381	1.3282
3.35438325	1.4055
3.32491438	1.4545
3.29959108	1.464
3.28146183	1.457
3.29544009	1.4433
3.34222601	1.4137
3.41068193	1.3527
3.4600866	1.2621
3.46047363	1.167
3.42547115	1.1233
3.39253952	1.1255
3.3611264	1.1579
3.31497454	1.2016
3.26152996	1.2618
3.23874403	1.3117
3.26397055	1.3261
3.31926267	1.3144
3.3700149	1.2806
3.39821678	1.2354
3.40528979	1.2038
3.42485309	1.179
3.44053511	1.1862
3.43559882	1.2044
3.40267762	1.2435
3.36052769	1.2913
3.33790219	1.3281
3.3250991	1.3345
3.31233801	1.3264
3.29206274	1.3274
3.27382118	1.3317
3.28860987	1.3268
3.33674797	1.3133
3.39776247	1.3151
3.46048901	1.3236
3.50631311	1.3466
3.5468256	1.3652
3.57028769	1.3813
3.56839859	1.3867
3.54174327	1.3778
3.51468302	1.3609
3.49427853	1.3527
3.48527362	1.3491
3.47795844	1.3347
3.47554341	1.325
3.48971144	1.3256
3.54120122	1.3272
3.59980604	1.3386
3.64782114	1.3443
3.6662358	1.3515
3.67872232	1.3521
3.67725577	1.3684
3.66793234	1.3926
3.63358223	1.4085
3.59482766	1.3961
3.55839578	1.3593
3.53184124	1.3194
3.51849033	1.3018
3.52058276	1.3057
3.52845056	1.3108
3.5324541	1.3098
3.55289806	1.3164
3.58340159	1.3432
3.59427883	1.3847
3.58875236	1.4057
3.57355427	1.4075
3.55188248	1.4107
3.53009331	1.426
3.50728517	1.4635
3.48528382	1.5082
3.46226522	1.5508
3.45556052	1.5688
3.45908393	1.5578
3.46907494	1.5137
3.4798519	1.4572
3.49560281	1.4021
3.51254826	1.3671
3.52322761	1.343
3.52166834	1.3291
3.49228034	1.3312
3.44493692	1.3616
3.40508073	1.4114
3.39277955	1.4567
3.41126015	1.4836
3.44156116	1.5023
3.47260075	1.5181
3.50115144	1.5163
3.5287476	1.4871
3.54027226	1.4312
3.52553907	1.3853
3.49210864	1.3545
3.4358173	1.3536
3.37309773	1.3587
3.33426099	1.3603
3.32800949	1.3612
3.35513613	1.363
3.39347037	1.3605
3.41999493	1.3611
3.44407727	1.3509
3.46677669	1.3464
3.46724684	1.3618
3.44103672	1.397
3.39902791	1.4488
3.36151661	1.4845
3.33347283	1.4795
3.32922669	1.4418
3.34339222	1.3845
3.36078588	1.3189
3.38791933	1.2708
3.44972657	1.2458
3.52734496	1.2428
3.57611616	1.264
3.55569996	1.3171
3.51177387	1.4073
3.4823097	1.5058
3.45424053	1.569
3.42270574	1.5897
3.40536616	1.5755
3.40071358	1.5136
3.42684894	1.4069
3.47186812	1.2839
3.50122343	1.176
3.48815472	1.1094
3.46571804	1.0714
3.45314353	1.074
3.42091105	1.1003
3.3725166	1.1458
3.34644453	1.198
3.35723336	1.2392
3.39112626	1.2498
3.4272882	1.2346
3.45541923	1.2046
3.49581379	1.1775
3.56181723	1.1596
3.62108578	1.1587
3.63879839	1.169
3.61740953	1.1784
3.59359402	1.1874
3.61772584	1.1835
3.66414048	1.1747
3.67555336	1.1694
3.66125969	1.1568
3.63594967	1.1525
3.60876571	1.158
3.57384325	1.1774
3.51910209	1.2145
3.44691519	1.274
3.39176616	1.3452
3.3640498	1.4113
3.36351384	1.4501
3.38067134	1.46
3.40954867	1.4459
3.45372902	1.4182
3.4909349	1.3702
3.49403279	1.336
3.46557935	1.3157
3.41246117	1.3182
3.35707045	1.3326
3.31374493	1.358
3.29413661	1.3752
3.29831825	1.3806
3.33782819	1.3743
3.40326864	1.3664
3.48666682	1.3394
3.56383234	1.2988
3.60650495	1.2616
3.60975116	1.2378
3.57461871	1.2326
3.49984933	1.2416
3.41635428	1.2413
3.34852537	1.2338
3.3128547	1.232
3.32529684	1.2323
3.38134694	1.2254
3.46965311	1.2044
3.56008092	1.1778
3.63521367	1.1656
3.68203283	1.1831
3.68959511	1.2303
3.65581674	1.2892
3.58174809	1.36
3.49718362	1.4081
3.43386834	1.4156
3.40201322	1.3883
3.39740654	1.3254
3.40311188	1.238
3.40871401	1.1586
3.41820235	1.1104
3.43269164	1.1085
3.4557763	1.1439
3.45768308	1.207
3.42976474	1.2878
3.38060073	1.3804
3.34021604	1.4437
3.33755367	1.4697
3.37892509	1.4387
3.44658224	1.3697
3.49037236	1.2959
3.50224394	1.2527
3.50157748	1.2555
3.5014278	1.2846
3.47436498	1.3425
3.4344278	1.4162
3.39939492	1.4841
3.37369268	1.5286
3.37658144	1.5135
3.41738013	1.4443
3.47994447	1.3387
3.54410474	1.2368
3.57578428	1.1543
3.56465508	1.1109
3.52309346	1.1117
3.46490528	1.1754
3.41074359	1.2818
3.38134294	1.3773
3.37064748	1.4192
3.37705538	1.4107
3.39654147	1.3795
3.42390167	1.3473
3.44056341	1.3044
3.44089344	1.247
3.42265563	1.2088
3.40463318	1.2006
3.39468744	1.2279
3.38034336	1.2764
3.35750997	1.326
3.33857601	1.3612
3.33578337	1.3744
3.35218683	1.3616
3.38754626	1.3346
3.42249689	1.3125
3.42973303	1.2953
3.41685672	1.2917
3.39717808	1.2928
3.37315069	1.2849
3.33188563	1.2602
3.28349369	1.24
3.24217028	1.233
3.22994582	1.223
3.24459308	1.2098
3.28552879	1.1909
3.34409136	1.1944
3.41061864	1.2279
3.46773526	1.2711
3.48025472	1.3143
3.45695247	1.3587
3.41356832	1.414
3.37806812	1.4579
3.35994346	1.4706
3.37109349	1.4283
3.3988336	1.3707
3.42892473	1.3255
3.45560087	1.2713
3.50060207	1.2167
3.55480706	1.1842
3.56847295	1.1922
3.53201682	1.2485
3.50131561	1.3136
3.48380893	1.3706
3.47066058	1.4018
3.45145758	1.4288
3.42676316	1.4466
3.40767219	1.4303
3.41208156	1.3753
3.44061959	1.3151
3.47215153	1.2872
3.48823797	1.2936
3.48158846	1.3113
3.48030757	1.3222
3.483277	1.3438
3.4810064	1.378
3.47479571	1.4144
3.46379286	1.4248
3.45815207	1.4009
3.46096841	1.3851
3.47385587	1.4054
3.48749439	1.4477
3.48555833	1.4784
3.46390978	1.4855
3.43111337	1.4831
3.39519911	1.4726
3.36518428	1.4415
3.34604558	1.3905
3.34973736	1.332
3.3684371	1.2839
3.4085008	1.2526
3.45679904	1.2443
3.48533762	1.2626
3.48226419	1.3022
3.4605105	1.3674
3.44106195	1.4423
3.43324983	1.5011
3.43354363	1.5186
3.43835815	1.517
3.4379758	1.5165
3.43021884	1.4946
3.41961698	1.4422
3.42638299	1.3619
3.42548866	1.2922
3.38497218	1.2584
3.30825253	1.2691
3.23697488	1.3102
3.20875489	1.3529
3.20574226	1.3982
3.21748921	1.4652
3.24029118	1.518
3.27197288	1.553
3.31063178	1.5695
3.35296342	1.5731
3.39320642	1.561
3.40952838	1.5315
3.39152095	1.4869
3.36245535	1.4302
3.33202129	1.3902
3.2972836	1.3729
3.25143944	1.3786
3.21083685	1.4008
3.1959574	1.4281
3.21283514	1.4556
3.25688339	1.4759
3.30660002	1.4917
3.35080323	1.4921
3.396965	1.4534
3.43491242	1.4225
3.44781707	1.3993
3.42192319	1.3981
3.39324644	1.3855
3.38375961	1.3654
3.40699716	1.3407
3.45403394	1.3249
3.48921359	1.3312
3.50961135	1.3357
3.53943892	1.3375
3.58883483	1.32
3.61764046	1.2956
3.5899358	1.2931
3.52058616	1.3141
3.45589946	1.3347
3.4211775	1.3337
3.40673781	1.3166
3.40629509	1.311
3.41538273	1.3114
3.43493866	1.3133
3.45535726	1.3045
3.47551695	1.2964
3.49810081	1.2978
3.49969421	1.3233
3.48111218	1.3405
3.43885607	1.3315
3.39454002	1.2891
3.37083986	1.2555
3.39046179	1.2307
3.4464419	1.2153
3.50845374	1.1841
3.5464758	1.1363
3.55749189	1.109
3.5646357	1.1225
3.56203562	1.1616
3.54871395	1.197
3.52811504	1.2257
3.5256709	1.2411
3.5634836	1.2438
3.63017791	1.2352
3.68625558	1.1961
3.71812903	1.1559
3.73089422	1.1248
3.74010453	1.1116
3.71210036	1.121
3.65273551	1.1497
3.57944959	1.204
3.52386394	1.2689
3.48650002	1.3294
3.46503045	1.3658
3.44896415	1.3788
3.44364128	1.3665
3.44456455	1.3306
3.45186943	1.2629
3.45392433	1.1749
3.43238022	1.1027
3.39544296	1.0626
3.37255364	1.0439
3.39038131	1.0566
3.42355276	1.0979
3.45125	1.1696
3.46761276	1.253
3.48966658	1.3399
3.50639354	1.3783
3.49254382	1.3721
3.45157275	1.349
3.41406146	1.3433
3.37827005	1.3423
3.32444081	1.3425
3.27475005	1.3422
3.25376157	1.3481
3.2623636	1.3658
3.27658358	1.372
3.28541487	1.3622
3.31096639	1.3281
3.34687399	1.3002
3.39681594	1.2884
3.43225335	1.2639
3.44176325	1.2265
3.45467745	1.2077
3.45835967	1.2316
3.45067693	1.2783
3.42584755	1.3292
3.38873858	1.3794
3.35803914	1.401
3.35083047	1.4268
3.35545579	1.4443
3.35856947	1.4461
3.35716353	1.4313
3.36423186	1.4028
3.38625469	1.3765
3.4187898	1.3667
3.44108688	1.3576
3.42974087	1.3422
3.39267856	1.3124
3.35122254	1.2863
3.31783158	1.2742
3.29943465	1.2584
3.2982718	1.2347
3.30661356	1.2229
3.32962491	1.2324
3.36039804	1.2729
3.39618962	1.3268
3.41745669	1.3822
3.41933627	1.4139
3.41007536	1.4238
3.39979994	1.417
3.38913929	1.3854
3.39119317	1.3294
3.41745619	1.251
3.44866006	1.1919
3.47060241	1.1761
3.4812258	1.2143
3.48559974	1.2847
3.49465923	1.3685
3.49064921	1.4484
3.47182768	1.5136
3.45054782	1.5569
3.44180376	1.5575
3.45396246	1.5022
3.49395218	1.3978
3.55334487	1.2921
3.60488593	1.2078
3.61940671	1.1772
3.59504013	1.1834
3.55112427	1.2222
3.49548796	1.2815
3.44285033	1.3628
3.42969703	1.4371
3.45264869	1.4866
3.50225672	1.4935
3.5507505	1.4616
3.59472058	1.4038
3.62828864	1.3587
3.64597978	1.3332
3.64100116	1.3261
3.6151773	1.3293
3.57411842	1.3623
3.53260563	1.4086
3.51645103	1.4373
3.51767867	1.4437
3.53541045	1.4227
3.56799787	1.3705
3.59679119	1.3231
3.61508205	1.2924
3.60440065	1.2913
3.56100278	1.3152
3.49909352	1.3446
3.42178889	1.3842
3.35727196	1.4185
3.32456357	1.4319
3.32793299	1.422
3.36893553	1.3958
3.43580898	1.3637
3.51250844	1.3375
3.58289787	1.3189
3.61965567	1.3096
3.60429268	1.3314
3.54746382	1.373
3.47559833	1.4276
3.41120975	1.4539
3.36155128	1.4613
3.34614839	1.4485
3.36266201	1.4409
3.41283008	1.423
3.48299545	1.3878
3.55381298	1.3392
3.60824909	1.3125
3.59938864	1.3345
3.53107187	1.3934
3.4393547	1.4653
3.36186602	1.5093
3.30712735	1.5131
3.28359618	1.4956
3.28636915	1.463
3.32132469	1.4033
3.39587835	1.3137
3.50133616	1.2416
3.59482073	1.2196
3.63223965	1.2563
3.59347167	1.3506
3.51125247	1.4665
3.44231277	1.574
3.41628708	1.6429
3.41753969	1.6665
3.42675338	1.637
3.4337204	1.5558
3.44691973	1.4379
3.48746266	1.3206
3.52214081	1.2343
3.5290302	1.1931
3.486795	1.1977
3.40457244	1.2534
3.32168639	1.3338
3.27608256	1.4154
3.26139825	1.4658
3.27450164	1.4592
3.30328364	1.4104
3.35297483	1.3505
3.42769628	1.2914
3.50793505	1.2491
3.56380685	1.2244
3.56752399	1.2414
3.52781227	1.3071
3.47651316	1.3975
3.44103221	1.481
3.43253649	1.5237
3.44529228	1.5349
3.47564817	1.5117
3.52360982	1.4589
3.58749639	1.3933
3.64785702	1.3271
3.66263107	1.2859
3.62255898	1.2696
3.52674389	1.2838
3.41931474	1.326
3.33225385	1.3832
3.28954992	1.4345
3.28928518	1.4597
3.31957468	1.4622
3.37116236	1.4335
3.43846806	1.3724
3.51172135	1.2918
3.55701164	1.2346
3.57814556	1.2132
3.55934323	1.2429
3.52502443	1.2999
3.48818975	1.3636
3.44381428	1.4274
3.41241869	1.4768
3.40971462	1.5003
3.43699729	1.4998
3.48268596	1.4773
3.53203106	1.4436
3.5540404	1.4057
3.54808999	1.3854
3.52437716	1.3927
3.48271652	1.4229
3.41541508	1.4683
3.34113534	1.5068
3.28400978	1.5154
3.2548041	1.4997
3.25346743	1.4685
3.27168441	1.4483
3.29938287	1.4433
3.31942782	1.4353
3.33259174	1.4129
3.34566637	1.392
3.35233159	1.4006
3.34299045	1.4459
3.32868279	1.5068
3.31339077	1.541
3.30422388	1.5351
3.30097366	1.5136
3.30564058	1.5007
3.31239728	1.5074
3.31437039	1.5175
3.31070971	1.5108
3.31380134	1.4943
3.32208574	1.5033
3.33790946	1.5379
3.3482914	1.5614
3.34372959	1.5372
3.32109469	1.4912
3.29682028	1.4406
3.29316923	1.3971
3.3018143	1.3542
3.29644685	1.3177
3.25470757	1.3188
3.21301394	1.3598
3.20582396	1.4288
3.22914721	1.4782
3.25870966	1.5027
3.28159625	1.5075
3.29477084	1.5171
3.31310085	1.5176
3.35539734	1.4925
3.42410665	1.4397
3.46925378	1.3786
3.44855226	1.347
3.39807184	1.358
3.36101614	1.4027
3.35549841	1.4423
3.34890531	1.4622
3.33836361	1.4719
3.32578787	1.4888
3.32108772	1.4988
3.32526164	1.4837
3.33463391	1.4297
3.33955696	1.3596
3.32712584	1.3121
3.30910232	1.2945
3.29366301	1.3003
3.28466681	1.3037
3.28150259	1.3107
3.29668701	1.3244
3.33356757	1.3555
3.38974769	1.3892
3.44221893	1.3994
3.47646255	1.3831
3.48668713	1.3732
3.47059018	1.4046
3.44051104	1.4668
3.40362226	1.5008
3.35078106	1.5108
3.30511324	1.4983
3.27261128	1.4938
3.26615342	1.4814
3.28714144	1.4518
3.32206731	1.3718
3.34332303	1.2898
3.34807291	1.2485
3.35578442	1.2669
3.37035581	1.3229
3.37320645	1.3868
3.34607981	1.4579
3.30950544	1.5379
3.28232512	1.5888
3.2784011	1.6053
3.30029154	1.5739
3.33369601	1.5208
3.35430505	1.4601
3.35178342	1.4037
3.34958696	1.3669
3.35839962	1.3529
3.37616417	1.3647
3.38403948	1.4069
3.37346354	1.4496
3.35678847	1.475
3.34736824	1.4706
3.35704172	1.4389
3.3753423	1.3973
3.37960001	1.3586
3.35689855	1.3235
3.33478361	1.3186
3.32343222	1.3511
3.32664919	1.4119
3.33289303	1.4495
3.34217128	1.4608
3.34846675	1.4453
3.36343452	1.4253
3.37730472	1.4007
3.38928824	1.3519
3.39577157	1.2942
3.39378879	1.2592
3.38965495	1.2659
3.37740188	1.3186
3.35673267	1.3811
3.34185797	1.4213
3.34375993	1.433
3.36039254	1.4314
3.38382442	1.4212
3.41249212	1.4053
3.43257063	1.3783
3.44114235	1.335
3.42714511	1.3074
3.40797165	1.311
3.38585792	1.3448
3.36179176	1.3747
3.33845158	1.3883
3.32291698	1.3795
3.32608971	1.3674
3.35135669	1.3512
3.39049913	1.3284
3.43088088	1.294
3.46397886	1.2622
3.47428316	1.2664
3.45293411	1.3068
3.42383574	1.3709
3.40132978	1.4374
3.38343846	1.4807
3.36234759	1.5046
3.34575616	1.5128
3.35253928	1.4878
3.37334418	1.4296
3.40120134	1.3464
3.42782513	1.2608
3.43591661	1.1933
3.4244831	1.1689
3.40441708	1.1977
3.39600275	1.2544
3.37085218	1.337
3.32740505	1.4056
3.28257197	1.4539
3.25840904	1.4625
3.26343639	1.4458
3.28453182	1.4025
3.30386211	1.3444
3.31717279	1.2829
3.32228746	1.2583
3.3342405	1.279
3.34965004	1.3397
3.35699515	1.4185
3.34305382	1.4728
3.32768773	1.5084
3.33473006	1.5219
3.37200956	1.5177
3.43045273	1.4953
3.48459692	1.4494
3.52246096	1.3939
3.5494659	1.3497
3.55839121	1.3292
3.53619679	1.3268
3.46921739	1.3532
3.38814478	1.3882
3.32909993	1.4214
3.30049864	1.4307
3.29698637	1.4055
3.3127807	1.3772
3.34451793	1.3485
3.39735043	1.3209
3.45947859	1.299
3.50950937	1.2891
3.52693284	1.3058
3.50251325	1.3617
3.46603385	1.4245
3.4257116	1.4676
3.39298035	1.4798
3.36647688	1.471
3.34911775	1.451
3.34816967	1.4157
3.37295485	1.3733
3.40725561	1.3412
3.42046844	1.3291
3.40373082	1.3378
3.37094517	1.3688
3.34432476	1.3962
3.33024122	1.4033
3.31873257	1.3941
3.30725966	1.3812
3.3084666	1.3637
3.33678278	1.332
3.38446674	1.3014
3.424154	1.2958
3.44852593	1.3105
3.45142334	1.3579
3.43950235	1.4142
3.41920215	1.4581
3.39141724	1.4904
3.36752405	1.4972
3.36873322	1.4766
3.40077117	1.4275
3.45886854	1.3519
3.50018998	1.2807
3.50870286	1.2253
3.48943755	1.2123
3.44436525	1.2562
3.38889902	1.3461
3.32753752	1.4443
3.28980546	1.5038
3.27872146	1.5249
3.31112782	1.5235
3.37088142	1.4937
3.45023578	1.4314
3.51808875	1.3528
3.55541925	1.282
3.56231314	1.2671
3.52470984	1.3069
3.44700084	1.374
3.37540021	1.4459
3.34326675	1.5032
3.34989919	1.5402
3.38117126	1.5558
3.42755338	1.5342
3.49012167	1.4808
3.56327522	1.4
3.61747766	1.3197
3.61873206	1.2722
3.55794477	1.2631
3.45554632	1.2842
3.35073345	1.3147
3.26198043	1.3474
3.20233169	1.3726
3.19323245	1.3915
3.22914549	1.3789
3.29250797	1.3471
3.36285243	1.3034
3.42765746	1.2651
3.47935517	1.2338
3.52771378	1.2192
3.54161224	1.2339
3.51127226	1.2721
3.45192086	1.3228
3.40021955	1.3644
3.37999864	1.3933
3.387863	1.3972
3.41603902	1.3778
3.46059136	1.3409
3.5062437	1.3116
3.53096674	1.3037
3.53220438	1.3193
3.50924625	1.3476
3.47507602	1.3711
3.43954767	1.3919
3.40505298	1.4192
3.38146118	1.4445
3.3788621	1.4363
3.39134773	1.4094
3.41475485	1.3753
3.43622873	1.3692
3.4428032	1.3832
3.43208829	1.412
3.40763552	1.4475
3.3775652	1.4895
3.3551729	1.5244
3.34142827	1.531
3.33993151	1.5132
3.35516082	1.4694
3.38990889	1.4164
3.41581406	1.3764
3.42860548	1.3471
3.4448704	1.3302
3.44028711	1.3375
3.40952476	1.3891
3.37236995	1.4599
3.35545751	1.5238
3.3623723	1.5674
3.38398031	1.594
3.40909726	1.5976
3.43709419	1.5779
3.47396165	1.5176
3.51294587	1.4428
3.53217304	1.3765
3.49676932	1.3592
3.43111895	1.3788
3.37419962	1.4037
3.33178516	1.4293
3.30548139	1.4553
3.29906513	1.4913
3.31741695	1.5336
3.36292419	1.548
3.4291417	1.5368
3.49920073	1.5084
3.54736185	1.4936
3.56310395	1.5082
3.54859344	1.5329
3.50463126	1.5672
3.45454654	1.5902
3.40848003	1.5843
3.3708889	1.5695
3.35381281	1.5348
3.36257337	1.4873
3.38567624	1.4214
3.41796409	1.3695
3.43650134	1.3246
3.4431306	1.307
3.42891839	1.3306
3.41052684	1.4107
3.39521873	1.5224
3.39168141	1.5998
3.39803427	1.6277
3.40855476	1.6298
3.42899781	1.6091
3.4551387	1.5499
3.48867432	1.4579
3.53270266	1.3578
3.59070524	1.3025
3.61999113	1.2967
3.59236769	1.3372
3.53161719	1.4213
3.48624348	1.5124
3.4563084	1.5809
3.43594554	1.629
3.41918124	1.6332
3.40763925	1.5986
3.40855646	1.5233
3.42512308	1.4221
3.43613053	1.3306
3.43659836	1.2597
3.43779167	1.2061
3.44261988	1.1926
3.43618109	1.2228
3.40242416	1.2957
3.34925798	1.3798
3.30509171	1.4492
3.29873585	1.4865
3.31479429	1.4952
3.34053519	1.4925
3.36107858	1.4754
3.38251688	1.4559
3.40076597	1.436
3.40692087	1.4469
3.39502511	1.4974
3.38203383	1.5614
3.37831698	1.6109
3.37939377	1.6268
3.38276361	1.6254
3.3826558	1.6182
3.3747543	1.5901
3.36582809	1.5388
3.36291786	1.4705
3.37381859	1.4113
3.39332588	1.3685
3.39989092	1.356
3.38986356	1.3557
3.38028619	1.3663
3.38116305	1.3969
3.38031202	1.4233
3.36463228	1.4489
3.35140154	1.4527
3.35874372	1.4439
3.3835055	1.4265
3.41313176	1.4111
3.42911734	1.3967
3.44330395	1.3804
3.47198155	1.3564
3.50739954	1.3544
3.53061341	1.3571
3.52292049	1.3635
3.49806096	1.3759
3.46356141	1.3905
3.42476861	1.4166
3.38992683	1.451
3.36285343	1.4826
3.34415885	1.4976
3.33510775	1.5124
3.32346037	1.5192
3.302805	1.5035
3.27186681	1.4709
3.2369264	1.4434
3.21097025	1.4157
3.20644953	1.3959
3.21022116	1.3773
3.21260179	1.3664
3.20926644	1.3761
3.22255147	1.4028
3.25524804	1.4187
3.29063195	1.4366
3.31330747	1.4518
3.32518767	1.4513
3.33941591	1.432
3.36576958	1.3902
3.39258682	1.353
3.39360299	1.3241
3.36171752	1.3174
3.31364525	1.3193
3.27353843	1.3138
3.23185401	1.2941
3.1911636	1.2714
3.16502162	1.2726
3.15434457	1.3019
3.17586553	1.3167
3.21507643	1.3223
3.25801337	1.3365
3.29363183	1.3653
3.32342995	1.4027
3.35831758	1.4374
3.38187858	1.4671
3.38865204	1.4942
3.38762113	1.5101
3.37638473	1.5168
3.34879586	1.513
3.31404686	1.4991
3.28037168	1.4796
3.25347151	1.4627
3.23088075	1.4534
3.20998822	1.4545
3.19534822	1.4668
3.20254809	1.4727
3.21980229	1.4683
3.22899436	1.4639
3.22180005	1.4634
3.20880316	1.4592
3.20125367	1.4371
3.19570418	1.4073
3.19894455	1.3752
3.21023587	1.3611
3.2254628	1.3635
3.25432603	1.3811
3.29508649	1.3873
3.32662348	1.3939
3.33730969	1.4047
3.33896803	1.4181
3.34543164	1.4397
3.35976666	1.4544
3.37261752	1.4626
3.37584434	1.4628
3.36532471	1.447
3.35296793	1.4186
3.35173039	1.3847
3.35335538	1.3476
3.33114358	1.3053
3.27647355	1.2711
3.22904932	1.2465
3.20680943	1.2506
3.20282859	1.2891
3.19073653	1.3413
3.18881811	1.3831
3.21082371	1.4011
3.26119459	1.4111
3.32560366	1.4106
3.37789236	1.3953
3.40934125	1.3513
3.41173155	1.2984
3.39134444	1.2608
3.33422256	1.2569
3.24893678	1.2766
3.17812436	1.3104
3.13153795	1.3426
3.11519462	1.3512
3.11606875	1.3611
3.13311207	1.3553
3.16701089	1.3287
3.2119713	1.289
3.26240978	1.2503
3.3031429	1.2084
3.31932846	1.1796
3.31683099	1.176
3.3111646	1.1921
3.30953878	1.2301
3.31953517	1.2771
3.33429483	1.3217
3.34195065	1.3529
3.33965486	1.3655
3.32549513	1.3662
3.30656999	1.3547
3.28879864	1.3466
3.28146758	1.3299
3.28702144	1.3176
3.29811613	1.3064
3.31334801	1.2908
3.33924073	1.2735
3.38153179	1.2673
3.42152001	1.2772
3.44732714	1.2985
3.45678077	1.3257
3.46586038	1.3697
3.45958095	1.4193
3.43841596	1.4782
3.40356679	1.5234
3.3737373	1.5357
3.35840239	1.5132
3.36487245	1.4682
3.37972631	1.4127
3.38167207	1.367
3.38268241	1.322
3.39405854	1.2842
3.40974009	1.2805
3.41491602	1.3165
3.39685284	1.3834
3.37010752	1.4617
3.36008167	1.5259
3.37162466	1.5466
3.39671673	1.5256
3.42080899	1.5019
3.44996647	1.4694
3.48944161	1.3984
3.53481939	1.3157
3.58889382	1.2377
3.60416541	1.2102
3.57196657	1.2241
3.51852943	1.2803
3.47776783	1.3756
3.45969228	1.4648
3.44958852	1.5141
3.45111057	1.514
3.47003355	1.4841
3.50138421	1.4361
3.52507304	1.3645
3.53917782	1.2765
3.5415126	1.2014
3.5312611	1.1315
3.52280988	1.1398
3.52717965	1.185
3.51536689	1.26
3.46996091	1.3271
3.41801518	1.366
3.3858472	1.3869
3.38770293	1.4082
3.42100019	1.4223
3.46205813	1.4203
3.50010417	1.3948
3.51943834	1.3618
3.52200915	1.3437
3.51263814	1.3419
3.49995388	1.3477
3.47296021	1.3465
3.43369827	1.3296
3.39515673	1.3129
3.37667412	1.3022
3.38574164	1.3103
3.41149181	1.3155
3.44165629	1.3066
3.47411725	1.2834
3.51281238	1.2512
3.54756258	1.225
3.5726939	1.2088
3.56614228	1.1938
3.53819901	1.1973
3.50094273	1.2118
3.47387312	1.2283
3.45608637	1.2477
3.45895746	1.2577
3.47402222	1.2407
3.48910025	1.2312
3.52547375	1.2271
3.56331705	1.214
3.5622475	1.198
3.50770125	1.1942
3.43864238	1.2063
3.38458257	1.2186
3.36727942	1.2461
3.37104028	1.277
3.38074362	1.3176
3.39358257	1.3621
3.42634095	1.3804
3.47905288	1.3848
3.55490014	1.3605
3.62131015	1.3193
3.64427371	1.2742
3.60794446	1.2317
3.53910186	1.2004
3.48421238	1.1822
3.4402103	1.2047
3.39094078	1.233
3.33916688	1.2735
3.30628836	1.3105
3.30239984	1.3356
3.32971487	1.3438
3.3666042	1.3498
3.41972813	1.3459
3.48299732	1.3231
3.53059866	1.2951
3.5447996	1.2814
3.53478186	1.2992
3.53231352	1.3366
3.55340061	1.3545
3.56345369	1.3564
3.5455585	1.3588
3.51142015	1.3737
3.48496926	1.3739
3.47065675	1.3628
3.46706171	1.3254
3.46801916	1.2919
3.45806213	1.283
3.44106782	1.2775
3.42622968	1.2591
3.4116621	1.2286
3.39057826	1.2069
3.38677994	1.2054
3.38399567	1.2145
3.37930126	1.2391
3.36831423	1.2748
3.36843036	1.3058
3.38911497	1.3265
3.41821982	1.3351
3.44379472	1.3347
3.45426858	1.3316
3.46918427	1.3195
3.49715126	1.2964
3.52184441	1.2673
3.50511	1.25
3.45131794	1.255
3.39481976	1.2983
3.35864741	1.3383
3.34497469	1.3461
3.33137545	1.3245
3.30595451	1.3147
3.28223295	1.3185
3.27760032	1.2993
3.30384829	1.2554
3.35377316	1.1982
3.39212702	1.1453
3.41343587	1.1039
3.42022772	1.0805
3.42745277	1.0947
3.44878264	1.1368
3.44572697	1.1975
3.42359488	1.2587
3.38894307	1.3004
3.3705669	1.3225
3.38240581	1.3571
3.42914336	1.3821
3.48154859	1.3827
3.52943436	1.3465
3.57833493	1.2793
3.60692777	1.2452
3.62348688	1.2521
3.61696141	1.2804
3.58236881	1.317
3.52530368	1.3374
3.47311412	1.3638
3.44674511	1.4009
3.43956936	1.4467
3.45428073	1.4663
3.47783703	1.4622
3.50668762	1.4456
3.52976252	1.4241
3.5488602	1.3912
3.55938619	1.3493
3.56474688	1.3145
3.54715387	1.3017
3.51129314	1.3208
3.46902287	1.3492
3.44124398	1.3797
3.43000176	1.4011
3.43870004	1.4087
3.47561717	1.3993
3.5507537	1.3803
3.64956545	1.3463
3.72819227	1.3035
3.76706802	1.2632
3.74736192	1.2488
3.69898956	1.2648
3.634009	1.3096
3.56470943	1.3623
3.50978421	1.3883
3.47856047	1.3829
3.48329187	1.3576
3.52181906	1.3262
3.58349954	1.2889
3.64356715	1.2394
3.67048427	1.1972
3.6630408	1.1814
3.63423494	1.2044
3.58784154	1.249
3.52401789	1.3047
3.46522714	1.3457
3.43428583	1.364
3.4414865	1.3728
3.48517858	1.3566
3.55391216	1.3282
3.62566787	1.2939
3.68042873	1.2584
3.71856651	1.2306
3.73322471	1.2077
3.71365826	1.2127
3.66939333	1.2283
3.60882678	1.2482
3.55275193	1.242
3.5257483	1.2163
3.52086992	1.1726
3.51521259	1.1485
3.51777423	1.1477
3.52250663	1.1439
3.53189628	1.1266
3.55155452	1.109
3.57090043	1.1267
3.56439402	1.1693
3.5496071	1.1992
3.54544724	1.2099
3.56216482	1.2058
3.59677182	1.1994
3.62826838	1.1848
3.64229715	1.1606
3.66224893	1.1356
3.66912134	1.1299
3.63921128	1.1571
3.5716537	1.2118
3.51007785	1.2613
3.47073159	1.2935
3.45305293	1.3167
3.4561367	1.3223
3.46489731	1.3077
3.49500507	1.2519
3.54432716	1.179
3.61739374	1.1065
3.68222083	1.0591
3.69663934	1.0546
3.65774778	1.0951
3.60203597	1.1598
3.52869	1.2338
3.45803153	1.2943
3.41025102	1.3366
3.41117494	1.3457
3.45460185	1.3178
3.52863763	1.2377
3.61219543	1.1313
3.67605079	1.0361
3.69841149	0.9952
3.65657217	1.0329
3.55911288	1.1203
3.43071302	1.2188
3.30959017	1.307
3.24245863	1.3721
3.22767354	1.4207
3.25610867	1.4361
3.31671047	1.3851
3.39717463	1.2805
3.50058977	1.169
3.61549516	1.1014
3.67724329	1.1045
3.66230135	1.1547
3.57225534	1.2272
3.47327881	1.3107
3.41250359	1.3938
3.38912813	1.4579
3.38822098	1.4892
3.40087659	1.467
3.42433312	1.4163
3.47473455	1.3534
3.5321285	1.2993
3.56212048	1.2635
3.5363696	1.2504
3.46371201	1.2603
3.39106114	1.2847
3.34413847	1.3048
3.33650238	1.294
3.36097574	1.2619
3.38624355	1.2374
3.40422564	1.225
3.44600534	1.218
3.51793584	1.206
3.57698941	1.1982
3.57313014	1.2079
3.5138772	1.2371
3.45762016	1.2517
3.44008326	1.2299
3.45121213	1.1742
3.45455985	1.1317
3.45465416	1.1138
3.46044836	1.1141
3.49676956	1.1102
3.51955531	1.1215
3.50492669	1.1606
3.45840964	1.2272
3.41347839	1.2874
3.3899978	1.3321
3.38990794	1.3542
3.39892456	1.3592
3.41672643	1.3408
3.46125055	1.2812
3.53926637	1.1965
3.62465062	1.1281
3.67502931	1.1116
3.65864591	1.1511
3.59333186	1.2043
3.51106878	1.2463
3.44007091	1.2811
3.39922296	1.3229
3.39582302	1.3533
3.43081745	1.3427
3.4995293	1.2903
3.57993232	1.2082
3.6568405	1.1354
3.6996598	1.1085
3.68696035	1.1339
3.61466248	1.1932
3.51099442	1.2682
3.42529047	1.3279
3.37816242	1.3698
3.37493693	1.3766
3.39240587	1.3555
3.43003956	1.3135
3.50084012	1.2325
3.56520848	1.1523
3.57049635	1.101
3.48586722	1.1068
3.37741594	1.1689
3.29399028	1.2627
3.24570535	1.3398
3.22740061	1.3901
3.23986548	1.415
3.28576674	1.4132
3.3689985	1.3735
3.49642992	1.3039
3.63966216	1.2213
3.73924104	1.1572
3.75320314	1.1258
3.6929612	1.1391
3.58587878	1.1878
3.48511644	1.2498
3.41793014	1.3036
3.39389983	1.3252
3.40103937	1.3051
3.44017942	1.2596
3.50467019	1.1985
3.5983829	1.1542
3.67636182	1.1294
3.69679242	1.127
3.6301767	1.1409
3.51250479	1.1792
3.40124127	1.2373
3.33372495	1.2876
3.30331538	1.3179
3.3220225	1.3225
3.3707395	1.3121
3.45087228	1.2826
3.55089098	1.247
3.65141514	1.2108
3.70303725	1.2049
3.69139471	1.2155
3.62103894	1.2396
3.52795241	1.2621
3.43469623	1.2838
3.3672377	1.2877
3.33571034	1.2861
3.34038992	1.2689
3.37298018	1.2411
3.41446868	1.2176
3.45150923	1.2169
3.48499521	1.2243
3.52557572	1.2456
3.56462138	1.266
3.5723021	1.2971
3.54011725	1.3251
3.4966702	1.3502
3.48466811	1.3639
3.500816	1.3455
3.53381605	1.3267
3.57124462	1.31
3.612771	1.2924
3.64707485	1.2626
3.68973909	1.2365
3.71759286	1.2319
3.71301005	1.2393
3.64250578	1.2514
3.55522111	1.2757
3.49156057	1.297
3.45437008	1.3193
3.44523357	1.3375
3.46397238	1.3461
3.50167128	1.3353
3.54718637	1.2924
3.59968111	1.2393
3.64655177	1.2144
3.66394644	1.2222
3.6495771	1.2465
3.60337642	1.2574
3.56130911	1.2495
3.52655251	1.2315
3.52130326	1.2121
3.54281679	1.2039
3.58493438	1.1817
3.62774166	1.1364
3.65310021	1.0894
3.65441347	1.063
3.62681113	1.0788
3.58929061	1.1281
3.54832753	1.1921
3.50382552	1.2516
3.47152743	1.2934
3.4576691	1.3308
3.46212573	1.359
3.48429143	1.3706
3.51136946	1.3593
3.53273323	1.3362
3.54091543	1.3101
3.52606774	1.3012
3.49239819	1.3057
3.4573217	1.3099
3.42313969	1.3261
3.41086724	1.3371
3.4118741	1.3406
3.42019851	1.3414
3.44352099	1.3166
3.48642506	1.2713
3.53950609	1.233
3.56892645	1.2089
3.56428995	1.1981
3.53440832	1.2066
3.48499814	1.2349
3.42815517	1.2705
3.38197777	1.3115
3.35266065	1.3438
3.34131497	1.3606
3.36227354	1.347
3.42734042	1.3062
3.52874675	1.2423
3.63870266	1.1745
3.71705606	1.129
3.71817957	1.1148
3.64336999	1.1372
3.52770158	1.1971
3.40627315	1.275
3.31112469	1.3446
3.25125751	1.389
3.23047323	1.4125
3.25260888	1.4199
3.30591508	1.409
3.37734846	1.3964
3.4550444	1.3562
3.51714849	1.3168
3.54071176	1.2854
3.52724259	1.2823
3.47965573	1.3182
3.41772625	1.3529
3.36156188	1.3783
3.339625	1.3741
3.35534083	1.3457
3.40490703	1.3137
3.47851265	1.2785
3.54398043	1.2503
3.58387921	1.2542
3.58684587	1.2866
3.55469527	1.3457
3.48786187	1.416
3.40787246	1.4749
3.35125159	1.502
3.31995163	1.4917
3.30534932	1.462
3.31168266	1.4346
3.33189696	1.4055
3.37419227	1.3555
3.45273598	1.2925
3.53296615	1.2587
3.55420429	1.272
3.51113421	1.3076
3.43680645	1.3581
3.37658804	1.4036
3.33843134	1.4242
3.30101412	1.4296
3.2601347	1.4298
3.23404538	1.4092
3.23018465	1.3584
3.25681655	1.2958
3.30162176	1.2515
3.33793173	1.2424
3.36645846	1.2638
3.39826884	1.2996
3.43684914	1.3419
3.47101986	1.3788
3.48692692	1.4033
3.50315612	1.4031
3.51212526	1.3859
3.52557962	1.3598
3.53460402	1.3334
3.53256212	1.3126
3.51847924	1.3007
3.50450534	1.3077
3.51013708	1.3361
3.52080487	1.3545
3.52063468	1.351
3.51409715	1.3217
3.51427156	1.2813
3.55373804	1.2376
3.61512852	1.2037
3.64985759	1.1652
3.62595074	1.1229
3.5725703	1.0975
3.546298	1.1177
3.57258102	1.1504
3.61665019	1.1895
3.61422477	1.2351
3.60248763	1.2769
3.61109873	1.3127
3.65969947	1.3339
3.72202016	1.3244
3.75354502	1.3192
3.74998678	1.3204
3.72067188	1.313
3.69371019	1.2964
3.66736912	1.2706
3.60366454	1.258
3.53990569	1.2493
3.50060799	1.2382
3.50389715	1.2261
3.54450186	1.2204
3.59719245	1.2223
3.64354253	1.234
3.6798895	1.2594
3.71703068	1.2858
3.74013562	1.3197
3.73214231	1.3568
3.69170082	1.3872
3.64566622	1.4003
3.61717952	1.3906
3.62406509	1.3579
3.62333596	1.3083
3.60940097	1.2591
3.62575714	1.2096
3.68375302	1.1801
3.74097679	1.1679
3.74494393	1.1795
3.69604954	1.2121
3.62428638	1.2697
3.58576014	1.3228
3.56788009	1.3568
3.52943134	1.3812
3.47801587	1.3857
3.44596197	1.3689
3.47598177	1.3263
3.56273802	1.284
3.65213768	1.2712
3.70776728	1.2795
3.72588993	1.3004
3.71783675	1.3358
3.6900258	1.3469
3.62812772	1.3473
3.56967291	1.347
