3.47649864	1.3596
3.47019022	1.3588
3.47774318	1.3509
3.48915614	1.3367
3.49795066	1.32
3.51990383	1.2993
3.56273028	1.2674
3.62176151	1.226
3.67563921	1.1838
3.70282708	1.156
3.68638431	1.1518
3.6686969	1.1596
3.66957273	1.1905
3.6820263	1.2352
3.66803155	1.2927
3.64551393	1.3313
3.64010175	1.3457
3.66680253	1.3225
3.70514513	1.2824
3.72275961	1.244
3.70368278	1.2056
3.67864666	1.1821
3.6787045	1.1676
3.67914834	1.1777
3.65080808	1.205
3.62173667	1.2328
3.62488585	1.256
3.64541827	1.2755
3.65915587	1.2824
3.65393511	1.2794
3.64757392	1.2653
3.64852431	1.2573
3.65506134	1.2471
3.65161086	1.2511
3.6397435	1.2478
3.6312563	1.2541
3.6335549	1.2513
3.63764181	1.2432
3.63601265	1.2332
3.6312168	1.218
3.62512177	1.2086
3.62545219	1.1935
3.62481484	1.1896
3.61026591	1.202
3.58264903	1.2223
3.55052151	1.2606
3.53118506	1.2946
3.52551825	1.3115
3.53041981	1.3048
3.54109905	1.2978
3.55681693	1.2836
3.58045103	1.257
3.60128088	1.2333
3.60971388	1.2251
3.60666698	1.2389
3.59248705	1.2817
3.57778102	1.3383
3.56563948	1.3837
3.54936818	1.4159
3.53371561	1.442
3.50910759	1.4633
3.47988479	1.4656
3.45058412	1.4494
3.4381957	1.426
3.44544511	1.4148
3.467878	1.405
3.50635682	1.3921
3.54910531	1.3707
3.59424823	1.3595
3.63066112	1.3598
3.6471506	1.3683
3.66087161	1.3649
3.66868485	1.3478
3.6623784	1.3195
3.63379921	1.3029
3.61070654	1.2942
3.61345323	1.284
3.63587243	1.2595
3.66613683	1.2301
3.69834288	1.2119
3.72974577	1.2073
3.75297114	1.2124
3.76070299	1.2175
3.72765468	1.2338
3.67493461	1.2625
3.6204684	1.3103
3.58315163	1.3543
3.56619851	1.3768
3.56420495	1.3767
3.58162052	1.3672
3.62122214	1.343
3.66010533	1.3108
3.69334733	1.2722
3.70087564	1.2472
3.68935591	1.2576
3.65853227	1.2967
3.6084232	1.3455
3.56040248	1.3782
3.5063996	1.3977
3.46054783	1.3956
3.42881373	1.3736
3.41887348	1.3308
3.42685207	1.2809
3.44832122	1.2347
3.49100527	1.1925
3.54592693	1.1732
3.59360709	1.1834
3.63286225	1.2193
3.64629703	1.2804
3.64827017	1.3317
3.63951623	1.3557
3.62207546	1.3617
3.59585961	1.3521
3.56765667	1.328
3.54549663	1.287
3.5265679	1.243
3.50422756	1.2101
3.48686834	1.195
3.49402419	1.1808
3.52301523	1.1578
3.54119261	1.1347
3.53797102	1.1272
3.52391191	1.1417
3.51985129	1.1661
3.5172375	1.1908
3.49784671	1.2216
3.45751068	1.2711
3.42997927	1.331
3.43264887	1.3776
3.45502878	1.3929
3.48008378	1.385
3.48604606	1.3624
3.48878181	1.3191
3.49693757	1.2603
3.50983995	1.209
3.48625747	1.1839
3.41261397	1.1851
3.34020992	1.2119
3.32024193	1.2402
3.32795861	1.272
3.33906531	1.308
3.34962733	1.334
3.372698	1.3473
3.41817752	1.3344
3.47363604	1.3158
3.5191774	1.2985
3.5322996	1.2843
3.54189154	1.271
3.57756138	1.266
3.62917552	1.2703
3.64926122	1.2882
3.6350646	1.3071
3.60111034	1.3161
3.56537429	1.3175
3.54558482	1.3145
3.52313966	1.3209
3.50231403	1.3249
3.4860535	1.3306
3.48203418	1.3424
3.4813725	1.3556
3.49385335	1.3634
3.51651005	1.3503
3.53276684	1.3209
3.53416084	1.2867
3.52466166	1.2512
3.51469656	1.2095
3.51163686	1.1674
3.51159874	1.1389
3.50075745	1.1377
3.47344913	1.1427
3.45332471	1.1617
3.46878122	1.1841
3.49038899	1.2165
3.51530952	1.2455
3.51662911	1.2675
3.51076859	1.274
3.50710394	1.2771
3.5091698	1.2809
3.49446364	1.2776
3.44063481	1.272
3.37362646	1.2693
3.32852743	1.2759
3.31141154	1.276
3.3005224	1.2849
3.29860366	1.3017
3.30268165	1.3153
3.33021342	1.3081
3.38179317	1.2822
3.42265238	1.2743
3.43327427	1.2772
3.421192	1.2863
3.42850677	1.2771
3.45310578	1.2562
3.47139794	1.2421
3.46499309	1.2467
3.44943586	1.2475
3.45277946	1.2257
3.47795091	1.2013
3.49452191	1.203
3.47363496	1.2452
3.44317763	1.3052
3.43130534	1.3608
3.4424512	1.3952
3.44052317	1.4244
3.41880562	1.4633
3.39841318	1.4913
3.40694557	1.4747
3.44322759	1.4309
3.48916518	1.3997
3.51797226	1.3933
3.54022645	1.3912
3.5708669	1.3719
3.5806	1.3612
3.53348966	1.3713
3.45095029	1.3932
3.38127993	1.4052
3.35800377	1.3851
3.3608448	1.367
3.37775009	1.3591
3.40975863	1.3561
3.45020835	1.3583
3.49645992	1.3401
3.52660057	1.3362
3.51767746	1.3585
3.49449401	1.3861
3.46491839	1.4081
3.4249095	1.4238
3.38379119	1.4403
3.35882537	1.4542
3.37266394	1.4397
3.40533128	1.4121
3.44049913	1.3691
3.47330224	1.3402
3.51471072	1.3321
3.5694173	1.3305
3.60789957	1.335
3.59525565	1.3542
3.55296205	1.3826
3.51640544	1.4155
3.50934328	1.4306
3.52513809	1.4314
3.54423319	1.4228
3.54893847	1.4202
3.54349964	1.4121
3.54991632	1.3997
3.56880011	1.3833
3.58494104	1.3773
3.57496081	1.3791
3.5524337	1.3818
3.54231659	1.3875
3.56431187	1.3829
3.58744461	1.3756
3.59164817	1.3802
3.58418335	1.3902
3.58153858	1.3839
3.57756893	1.3608
3.5692518	1.3358
3.53950741	1.3171
3.49040237	1.2979
3.46353994	1.2786
3.48974582	1.2461
3.55579546	1.2185
3.62095766	1.2088
3.66227191	1.2207
3.72183637	1.2263
3.77870366	1.2393
3.80520851	1.2594
3.7725424	1.2876
3.69428282	1.3114
3.61410346	1.3256
3.54891137	1.3338
3.49172967	1.3491
3.45481174	1.3685
3.43744246	1.3881
3.44609454	1.3866
3.47471513	1.3729
3.49452273	1.3539
3.48965819	1.3326
3.4850248	1.305
3.48385867	1.2864
3.45716907	1.3035
3.40359598	1.3458
3.36048888	1.3885
3.35175318	1.4154
3.36661048	1.42
3.38950424	1.4269
3.41623384	1.4316
3.45645571	1.4166
3.51782512	1.3636
3.58457691	1.2868
3.5714281	1.2429
3.49107217	1.2376
3.41797087	1.2569
3.39560455	1.2734
3.39014171	1.2867
3.37607187	1.3131
3.36300618	1.3504
3.39041421	1.3689
3.45490099	1.3695
3.52054321	1.3674
3.53403313	1.3749
3.50877615	1.4025
3.48550422	1.4395
3.48317494	1.4591
3.48073739	1.4688
3.46466041	1.4632
3.44206868	1.4499
3.43300949	1.4139
3.44369785	1.3727
3.45465012	1.3435
3.44389194	1.3445
3.40666145	1.3799
3.38053835	1.4391
3.38109676	1.4991
3.39597754	1.5443
3.4121144	1.5539
3.43028115	1.5395
3.46794218	1.4947
3.51959104	1.4247
3.56960552	1.348
3.60287997	1.284
3.59303555	1.2457
3.5400488	1.2521
3.47619326	1.2851
3.43363584	1.3182
3.41251752	1.3466
3.40673327	1.3622
3.42785009	1.3548
3.47227789	1.324
3.53517829	1.2752
3.60714864	1.2191
3.65074688	1.1824
3.63049012	1.1803
3.56387147	1.2115
3.48875785	1.2421
3.43760699	1.2596
3.42391032	1.2675
3.42861651	1.2829
3.45635647	1.2911
3.5057871	1.2825
3.56294386	1.2491
3.62107143	1.2279
3.65429398	1.2252
3.65350349	1.2431
3.61870299	1.2908
3.57492401	1.3504
3.54142738	1.4028
3.52587378	1.418
3.52315719	1.4086
3.54045697	1.3784
3.57070942	1.3371
3.60951062	1.2873
3.63670551	1.2491
3.63446426	1.2269
3.60442742	1.2465
3.5643177	1.3003
3.52693785	1.3562
3.49671052	1.3974
3.49216607	1.3997
3.51041853	1.365
3.53813228	1.3132
3.55348291	1.2447
3.56427467	1.1696
3.58894032	1.1022
3.61843002	1.0747
3.60100738	1.0999
3.55002857	1.1735
3.49568107	1.2577
3.46765135	1.3189
3.46266439	1.3491
3.47966609	1.3478
3.50367077	1.3228
3.53290491	1.2629
3.56737608	1.1972
3.60333145	1.1542
3.60658026	1.157
3.58424563	1.2013
3.56186202	1.2716
3.54719968	1.3511
3.53107989	1.4256
3.51680418	1.479
3.52008629	1.4926
3.54594657	1.4581
3.57595918	1.3819
3.58263285	1.2952
3.56555388	1.2398
3.53790247	1.2207
3.49924715	1.2323
3.46059841	1.2567
3.42991135	1.297
3.42275811	1.3397
3.45586248	1.36
3.5133011	1.3497
3.57127445	1.3013
3.6104615	1.2403
3.64209052	1.1916
3.67038623	1.1713
3.66229414	1.1925
3.59842822	1.2319
3.52472089	1.2674
3.48637783	1.2802
3.4883572	1.2693
3.52832434	1.2342
3.58546931	1.1749
3.65868737	1.0979
3.76289746	1.0083
3.8713387	0.9579
3.92387848	0.9688
3.87735334	1.0395
3.76000757	1.1392
3.65396519	1.2293
3.57249878	1.2956
3.52755441	1.3314
3.50710051	1.3463
3.52940078	1.3228
3.60408817	1.2476
3.71546286	1.1338
3.81706102	1.0332
3.87255151	1.0009
3.87609305	1.0403
3.82801775	1.1219
3.74270784	1.2158
3.64077259	1.3004
3.55361241	1.3682
3.50784122	1.4001
3.51338178	1.3854
3.55993665	1.3258
3.62257468	1.2428
3.68389564	1.1829
3.742115	1.1552
3.7695956	1.1651
3.7553353	1.201
3.70004331	1.2367
3.62857944	1.2702
3.57295525	1.2843
3.52459476	1.2783
3.48484204	1.2536
3.46626319	1.2179
3.47190786	1.2025
3.48271914	1.2199
3.47301635	1.2677
3.45537521	1.3159
3.45187631	1.3614
3.4626985	1.391
3.47591505	1.398
3.47720863	1.3664
3.46621714	1.3019
3.45968139	1.2291
3.47265281	1.1722
3.49185465	1.1406
3.47585841	1.147
3.43147498	1.1766
3.39358018	1.2266
3.38805827	1.2826
3.39747747	1.3201
3.40801178	1.3346
3.4219839	1.3288
3.44843802	1.3069
3.50333148	1.2605
3.55630066	1.2105
3.57332733	1.1997
3.56125647	1.2301
3.53899724	1.2936
3.51743661	1.3664
3.48115997	1.4085
3.42310972	1.421
3.37254932	1.4014
3.34839772	1.3574
3.3564362	1.3052
3.38200575	1.2576
3.40043958	1.2317
3.41754575	1.2431
3.43931988	1.2808
3.46460618	1.3332
3.48730202	1.3736
3.49557032	1.4089
3.48796299	1.4259
3.47826693	1.4274
3.48504378	1.401
3.51622158	1.3621
3.54710256	1.3286
3.55481847	1.3026
3.54899685	1.302
3.54198802	1.3095
3.55621375	1.3184
3.58432655	1.3159
3.59837739	1.3028
3.59456627	1.2837
3.58936859	1.2699
3.58862675	1.2681
3.58306101	1.283
3.55850544	1.3154
3.53220108	1.3602
3.52083289	1.4014
3.52045807	1.4291
3.52756724	1.4438
3.52924811	1.4485
3.51573177	1.4253
3.49873301	1.3746
3.48994977	1.3141
3.49656405	1.258
3.49818791	1.2378
3.50968128	1.2389
3.52271402	1.2616
3.5178208	1.2975
3.49274758	1.3434
3.48240713	1.3932
3.49829413	1.4298
3.5291676	1.441
3.54366465	1.4306
3.52050611	1.4132
3.48428171	1.3826
3.47921184	1.3359
3.50032102	1.2925
3.49914057	1.2726
3.47116405	1.2643
3.4496949	1.2583
3.4661482	1.2644
3.51947434	1.2765
3.55457281	1.2964
3.5487969	1.3336
3.52478997	1.3828
3.52513722	1.4277
3.54676899	1.4724
3.55361038	1.5127
3.53832405	1.5496
3.51994474	1.5593
3.50920095	1.5495
3.51211329	1.5136
3.52404233	1.455
3.53427032	1.3786
3.55358192	1.3179
3.60538373	1.2743
3.64993726	1.2695
3.65507379	1.2944
3.62968723	1.354
3.5986941	1.4261
3.56743362	1.4846
3.5247481	1.519
3.48892517	1.5304
3.46501248	1.5201
3.46287407	1.4921
3.48203718	1.4425
3.49983221	1.3903
3.51741457	1.3488
3.54520442	1.3197
3.5773832	1.3093
3.57092903	1.3189
3.52341003	1.3376
3.45949514	1.3498
3.41045935	1.376
3.39056787	1.4054
3.37287794	1.4502
3.35146049	1.5027
3.33889414	1.5439
3.34698379	1.5617
3.37553793	1.5708
3.41006294	1.5699
3.44591442	1.5542
3.47095992	1.5087
3.47517909	1.4411
3.47060442	1.3704
3.46979695	1.3145
3.46250954	1.2911
3.43621127	1.2964
3.40139759	1.3157
3.38444059	1.3411
3.4037448	1.3717
3.44414664	1.3822
3.48358398	1.3661
3.5067507	1.3262
3.52184218	1.2796
3.5327459	1.2506
3.53163259	1.237
3.49819578	1.2441
3.44412327	1.2726
3.3960568	1.3102
3.38436117	1.3423
3.39856784	1.3636
3.4135561	1.3835
3.43969486	1.396
3.48150131	1.3865
3.54647345	1.3663
3.60020743	1.3502
3.5906879	1.3594
3.53641092	1.399
3.49348027	1.4454
3.47795143	1.4723
3.47332808	1.4809
3.47429598	1.4753
3.48687687	1.457
3.52854217	1.4143
3.57340188	1.3541
3.6029572	1.2998
3.59540995	1.2684
3.55460198	1.2667
3.49906278	1.2962
3.44924505	1.3454
3.42044756	1.3966
3.42214371	1.4322
3.45942593	1.4391
3.52050309	1.4207
3.60780588	1.3804
3.70570875	1.327
3.76847332	1.3042
3.76883283	1.3135
3.7194376	1.3531
3.64313091	1.4167
3.57293045	1.472
3.51435999	1.5077
3.4830973	1.5046
3.47659419	1.4662
3.50775731	1.3959
3.56190766	1.3073
3.61245687	1.2251
3.62755878	1.1794
3.60863476	1.1905
3.56719155	1.263
3.51284904	1.359
3.44738737	1.4514
3.40054163	1.5179
3.39422382	1.5567
3.41695704	1.5612
3.45468149	1.5337
3.48736536	1.4641
3.51746411	1.3823
3.5543891	1.3228
3.58549573	1.2988
3.55557925	1.3337
3.47802909	1.4015
3.421408	1.4587
3.40495885	1.4898
3.41388573	1.4931
3.42975845	1.4859
3.44568268	1.4552
3.48940843	1.3905
3.55949273	1.3164
3.60681875	1.2766
3.56485712	1.2849
3.48755631	1.3357
3.43949825	1.398
3.42096068	1.4453
3.41078541	1.4751
3.40411441	1.4838
3.43245559	1.4663
3.51882606	1.4071
3.63032525	1.324
3.70397427	1.2488
3.7072095	1.204
3.67247129	1.2136
3.62954941	1.2866
3.56009115	1.397
3.47216945	1.5034
3.40330056	1.5672
3.37417699	1.5861
3.37623001	1.5672
3.39388891	1.5172
3.43376379	1.4336
3.49202706	1.3394
3.57261204	1.2676
3.63762684	1.2514
3.63410143	1.2854
3.55529369	1.3562
3.47159329	1.4291
3.42523121	1.4914
3.41933218	1.5219
3.42494295	1.5262
3.44047051	1.4913
3.47536423	1.4214
3.52666894	1.347
3.58014625	1.3089
3.60546923	1.3067
3.57852018	1.3455
3.52962375	1.3976
3.49064874	1.4436
3.46569555	1.4765
3.44620646	1.4777
3.43247522	1.4471
3.43296305	1.3909
3.45081869	1.3381
3.48783199	1.299
3.5116612	1.309
3.50374929	1.3563
3.47307412	1.4391
3.44462179	1.5261
3.43392913	1.5979
3.42900171	1.6437
3.42114264	1.6507
3.41877221	1.6126
3.43668123	1.5276
3.4783064	1.4105
3.52097177	1.311
3.55148274	1.2616
3.56048854	1.2721
3.54126113	1.3188
3.5005535	1.378
3.45919577	1.425
3.43312142	1.4519
3.43108374	1.453
3.4640348	1.4198
3.52645009	1.363
3.59490834	1.3079
3.64968455	1.2804
3.68106428	1.2939
3.68462867	1.3366
3.65146167	1.3926
3.60137288	1.4445
3.54932548	1.4744
3.50982652	1.4667
3.48111752	1.4397
3.45301491	1.397
3.44083262	1.3506
3.44475163	1.3186
3.45700667	1.3026
3.45405885	1.3102
3.42850058	1.3481
3.42492184	1.3851
3.44364856	1.4125
3.47251022	1.414
3.48776077	1.4024
3.48747869	1.3667
3.49490571	1.3176
3.54085507	1.2713
3.59136572	1.2571
3.60346417	1.284
3.57840622	1.3243
3.54787243	1.3551
3.53108206	1.3677
3.52085328	1.3696
3.50237905	1.3617
3.48353698	1.3174
3.49196013	1.2544
3.53425426	1.1872
3.56991228	1.1599
3.56693546	1.1743
3.52397636	1.2277
3.48949916	1.281
3.46348948	1.3357
3.43327974	1.3897
3.40228699	1.4421
3.38433507	1.485
3.38684996	1.5078
3.40353024	1.5034
3.43298534	1.4685
3.47203059	1.4222
3.51225487	1.3742
3.53941877	1.3433
3.5445818	1.3363
3.52776909	1.3482
3.49987574	1.3809
3.45931236	1.4282
3.42972788	1.4603
3.40530808	1.4932
3.40530681	1.5055
3.42678206	1.5014
3.45486766	1.4752
3.47891466	1.4319
3.50559874	1.3894
3.54713643	1.349
3.58724139	1.3176
3.59551255	1.2891
3.5552741	1.2716
3.50732204	1.2512
3.47767548	1.2474
3.46094942	1.268
3.44088024	1.3175
3.4140756	1.3784
3.40541457	1.4161
3.41399656	1.4342
3.43495338	1.4484
3.44609884	1.448
3.42971012	1.4301
3.39621607	1.3898
3.36310066	1.3693
3.33684063	1.3686
3.31237404	1.3971
3.30269841	1.421
3.31043067	1.4198
3.32696038	1.4285
3.34941572	1.4502
3.37744889	1.4713
3.40882152	1.4751
3.42723923	1.4563
3.42530626	1.4407
3.39647587	1.4273
3.36377952	1.4057
3.35946358	1.3981
3.38693437	1.398
3.41288835	1.4067
3.4231412	1.4121
3.43153012	1.3999
3.46020408	1.3746
3.49753172	1.3589
3.51184442	1.3457
3.47720828	1.3396
3.4265086	1.3348
3.39135754	1.3535
3.3872379	1.382
3.39422984	1.4036
3.39011858	1.4005
3.39606145	1.3711
3.43872272	1.3232
3.5143864	1.2903
3.59388124	1.2468
3.63444723	1.1876
3.62257439	1.144
3.60222813	1.1402
3.58951804	1.1921
3.56189915	1.2602
3.50351265	1.328
3.45934811	1.3655
3.44833123	1.3844
3.47597311	1.3825
3.5243965	1.3639
3.57048667	1.3162
3.58301704	1.2609
3.58117785	1.213
3.57075734	1.198
3.54022235	1.2362
3.4877107	1.32
3.4453558	1.4117
3.42444056	1.4614
3.41653705	1.4758
3.43195177	1.4615
3.46519772	1.4306
3.51498796	1.3569
3.57874666	1.264
3.64308128	1.1883
3.6694983	1.1769
3.63595852	1.2408
3.56677889	1.3552
3.5217141	1.4428
3.49667072	1.481
3.49489298	1.4847
3.52256145	1.4691
3.58254576	1.4064
3.64447162	1.3144
3.70297899	1.2253
3.73342568	1.1891
3.70901093	1.2141
3.62657511	1.2859
3.53443239	1.3835
3.47690519	1.4628
3.45494284	1.5091
3.46948759	1.5321
3.52303876	1.5131
3.61133345	1.426
3.722615	1.2972
3.8240934	1.2055
3.8773824	1.1733
3.83431163	1.1956
3.70477344	1.2564
3.56397548	1.3428
3.46745309	1.4078
3.41417009	1.4477
3.39863387	1.4668
3.42157058	1.4539
3.47512334	1.378
3.55380124	1.2742
3.6437613	1.1862
3.69926669	1.1669
3.69420708	1.2101
3.63676072	1.2727
3.55133186	1.3321
3.48827497	1.3688
3.45334335	1.4011
3.45094021	1.4265
3.47800103	1.4229
3.52108966	1.382
3.58056764	1.3216
3.64765338	1.2867
3.7107612	1.2918
3.71652945	1.3278
3.65503462	1.3656
3.56305937	1.3887
3.48261378	1.4079
3.43524784	1.4157
3.41207315	1.4153
3.4036021	1.3982
3.39292064	1.3722
3.39053603	1.3578
3.40571816	1.3651
3.43997648	1.397
3.47320189	1.4282
3.47908207	1.4486
3.46174282	1.4637
3.44294214	1.4855
3.45460438	1.4883
3.488097	1.4444
3.50985355	1.3745
3.50073592	1.3175
3.47522387	1.3118
3.46343901	1.3471
3.46016551	1.388
3.43569807	1.4138
3.38803941	1.441
3.33882783	1.473
3.31466567	1.4914
3.32198133	1.4702
3.34748753	1.4036
3.366185	1.3225
3.39707041	1.2479
3.47220474	1.1916
3.57139372	1.1645
3.65225084	1.1657
3.65881934	1.2055
3.63336139	1.2799
3.6079604	1.3619
3.59280583	1.4213
3.5896723	1.459
3.58278263	1.4743
3.5745971	1.4642
3.57418152	1.4283
3.56719765	1.376
3.53905211	1.3364
3.51297382	1.3111
3.49408365	1.3008
3.48259256	1.2918
3.47869781	1.2992
3.4858831	1.3279
3.51116457	1.3655
3.55238338	1.3831
3.58613753	1.394
3.59153134	1.4218
3.58416702	1.4544
3.58310147	1.4656
3.58792572	1.4524
3.60110883	1.4281
3.60492957	1.4013
3.59664931	1.3707
3.61167258	1.3288
3.65692397	1.2824
3.70545821	1.2418
3.69818394	1.2317
3.67550522	1.2439
3.65148826	1.2607
3.66112125	1.2811
3.6914557	1.307
3.74330387	1.3336
3.78468729	1.3528
3.81439136	1.3603
3.84882479	1.3579
3.86175932	1.3448
3.83342078	1.3364
3.77697612	1.3256
3.73030599	1.3155
3.70930274	1.3044
3.70720346	1.3002
3.73368069	1.2837
3.75314485	1.2673
3.75814243	1.2537
3.73454702	1.2573
3.69701529	1.2776
3.6476964	1.3106
3.59568166	1.3432
3.54939697	1.3736
3.52963605	1.3959
3.53954304	1.4042
3.57814722	1.3813
3.63236241	1.3304
3.69903516	1.2617
3.76739419	1.1968
3.83574143	1.1507
3.86669537	1.1434
3.83722198	1.1678
3.75307248	1.2163
3.67585269	1.2675
3.60685141	1.3207
3.55256946	1.3592
3.50389842	1.3835
3.48464819	1.3689
3.49355037	1.3302
3.5461045	1.2783
3.61965309	1.2357
3.67988863	1.2055
3.70557286	1.1966
3.71792314	1.193
3.71506822	1.2068
3.67077332	1.2248
3.60713082	1.2321
3.55871079	1.2245
3.53531537	1.217
3.54838611	1.2057
3.56818331	1.2044
3.58312264	1.2127
3.61629581	1.2287
3.65986599	1.2511
3.68560705	1.2706
3.68430015	1.2863
3.65370089	1.3
3.6219326	1.3038
3.59488317	1.2954
3.58161722	1.2649
3.56881528	1.229
3.56721647	1.2024
3.58195034	1.1894
3.60858844	1.1936
3.64153281	1.2029
3.67482753	1.2068
3.69649066	1.2203
3.72724547	1.2332
3.76783452	1.2387
3.8168293	1.222
3.85950343	1.1916
3.86097079	1.1807
3.82101905	1.1966
3.78279774	1.223
3.76732709	1.2553
3.74364984	1.2796
3.68583062	1.3045
3.61572369	1.3226
3.56546278	1.3234
3.55659687	1.2862
3.58856006	1.2329
3.63206148	1.1877
3.63847118	1.1818
3.62880042	1.1828
3.63012239	1.1896
3.63719422	1.2193
3.6228891	1.2605
3.58187445	1.2992
3.53236137	1.3255
3.50605266	1.3363
3.52761277	1.3308
3.56611825	1.3153
3.59648457	1.28
3.60551196	1.2334
3.61533914	1.1912
3.63758622	1.1641
3.66983266	1.154
3.68679145	1.1527
3.66959725	1.1554
3.62367528	1.1751
3.59821432	1.1906
3.60481885	1.2108
3.63218507	1.2252
3.66430833	1.2278
3.68650946	1.2277
3.70579464	1.2256
3.7188052	1.2289
3.72547893	1.2369
3.71645248	1.2336
3.68865234	1.2183
3.64157802	1.1985
3.61878201	1.1601
3.63340529	1.1165
3.66879675	1.0844
3.69268813	1.0904
3.68822771	1.1352
3.66295097	1.2027
3.62332029	1.2839
3.58156506	1.3573
3.54031652	1.4048
3.50259521	1.4364
3.48550712	1.4599
3.49808473	1.4596
3.52351694	1.4124
3.56798337	1.3304
3.62586357	1.2725
3.66296825	1.2372
3.64942756	1.2109
3.61064774	1.1856
3.56646728	1.1936
3.53679943	1.2278
3.5135028	1.2745
3.50438914	1.3101
3.51912996	1.3248
3.55756387	1.3233
3.5996825	1.3187
3.62469222	1.3071
3.61406861	1.2833
3.60030632	1.2562
3.60026764	1.2471
3.61253551	1.262
3.60810794	1.2815
3.59929752	1.2927
3.61156858	1.2924
3.66498587	1.2937
3.72341047	1.3064
3.75996418	1.3185
3.76212477	1.3268
3.72763461	1.3462
3.68101648	1.3779
3.62037731	1.4161
3.54412936	1.4489
3.46759156	1.4729
3.42282585	1.4774
3.42130005	1.4573
3.4604096	1.416
3.53397191	1.3633
3.62121166	1.3113
3.68230666	1.2884
3.71219772	1.2905
3.71606762	1.3138
3.69217791	1.3542
3.63202215	1.398
3.55229324	1.4369
3.49698161	1.4502
3.49498489	1.4281
3.5456033	1.3715
3.61316943	1.3117
3.66830968	1.2565
3.69977528	1.2368
3.73574429	1.2402
3.74751832	1.2696
3.69462998	1.3189
3.59516753	1.3766
3.52174939	1.4156
3.5000348	1.4161
3.51220147	1.3902
3.54111581	1.3587
3.5793458	1.3268
3.64412331	1.2794
3.72667368	1.2439
3.79623697	1.2521
3.81207827	1.3064
3.75524001	1.3782
3.65727116	1.4426
3.56887555	1.4849
3.51015445	1.5077
3.47504343	1.5056
3.47146346	1.4723
3.48855764	1.4095
3.52772617	1.3337
3.57495579	1.2673
3.61247461	1.2276
3.6462425	1.2009
3.65471356	1.1978
3.64183028	1.2175
3.62267023	1.2477
3.60507577	1.2765
3.60638913	1.2886
3.61405611	1.2867
3.62482874	1.2793
3.6421924	1.2731
3.66766838	1.2547
3.68349414	1.2131
3.69238936	1.1811
3.70327239	1.178
3.69841272	1.1893
3.6790851	1.1821
3.66409749	1.1648
3.67437842	1.1692
3.7109542	1.1979
3.74973856	1.2308
3.74394606	1.2495
3.72191901	1.2822
3.69293003	1.3262
3.66500034	1.3713
3.61313289	1.4159
3.55832998	1.4385
3.51537441	1.4449
3.49219367	1.4438
3.49355053	1.4447
3.52204926	1.4406
3.56970497	1.4166
3.61252335	1.3844
3.65306717	1.3434
3.67739745	1.3229
3.68399396	1.315
3.64712791	1.3102
3.59137578	1.2992
3.52188016	1.306
3.47563692	1.3347
3.44236335	1.3779
3.43588924	1.4079
3.44912353	1.4145
3.48548182	1.411
3.53596864	1.3968
3.57881301	1.3689
3.59882532	1.3246
3.60710894	1.2858
3.60871163	1.2632
3.60090296	1.2554
3.57506586	1.2563
3.55677352	1.2441
3.55045207	1.2251
3.55935902	1.2199
3.57715607	1.2187
3.58329364	1.2342
3.56994457	1.2605
3.53466086	1.2904
3.49597309	1.3221
3.46609961	1.3666
3.4539688	1.4032
3.45185521	1.4106
3.44754563	1.3944
3.45083828	1.3608
3.47712424	1.3202
3.54647224	1.2675
3.62146786	1.2203
3.65871738	1.1999
3.64366843	1.21
3.60975912	1.2496
3.59383673	1.3044
3.59157159	1.3607
3.57818944	1.4225
3.55913291	1.4684
3.55828949	1.4761
3.58707827	1.4364
3.63532032	1.3762
3.67605432	1.3165
3.68657624	1.2692
3.68427608	1.2265
3.67895409	1.2032
3.65479268	1.2178
3.61017604	1.2603
3.56463238	1.3161
3.53395502	1.3599
3.5132765	1.3891
3.50850874	1.4031
3.51392595	1.4129
3.53385416	1.414
3.55860755	1.4134
3.57004679	1.4067
3.57240563	1.4032
3.5650292	1.4194
3.55331392	1.4459
3.51804951	1.4801
3.4675955	1.491
3.4159427	1.4764
3.38724542	1.436
3.38461323	1.3963
3.39428941	1.3545
3.39689568	1.3175
3.40892369	1.2788
3.44564524	1.2546
3.50350714	1.2685
3.54460918	1.3281
3.56332105	1.3872
3.56134441	1.432
3.5514879	1.445
3.55055476	1.4509
3.56325238	1.4639
3.58476477	1.4777
3.59870961	1.4647
3.57349001	1.4271
3.52765242	1.385
3.49743606	1.354
3.48763896	1.3344
3.49110826	1.3115
3.49500346	1.2858
3.49352898	1.2727
3.51381636	1.2794
3.56628191	1.3002
3.60808229	1.3295
3.59415424	1.3613
3.54402155	1.3873
3.50095942	1.4187
3.48936785	1.4443
3.48521478	1.4476
3.47458155	1.4298
3.46046592	1.397
3.46889191	1.3632
3.51197763	1.3297
3.57135079	1.3049
3.61005775	1.2911
3.62138584	1.2863
3.61491833	1.2944
3.60391144	1.3276
3.59544986	1.383
3.57008521	1.4462
3.53602334	1.4898
3.50311049	1.5084
3.48950483	1.5168
3.49528491	1.525
3.51702184	1.5214
3.54468022	1.4868
3.55931322	1.4285
3.56540999	1.3729
3.58086106	1.3486
3.6149889	1.3423
3.62856401	1.3351
3.60329257	1.3215
3.55276464	1.3211
3.52206345	1.346
3.52312979	1.3783
3.52681014	1.3858
3.50422729	1.3802
3.46771656	1.3814
3.45788347	1.3937
3.49024476	1.3892
3.5305112	1.3686
3.53734533	1.3473
3.50847593	1.3239
3.48535536	1.2985
3.50238392	1.2744
3.5094597	1.2591
3.486349	1.2412
3.43897425	1.2327
3.41970492	1.2412
3.44995946	1.2637
3.49191445	1.2929
3.50016088	1.3293
3.49179211	1.3711
3.48600228	1.4158
3.50630917	1.4534
3.55034605	1.4764
3.5921338	1.4763
3.61311321	1.4542
3.621125	1.3992
3.63147859	1.3449
3.65090542	1.302
3.65331587	1.285
3.62043009	1.2871
3.56761134	1.3039
3.51087708	1.3393
3.47210883	1.3817
3.44832417	1.4253
3.44201953	1.4437
3.44407703	1.4455
3.46042065	1.4225
3.49242532	1.3877
3.53653903	1.3663
3.57283785	1.3597
3.58664143	1.3633
3.57017732	1.3674
3.52771557	1.3742
3.48554552	1.3848
3.45973033	1.3925
3.44210753	1.3945
3.4299923	1.3845
3.44761739	1.3537
3.49489068	1.3266
3.56023469	1.3219
3.59440801	1.3413
3.59265875	1.3655
3.56361881	1.397
3.53056602	1.4208
3.50364159	1.431
3.47286313	1.4349
3.44932806	1.4254
3.45643026	1.3971
3.50735399	1.3593
3.58376138	1.3215
3.64724924	1.2878
3.66235283	1.2609
3.63912308	1.2503
3.59591115	1.2766
3.5569543	1.3162
3.51817828	1.3735
3.4835778	1.4284
3.47983513	1.4522
3.51286058	1.4507
3.56096871	1.425
3.59182442	1.3979
3.60608928	1.3745
3.60997085	1.3539
3.59456969	1.3358
3.54324509	1.3278
3.46635389	1.3375
3.40554332	1.3595
3.37949476	1.3735
3.38562046	1.3661
3.41575701	1.3401
3.4634609	1.3128
3.53002289	1.2903
3.59334998	1.2695
3.61874132	1.2526
3.59286401	1.2529
3.53226625	1.2807
3.46617706	1.3304
3.43067305	1.3896
3.42447545	1.4368
3.44567396	1.4529
3.48530899	1.4399
3.53620772	1.4048
3.5857576	1.3471
3.62381194	1.2822
3.6518448	1.2223
3.66053982	1.1821
3.63222431	1.1766
3.56715063	1.1992
3.51397825	1.2409
3.47626173	1.2867
3.45137349	1.3238
3.43153924	1.3349
3.41678021	1.3352
3.4197831	1.3425
3.44186113	1.3406
3.46236105	1.3261
3.46299021	1.3034
3.44959046	1.2813
3.44228383	1.2612
3.44408681	1.2473
3.44499889	1.2299
3.43405299	1.2112
3.42598139	1.1958
3.43112687	1.2002
3.45185632	1.2205
3.46467432	1.2533
3.45910545	1.2797
3.44541362	1.3061
3.43213892	1.3397
3.43342116	1.3637
3.45373811	1.3644
3.47348993	1.3445
3.49349237	1.3005
3.48114579	1.2427
3.44359852	1.1733
3.39689773	1.1129
3.35035865	1.0777
3.32169929	1.0803
3.29918253	1.1233
3.29993323	1.1879
3.32237849	1.2671
3.36731373	1.3414
3.41315705	1.4037
3.43747253	1.4525
3.44831187	1.465
3.46391258	1.4457
3.48361531	1.4113
3.49009111	1.3741
3.48534376	1.3261
3.48184032	1.2776
3.49644518	1.2417
3.52601385	1.2396
3.55201673	1.2591
3.55660941	1.292
3.54213982	1.3261
3.53165475	1.3403
3.51917902	1.3453
3.51183309	1.3526
3.51983503	1.3516
3.54640986	1.341
3.57335471	1.3195
3.57779648	1.3
3.56435824	1.2837
3.54802773	1.2728
3.51986901	1.2712
3.48314351	1.2813
3.46360213	1.2968
3.46186376	1.3291
3.49194167	1.3581
3.52480459	1.3827
3.54090368	1.4028
3.54060131	1.4077
3.52737423	1.3828
3.50665697	1.3413
3.47412582	1.3041
3.42393286	1.2809
3.37361437	1.2799
3.35992666	1.2931
3.40301399	1.3129
3.46239121	1.3519
3.5162219	1.3732
3.55758585	1.38
3.57911333	1.3755
3.58470518	1.3599
3.57709719	1.3429
3.57363418	1.3149
3.57810666	1.2858
3.57985999	1.2619
3.57295321	1.2478
3.55996215	1.2595
3.55573043	1.285
3.56441187	1.3154
3.5819993	1.3421
3.59484285	1.366
3.60520425	1.3814
3.61092636	1.3812
3.60736706	1.3615
3.60606137	1.323
3.60356462	1.2859
3.59939865	1.2557
3.60393393	1.2208
3.60423306	1.1997
3.59990566	1.1816
3.58469169	1.1839
3.58119377	1.1831
0.0	0.0
3.59801677	1.1817
3.60302858	1.1929
3.6017024	1.2378
3.60248074	1.2962
3.59822775	1.3364
3.58986765	1.3491
3.57326571	1.3493
3.55595299	1.3393
3.54088691	1.3186
3.53139331	1.2774
3.53518776	1.233
3.54262905	1.2096
3.56698109	1.216
3.60504163	1.2534
3.63848982	1.3065
3.64324544	1.3784
3.62765142	1.4392
3.60209189	1.4641
3.57694867	1.4661
3.5580405	1.4421
3.53886764	1.4085
3.52501192	1.3578
3.51098068	1.3031
3.52099196	1.2292
3.55020334	1.1815
3.59791774	1.1658
3.64381095	1.1726
3.67955235	1.1901
3.69066611	1.2059
3.68244858	1.2279
3.66086089	1.2649
3.63212995	1.3142
3.61329919	1.3398
3.60196347	1.3367
3.59640644	1.3092
3.58579499	1.2862
3.5700701	1.2714
3.55469109	1.2635
3.54559105	1.2491
3.52958921	1.2507
3.50329265	1.2657
3.47377745	1.2864
3.45939137	1.2982
3.46459669	1.2932
3.47770514	1.2732
3.48598374	1.2567
3.49479692	1.2498
3.5107968	1.253
3.54953002	1.2678
3.59078832	1.2932
3.61213957	1.3182
3.61409868	1.3409
3.62886859	1.3496
3.66712184	1.3582
3.70703896	1.3354
3.73368063	1.2927
3.74635417	1.2482
3.76392516	1.2099
3.76957563	1.1949
3.75505057	1.1938
3.70147683	1.2097
3.63693169	1.2342
3.581456	1.2781
3.55881802	1.3234
3.54643228	1.358
3.54899548	1.3534
3.54920676	1.3207
3.56733018	1.2647
3.59527973	1.2149
3.60954922	1.1801
3.60167106	1.1706
3.58966311	1.1754
3.57770992	1.1998
3.56625954	1.2325
3.55710091	1.2654
3.54541146	1.3027
3.53901034	1.3275
3.54191668	1.3389
3.54400774	1.3359
3.54831969	1.3195
3.55267331	1.2999
3.55724808	1.2962
3.5645566	1.3081
3.56468122	1.327
3.56064259	1.3439
3.56262575	1.3419
3.56011087	1.3245
3.56314817	1.2863
3.56027439	1.254
3.55418556	1.2409
3.53812609	1.2458
3.5297524	1.2611
3.53773102	1.2798
3.55442447	1.3122
3.563043	1.3554
3.55061828	1.3944
3.536636	1.4094
3.53408201	1.3975
3.54232483	1.3686
3.54617921	1.333
3.52112678	1.2964
3.49364509	1.273
3.48129608	1.2738
3.47071179	1.3117
3.4482326	1.3758
3.41133388	1.4432
3.38514035	1.4905
3.38053552	1.5152
3.38883578	1.5201
3.39809845	1.5102
3.39720361	1.4824
3.3897079	1.4455
3.3994594	1.4134
3.42021893	1.3978
3.43923399	1.4021
3.43787007	1.43
3.41975552	1.4707
3.40037475	1.5033
3.38998373	1.5108
3.38170366	1.4894
3.39035638	1.4374
3.41509937	1.3818
3.45539944	1.3275
3.49700952	1.2791
3.52823892	1.2526
3.55739882	1.2581
3.58814478	1.2871
3.60868142	1.3424
3.60859506	1.3877
3.60236334	1.4244
3.60786036	1.4485
3.62965676	1.4668
3.64722692	1.4792
3.64179986	1.4791
3.61585967	1.4625
3.60314626	1.4405
3.60028988	1.4354
3.58321249	1.4411
3.54640862	1.4366
3.51475153	1.4176
3.52066878	1.3808
3.54819358	1.352
3.56969338	1.3411
3.55923969	1.3516
3.53776925	1.3876
3.53826156	1.427
3.54383872	1.4674
3.54147639	1.4874
3.52263257	1.4992
3.5150866	1.4884
3.53397717	1.4618
3.5927968	1.4064
3.67451154	1.3259
3.74461953	1.2428
3.76388157	1.1937
3.74699491	1.2038
3.71111758	1.2531
3.656936	1.3035
3.59602655	1.3192
3.53899068	1.3325
3.49794322	1.3563
3.48299801	1.3737
3.49131055	1.3655
3.52130151	1.313
3.5542383	1.2464
3.59955636	1.2021
3.64742913	1.1887
3.68017671	1.2034
3.68291037	1.2409
3.65125265	1.3078
3.60770525	1.3854
3.57411361	1.4582
3.55619719	1.5087
3.55028535	1.5197
3.53204521	1.5189
3.49402282	1.5191
3.46127397	1.5131
3.45210881	1.4913
3.44640777	1.4622
3.43119987	1.4438
3.39764813	1.4407
3.35956842	1.4502
3.34164021	1.4626
3.33922408	1.4706
3.34967632	1.4607
3.36543572	1.4236
3.37543521	1.3719
3.40841165	1.3296
3.47012022	1.3101
3.52399245	1.3063
3.51920048	1.3065
3.46923038	1.3074
3.42118771	1.3377
3.39686333	1.3941
3.3809008	1.4422
3.36658222	1.4639
3.36294135	1.467
3.38412229	1.4567
3.43056741	1.4277
3.48049732	1.3796
3.51180437	1.3251
3.51185827	1.2915
3.50755345	1.2777
3.49355983	1.2887
3.47046952	1.3081
3.43083999	1.3218
3.40162146	1.3464
3.40461311	1.3719
3.43444415	1.3807
3.46426348	1.3681
3.50465568	1.3307
3.55880587	1.2747
3.61065813	1.2243
3.62790967	1.1785
3.58389988	1.1583
3.51069635	1.1625
3.44038367	1.1788
3.38891659	1.2008
3.35186633	1.2111
3.31928958	1.2484
3.31388473	1.2838
3.34212786	1.3056
3.39089408	1.3011
3.4391219	1.2884
3.46969186	1.2812
3.4805452	1.2913
3.48765025	1.2999
3.48754781	1.2921
3.46134697	1.2869
3.41793708	1.2892
3.38249137	1.3041
3.37613982	1.2997
3.37673613	1.2671
3.38297374	1.2314
3.4086946	1.2146
3.4603755	1.2099
3.52357281	1.201
3.59214659	1.1777
3.63462437	1.1703
3.65422044	1.1857
3.67091199	1.2109
3.68532309	1.2309
3.68842708	1.2361
3.670195	1.232
3.63231125	1.23
3.59421997	1.2285
3.57290105	1.2279
3.55970593	1.2404
3.54839708	1.2467
3.55101395	1.2546
3.55917651	1.2519
3.56797213	1.2485
3.56483497	1.2443
3.54183326	1.2398
3.5100593	1.2175
3.45666659	1.2083
3.39335208	1.2237
3.34938921	1.2661
3.33005836	1.3162
3.32726106	1.3525
3.32457027	1.3762
3.3253466	1.3861
3.34274433	1.3946
3.39393828	1.3834
3.45104261	1.3515
3.4824881	1.3089
3.48578235	1.2701
3.48010479	1.2629
3.47973691	1.2651
3.47014353	1.2796
3.44305401	1.2966
3.40565981	1.3418
3.39425598	1.3854
3.40923309	1.4159
3.44254967	1.4317
3.46953007	1.4324
3.48282275	1.4089
3.50253966	1.3574
3.53611773	1.294
3.58240843	1.2341
3.6046191	1.1894
3.61868597	1.1523
3.62860488	1.131
3.64694506	1.1434
3.66228838	1.1877
3.65501836	1.2369
3.63283875	1.2732
3.60748067	1.3047
3.57383592	1.3495
3.53292273	1.388
3.48674124	1.4183
3.46220841	1.4138
3.45279477	1.3808
3.43678777	1.3536
3.43047103	1.3441
3.44417271	1.3489
3.46289829	1.3519
3.47160632	1.357
3.46625106	1.3742
3.45699557	1.4051
3.45940724	1.4234
3.46425448	1.418
3.46026209	1.4019
3.44402636	1.3911
3.43401825	1.3912
3.44796377	1.3735
3.48144324	1.3485
3.52728967	1.313
3.56934784	1.2807
3.61407871	1.2468
3.66034715	1.2185
3.70474721	1.2057
3.73087853	1.2042
3.72035112	1.2136
3.6840971	1.2444
3.64411816	1.2918
3.61348989	1.3425
3.5907751	1.3817
3.59577529	1.3963
3.61481521	1.3874
3.62947991	1.3725
3.63899316	1.3597
3.6456796	1.3372
3.63864478	1.3037
3.60343166	1.2841
3.54731276	1.2911
3.50353045	1.3279
3.4919137	1.3804
3.49969026	1.4232
3.50777124	1.4523
3.50879425	1.4631
3.50315532	1.4688
3.50503784	1.4702
3.50789133	1.4696
3.48712279	1.4706
3.43960054	1.4568
3.39054985	1.427
3.36770103	1.3969
3.38555967	1.3721
3.42666922	1.341
3.46997938	1.3116
3.52351606	1.2649
3.57661603	1.2351
3.61742754	1.2188
3.62083388	1.2384
3.58021678	1.277
3.52921002	1.3383
3.49511288	1.3989
3.47848113	1.4345
3.47689993	1.4344
3.50255043	1.4053
3.56939778	1.3546
3.6682853	1.3038
3.74885104	1.2696
3.7653812	1.2507
3.71722594	1.2645
3.6412225	1.3367
3.57580161	1.4406
3.5217703	1.5258
3.46910481	1.5573
3.43745623	1.5487
3.44355835	1.5267
3.48415001	1.4766
3.56636385	1.3898
3.66370142	1.2975
3.72920462	1.2252
3.73900125	1.1915
3.71382639	1.2084
3.6790995	1.2591
3.61094481	1.3388
3.53174069	1.4025
3.47970972	1.4211
3.48225345	1.3984
3.5333356	1.3474
3.61104125	1.2966
3.6827164	1.245
3.72642331	1.196
3.75845231	1.1446
3.77064083	1.1244
3.73662461	1.1485
3.65138754	1.2093
3.57315444	1.2643
3.54958587	1.2836
3.58020613	1.2852
3.61752576	1.3072
3.62635291	1.3441
3.61625899	1.3622
3.60402116	1.3571
3.58885207	1.3523
3.56812997	1.3593
3.54748828	1.3728
3.54628005	1.3611
3.57213638	1.3115
3.61130236	1.244
3.65194587	1.1811
3.70214026	1.1271
3.7619848	1.0998
3.79171024	1.1141
3.75091733	1.1531
3.64583649	1.2016
3.53791658	1.2583
3.47480815	1.3088
3.45909773	1.3348
3.45855182	1.3311
3.46158387	1.2869
3.47550077	1.2202
3.52083395	1.166
3.59588442	1.137
3.6497818	1.1357
3.64008947	1.1406
3.58352067	1.1523
3.52385488	1.1963
3.48082193	1.265
3.4354655	1.3097
3.4009395	1.307
3.3948817	1.2775
3.41892994	1.2488
3.4534423	1.2403
3.49742112	1.2301
3.54723239	1.2253
3.58702539	1.2303
3.59029069	1.2678
3.56729412	1.328
3.53799136	1.3771
3.51879429	1.4111
3.51537718	1.4236
3.51227031	1.414
3.49516315	1.3815
3.47828692	1.3264
3.48140773	1.2634
3.48582062	1.2317
3.45539133	1.2546
3.41360352	1.341
3.40369656	1.4256
3.419283	1.4776
3.44258975	1.4864
3.45822472	1.4638
3.46689506	1.4237
3.47855187	1.3806
3.51895894	1.3221
3.5667027	1.2559
3.5903102	1.1977
3.56165736	1.1916
3.5326011	1.2283
3.52467483	1.3017
3.52159488	1.3817
3.50895762	1.4321
3.49285668	1.4341
3.48685297	1.4092
3.50261957	1.367
3.52980953	1.3337
3.54701464	1.3118
3.5433769	1.285
3.53539947	1.2568
3.53023208	1.2425
3.52031002	1.2644
3.49637921	1.3116
3.46223836	1.3639
3.45509017	1.3891
3.47585144	1.3782
3.51028368	1.3579
3.53496313	1.3529
3.53628747	1.3605
3.53364599	1.3667
3.51904418	1.3665
3.4940928	1.3803
3.4638215	1.406
3.44611199	1.4388
3.46211118	1.4478
3.49588594	1.4404
3.52078037	1.4264
3.53952109	1.4024
3.55443217	1.3831
3.56781418	1.3743
3.57307682	1.3565
3.56288192	1.3475
3.55266657	1.3403
3.54963894	1.3336
3.54825953	1.3105
3.55682469	1.263
3.585934	1.2042
3.64558681	1.16
3.70097948	1.1413
3.71997259	1.1542
3.69594985	1.1766
3.64501907	1.2132
3.59390011	1.2595
3.54547496	1.303
3.49353718	1.3196
3.43597576	1.307
3.41585349	1.2622
3.4758607	1.19
3.59681618	1.1319
3.72131544	1.0898
3.77980774	1.0806
3.80055542	1.1061
3.79643712	1.1747
3.75368934	1.2835
3.66244558	1.4039
3.57039977	1.4954
3.50771141	1.5351
3.49487042	1.5274
3.50951509	1.4861
3.53189428	1.414
3.56471436	1.3237
3.61819841	1.2268
3.65384844	1.1619
3.64658882	1.148
3.58982659	1.1944
3.53840527	1.2729
3.50798012	1.3666
3.48137357	1.4451
3.45806655	1.5072
3.45355118	1.5384
3.47520691	1.5233
3.52229693	1.4665
3.56123446	1.394
3.57859472	1.325
3.58440717	1.2711
3.5908766	1.2413
3.58147086	1.2358
3.53967409	1.2558
3.47674114	1.2921
3.43181566	1.3147
3.42752653	1.3259
3.4594313	1.3298
3.49054329	1.3474
3.5048937	1.3727
3.51081399	1.3919
3.51173729	1.4185
3.48868739	1.4523
3.43743328	1.4956
3.38453184	1.5369
3.34975752	1.5578
3.33170418	1.5583
3.32736055	1.5334
3.34504398	1.482
3.38496071	1.4288
3.44434009	1.3745
3.4977943	1.3311
3.50852434	1.3149
3.47244735	1.3297
3.41182169	1.3818
3.362059	1.4577
3.32430391	1.5283
3.29600841	1.5653
3.28129326	1.558
3.28809089	1.5117
3.32140745	1.439
3.37613493	1.3442
3.45060515	1.2544
3.51700161	1.1932
3.56395183	1.1542
3.56130927	1.1573
3.50085755	1.215
3.38631012	1.3094
3.28446511	1.4027
3.23661461	1.4615
3.23201343	1.4748
3.24170765	1.4765
3.26172546	1.4674
3.30411773	1.4475
3.38978575	1.4011
3.50286023	1.3498
3.59092219	1.3156
3.58853941	1.3005
3.52512346	1.3091
3.46902287	1.3376
3.41607365	1.3773
3.35968862	1.4017
3.30497392	1.4118
3.27976545	1.4035
3.30972419	1.3799
3.38424454	1.3436
3.46666713	1.3159
3.53175501	1.2999
3.57208794	1.2954
3.59885124	1.3144
3.62036984	1.3394
3.61526144	1.3705
3.57462919	1.4076
3.53418512	1.4229
3.5043265	1.4082
3.50254135	1.3611
3.51779837	1.3029
3.52580419	1.2557
3.53444977	1.2198
3.55332856	1.1956
3.59809338	1.1812
3.65438465	1.1832
3.6766847	1.2073
3.64402995	1.2332
3.57475456	1.2622
3.52327623	1.2722
3.50851728	1.2684
3.5167969	1.2646
3.52784444	1.269
3.51335572	1.274
3.47491043	1.2757
3.45072026	1.2765
3.43890661	1.288
3.43184448	1.3124
3.42566025	1.3296
3.43487407	1.3305
3.46112673	1.3303
3.51630543	1.3252
3.57558852	1.3161
3.60097934	1.3039
3.60226722	1.277
3.57354376	1.264
3.54460224	1.2611
3.51243745	1.2589
3.4652867	1.25
3.41155331	1.2358
3.38115695	1.219
3.39128308	1.2053
3.44133186	1.1891
3.50291759	1.1582
3.56324102	1.1307
3.62498496	1.1163
3.67983555	1.1251
3.70888742	1.1465
3.67690697	1.1645
3.61345544	1.1794
3.55232323	1.1979
3.51147251	1.2263
3.49581715	1.2488
3.49594611	1.2594
3.50411205	1.2524
3.52255674	1.244
3.54481509	1.2395
3.56362161	1.2306
3.57496749	1.2227
3.57720266	1.2132
3.56558837	1.2161
3.52873559	1.2304
3.47914183	1.2469
3.43957192	1.2573
3.41498302	1.2633
3.40311778	1.2802
3.39073258	1.3008
3.36157167	1.3227
3.33281421	1.3362
3.32341699	1.3498
3.33533417	1.3788
3.35813211	1.4163
3.37267426	1.4331
3.37214987	1.4067
3.37303133	1.3641
3.40361091	1.3259
3.45640912	1.2917
3.50252691	1.2522
3.51932588	1.2166
3.5290025	1.2076
3.54529775	1.236
3.53198954	1.3082
3.47776989	1.392
3.41074731	1.4566
3.36468867	1.4946
3.34306027	1.5056
3.32905476	1.4741
3.30614454	1.4186
3.28391628	1.3488
3.26895487	1.2908
3.27167647	1.2537
3.27741795	1.2448
3.27929311	1.27
3.2746686	1.313
3.27167519	1.3601
3.28683778	1.4045
3.31568577	1.4389
3.35238381	1.4505
3.38462225	1.437
3.39882086	1.3995
3.40041289	1.35
3.40325983	1.3058
3.39906728	1.2764
3.37302105	1.2531
3.32474063	1.2398
3.29062405	1.2471
3.29498765	1.2715
3.32425175	1.3026
3.35082736	1.3211
3.36488085	1.3186
3.37486064	1.3127
3.38878371	1.3093
3.39732642	1.3067
3.39220461	1.3023
3.37363989	1.2958
3.35720307	1.2916
3.36780955	1.2909
3.41277917	1.2839
3.47730418	1.2738
3.53933263	1.2544
3.58752444	1.2257
3.62466653	1.2048
3.64999106	1.2178
3.66369938	1.249
3.64038376	1.2819
3.59667087	1.3062
3.56122137	1.3167
3.55012794	1.3139
3.57691057	1.2819
3.62324912	1.2247
3.67326573	1.1371
3.69551204	1.0529
3.68306386	1.0052
3.66530999	1.012
3.66951622	1.0605
3.66367717	1.1249
3.60884458	1.1951
3.51892251	1.2609
3.45229591	1.2884
3.45746136	1.2553
3.52161259	1.1798
3.58934552	1.0847
3.62306897	1.0148
3.64575515	0.9734
3.63929318	0.9523
3.5882775	0.963
3.50490677	0.9993
3.42864247	1.0618
3.38965994	1.1238
3.37202338	1.1705
3.35559587	1.2041
3.32839209	1.2354
3.33289253	1.2705
3.39280931	1.2902
3.48427509	1.2951
3.55213589	1.2875
3.56723087	1.2944
3.53700522	1.3186
3.51401494	1.3365
3.53212293	1.3459
3.56591319	1.3529
3.58113148	1.3722
3.5533109	1.3943
3.5214895	1.388
3.48941071	1.3747
3.46717154	1.3618
3.43269455	1.3684
3.40096322	1.3691
3.37531758	1.3631
3.34470097	1.3581
3.31689252	1.3523
3.30945784	1.3438
3.3344822	1.3283
3.38943817	1.3137
3.45508958	1.2981
3.49635494	1.2923
3.5070951	1.3043
3.50474472	1.3352
3.48986832	1.3816
3.45690955	1.4332
3.4000162	1.4741
3.34430125	1.5058
3.3114347	1.5221
3.32268459	1.5041
3.36164222	1.4612
3.41630153	1.3968
3.45306373	1.3476
3.46709822	1.3197
3.47053373	1.3218
3.4602193	1.3499
3.42734807	1.4037
3.37498143	1.477
3.33238888	1.5471
3.31178634	1.5835
3.30861177	1.5857
3.31432458	1.5659
3.31946746	1.5408
3.33153339	1.5112
3.36381222	1.4691
3.41188242	1.443
3.43631576	1.4522
3.41545263	1.4891
3.37494601	1.565
3.35966204	1.6052
3.36236281	1.5956
3.35573802	1.5622
3.32983852	1.5277
3.30552065	1.4858
3.30917216	1.4213
3.33610049	1.3711
3.35525019	1.3472
3.33330686	1.3636
3.30099092	1.4157
3.30673058	1.4728
3.33398449	1.5085
3.35450576	1.5431
3.3639555	1.5624
3.37483418	1.5534
3.40222299	1.5082
3.44251878	1.4337
3.46254692	1.3857
3.43766061	1.3665
3.38265229	1.3911
3.34117268	1.4349
3.31951398	1.4788
3.29792847	1.5125
3.27752979	1.5321
3.27065964	1.5295
3.29002038	1.5071
3.33921882	1.4672
3.39686168	1.4125
3.44786122	1.3467
3.48713662	1.2977
3.52967724	1.2669
3.5333796	1.2699
3.47453045	1.3146
3.39251415	1.3888
3.34960238	1.4361
3.35154554	1.4249
3.37853198	1.3784
3.41742688	1.3177
3.4663115	1.2461
3.52043865	1.1594
3.58234836	1.0824
3.64980499	1.0334
3.69146206	1.018
3.66762108	1.0349
3.60506403	1.0663
3.55048691	1.104
3.53779059	1.129
3.54649693	1.1484
3.58462275	1.1501
3.63408876	1.1432
3.66391791	1.1331
3.66490433	1.1249
3.65878234	1.1303
3.65966166	1.1533
3.64697811	1.1953
3.60917986	1.2362
3.56648116	1.2727
3.55299415	1.2856
3.5836827	1.2758
3.62583472	1.2544
3.63610133	1.2426
3.597261	1.2553
3.55143567	1.2867
3.53259812	1.3148
3.52595868	1.3473
3.50583354	1.3913
3.48462605	1.4364
3.48517374	1.4492
3.50934814	1.4065
3.55603805	1.3224
3.60559347	1.2362
3.63317507	1.1676
3.63470765	1.1194
3.6027847	1.105
3.55000022	1.1275
3.50791418	1.1685
3.47886994	1.2205
3.46197095	1.2594
3.44998709	1.2783
3.46523151	1.2582
3.52422628	1.2103
3.61865806	1.1484
3.71264721	1.0877
3.7466537	1.0563
3.74688371	1.0527
3.74344512	1.084
3.73847357	1.1493
3.71996616	1.2248
3.68440908	1.2971
3.66114987	1.3289
3.67154998	1.332
3.70205245	1.3039
3.71891112	1.26
3.70611922	1.2112
3.67578587	1.1707
3.6342704	1.1589
3.56703336	1.1805
3.48623359	1.219
3.42337756	1.2693
3.40994992	1.2948
3.41513149	1.3135
3.42435049	1.3081
3.41384036	1.2946
3.40152496	1.2722
3.4059677	1.248
3.40559819	1.2408
3.37760556	1.2548
3.34355763	1.2853
3.34289598	1.3214
3.38667546	1.336
3.44268987	1.3315
3.49256499	1.3127
3.52424638	1.2755
3.55361321	1.2269
3.59152944	1.1875
3.60049854	1.1869
3.55739098	1.219
3.46892019	1.2825
3.40121726	1.3483
3.37738996	1.3914
3.36627652	1.4144
3.36067947	1.4169
3.37379999	1.3903
3.41543945	1.3335
3.47188989	1.2695
3.52058862	1.2242
3.53470464	1.2151
3.52332525	1.2385
3.49547308	1.2894
3.45550272	1.3596
3.41880225	1.4242
3.39707208	1.4677
3.39830573	1.4912
3.41868281	1.4784
3.43669538	1.4293
3.4528436	1.3592
3.47797088	1.2907
3.49196964	1.2528
3.47028802	1.2481
3.40892294	1.2685
3.34585552	1.3006
3.31427109	1.3182
3.31022519	1.3276
3.3155922	1.3457
3.33349839	1.3714
3.37116181	1.3852
3.42410485	1.3691
3.47155618	1.3404
3.49050811	1.3303
3.49324172	1.3513
3.50743037	1.3748
3.53534463	1.3878
3.54511731	1.3858
3.5367991	1.3835
3.52626408	1.3885
3.55246575	1.3791
3.60925332	1.3465
3.66153491	1.3063
3.66073572	1.2854
3.61007617	1.2962
3.56720961	1.3272
3.55053737	1.3591
3.53096086	1.3896
3.4928871	1.4158
3.45838918	1.4349
3.45597628	1.4315
3.49234039	1.3985
3.5602749	1.3498
3.62183392	1.289
3.65496066	1.2482
3.67505761	1.2366
3.68054395	1.2554
3.65976323	1.2942
3.61310256	1.3321
3.55483809	1.3613
3.49975313	1.3782
3.46625053	1.382
3.47475512	1.3671
3.51858666	1.3426
3.55647651	1.3202
3.55212074	1.3128
3.54682637	1.3252
3.57283016	1.3538
3.60219567	1.3705
3.59912026	1.3719
3.54931182	1.3764
3.50271069	1.3762
3.49991219	1.3505
3.54339497	1.3181
3.59746842	1.2842
3.63087513	1.2738
3.65589077	1.2936
3.69207545	1.3288
3.72156168	1.3642
3.72399567	1.3888
3.70592025	1.4037
3.68153602	1.4138
3.67363074	1.3978
3.68032272	1.3635
3.68612193	1.3238
3.68334889	1.3099
3.67914048	1.3268
3.65800415	1.3443
3.62858113	1.3666
3.60949589	1.3744
3.59012629	1.3765
3.56984703	1.3724
3.54400375	1.3598
3.52168889	1.3387
3.51806558	1.3022
3.52442895	1.2764
3.53200492	1.2731
3.51070629	1.2999
3.48561983	1.3474
3.47193738	1.3913
3.47280348	1.432
3.46422001	1.4729
3.45406906	1.5089
3.45058258	1.5247
3.45629327	1.4987
3.46762764	1.4568
3.47114033	1.4143
3.47025418	1.3852
3.4644694	1.3762
3.462875	1.3754
3.45473241	1.3757
3.44139639	1.3771
3.4393521	1.3666
3.45771566	1.341
3.47769208	1.3106
3.50292912	1.2858
3.53051964	1.2741
3.55185683	1.2768
3.55481503	1.3001
3.53439407	1.3365
3.50315918	1.3825
3.47602241	1.4181
3.46453946	1.4277
3.45375462	1.4257
3.44079523	1.4198
3.43754636	1.3933
3.45824189	1.3463
3.49830884	1.2931
3.53406158	1.2604
3.53903076	1.2698
3.53856598	1.313
3.53852804	1.3712
3.53218899	1.4313
3.50432357	1.4834
3.4675938	1.5172
3.4356737	1.5234
3.42181603	1.4919
3.42232572	1.4178
3.41309567	1.3335
3.39487063	1.275
3.39340537	1.2402
3.41411557	1.2264
3.41565451	1.2253
3.37937637	1.2486
3.35027047	1.2846
3.36149881	1.3192
3.41148732	1.3269
3.4594424	1.3341
3.48913961	1.3435
3.52128746	1.3544
3.56971541	1.358
3.60778198	1.361
3.60533593	1.3636
3.56164152	1.3785
3.52058744	1.3931
3.49286393	1.3984
3.47837242	1.384
3.46738264	1.3478
3.46232871	1.2963
3.47444095	1.2398
3.51035298	1.1884
3.54380372	1.1698
3.54330099	1.1773
3.50809865	1.2069
3.45325357	1.2454
3.40595142	1.2909
3.37020103	1.3246
3.35631266	1.3437
3.37932035	1.3484
3.43383671	1.3322
3.51224995	1.3051
3.60511785	1.287
3.69491931	1.2778
3.73343966	1.284
3.69090796	1.2952
3.58715052	1.3214
3.46829854	1.3577
3.3762285	1.3939
3.31849657	1.4178
3.30132162	1.4165
3.31856346	1.3898
3.36246736	1.3453
3.43381814	1.2897
3.52689836	1.2403
3.60496903	1.2176
3.60836378	1.2155
3.53800771	1.2498
3.45148589	1.3121
3.39094902	1.3687
3.36012402	1.3895
3.34612991	1.3889
3.35637027	1.3674
3.39828712	1.3166
3.47185863	1.2579
3.55637479	1.2134
3.61532876	1.2007
3.62954386	1.2145
3.5858099	1.2667
3.5315588	1.3664
3.49108751	1.4846
3.46550976	1.5693
3.44392781	1.6019
3.43164721	1.5928
3.43721526	1.5413
3.45210588	1.4636
3.47370576	1.3694
3.45825912	1.2905
3.3945505	1.2481
3.31820766	1.2535
3.27991959	1.3104
3.29006393	1.373
3.30972578	1.4331
3.34002484	1.466
3.38605617	1.4735
3.47197663	1.4549
3.59064687	1.4203
3.68066279	1.3811
3.68880564	1.349
3.64034739	1.3389
3.59191061	1.3735
3.55259702	1.4385
3.50942233	1.5073
3.46903757	1.5567
3.44907449	1.5619
3.46445311	1.5217
3.52688492	1.4551
3.61409044	1.3831
3.6698866	1.3063
3.67128985	1.2304
3.61514286	1.2117
3.53147156	1.2368
3.43355483	1.321
3.34088928	1.4305
3.29056419	1.5006
3.28928666	1.5146
3.32163511	1.4909
3.38527949	1.4503
3.46148068	1.3937
3.53079196	1.3151
3.57603951	1.2307
3.58909093	1.1862
3.55764375	1.1996
3.47539946	1.2667
3.39765732	1.3428
3.35931804	1.3917
3.36064733	1.402
3.38175626	1.4025
3.42886634	1.3856
3.48573182	1.3426
3.54931061	1.286
3.59909067	1.2407
3.58277182	1.2377
3.48852178	1.2974
3.39384457	1.3694
3.33453592	1.4239
3.29538812	1.4374
3.26371187	1.4204
3.24389416	1.3888
3.24948047	1.3494
3.28314428	1.288
3.33259992	1.219
3.37967243	1.1658
3.40764445	1.1401
3.41175432	1.173
3.4133157	1.2302
3.41146115	1.2961
3.40094121	1.3459
3.39479616	1.3606
3.38918002	1.3369
3.38973319	1.2733
3.39290073	1.1684
3.3895264	1.0761
3.38771607	1.0191
3.37578573	1.0108
3.34777548	1.0554
3.31399884	1.1409
3.29850092	1.2471
3.30375086	1.3385
3.31332336	1.3981
3.31632801	1.4294
3.31843676	1.4369
3.32742551	1.4148
3.35109839	1.3758
3.38375433	1.3411
3.40057656	1.3295
3.40804915	1.3561
3.42415071	1.4207
3.43777927	1.483
3.43251333	1.5225
3.41364113	1.522
3.40548408	1.493
3.41234556	1.4471
3.43758686	1.3736
3.4660864	1.2909
3.46956379	1.2298
3.4467439	1.2242
3.43567357	1.2603
3.42991214	1.319
3.40661151	1.3821
3.37380211	1.4324
3.35431258	1.4786
3.36437619	1.4931
3.40914537	1.4632
3.47062144	1.3806
3.52823913	1.284
3.57081392	1.2049
3.6035416	1.1959
3.59771822	1.2454
3.55834235	1.3247
3.50300403	1.4145
3.45046624	1.486
3.41005171	1.5208
3.39245894	1.5202
3.41495543	1.4618
3.47384449	1.3605
3.55640771	1.252
3.62217983	1.1851
3.64776663	1.1592
3.63457218	1.1797
3.59362712	1.223
3.52601082	1.2834
3.45489884	1.347
3.41162238	1.3949
3.41530671	1.4031
3.47850943	1.3529
3.58107034	1.2695
3.69322572	1.1915
3.76994187	1.1507
3.8103771	1.1333
3.80631869	1.1585
3.7302456	1.2408
3.5924288	1.3457
3.45849088	1.433
3.37540074	1.4787
3.35128006	1.4696
3.37521417	1.4351
3.4325915	1.3895
3.51372868	1.3228
3.59963073	1.2502
3.67804681	1.1991
3.70984752	1.1967
3.67253112	1.2348
3.59147783	1.2971
3.50491918	1.3593
3.44968753	1.3984
3.43216857	1.4122
3.44718524	1.4035
3.48024134	1.3649
3.51600949	1.3174
3.5546405	1.2796
3.58005943	1.2666
3.56774121	1.2761
3.50840419	1.3053
3.43294284	1.3312
3.37277438	1.358
3.34236161	1.3876
3.35591803	1.394
3.39294874	1.3731
3.44239332	1.31
3.49842286	1.2511
3.56841143	1.2172
3.63163651	1.2385
3.65833173	1.2932
3.63252051	1.3602
3.56353146	1.4336
3.49415153	1.4848
3.45320744	1.4905
3.46050726	1.4359
3.50224063	1.3455
3.55717402	1.25
3.60574424	1.1836
3.63690214	1.1393
3.63260761	1.132
3.59809678	1.1765
3.5447782	1.2669
3.492729	1.3769
3.45346179	1.4519
3.43802435	1.4725
3.44150875	1.4644
3.47009576	1.4467
3.52935488	1.3981
3.6109224	1.3039
3.66457184	1.2063
3.64282595	1.1666
3.57325261	1.192
3.48408744	1.2672
3.41723205	1.3411
3.37558134	1.3916
3.36250639	1.4147
3.37423151	1.4145
3.40630044	1.3887
3.46670032	1.3164
3.54269589	1.2328
3.60913228	1.1726
3.61206377	1.1535
3.5491096	1.175
3.45661776	1.2437
3.39305577	1.3389
3.36768765	1.4176
3.36734805	1.4577
3.38543852	1.4571
3.42389033	1.4244
3.49933825	1.3706
3.60823307	1.3213
3.70248506	1.2685
3.71444172	1.2116
3.65210522	1.1736
3.5693955	1.1875
3.49197275	1.2395
3.42726234	1.2922
3.3849713	1.3213
3.38001553	1.3286
3.43114374	1.3192
3.53977766	1.2819
3.66248183	1.2326
3.74735762	1.1775
3.77748056	1.1437
3.75858163	1.1646
3.71584422	1.2248
3.63008252	1.2923
3.54839937	1.3418
3.49410207	1.3657
3.4989837	1.3658
3.54703279	1.3473
3.61193628	1.2983
3.67153263	1.2246
3.70819083	1.1688
3.70968131	1.1748
3.65698738	1.2443
3.56582833	1.3331
3.46656374	1.3997
3.39178075	1.4084
3.3501134	1.3776
3.35146763	1.3331
3.39705467	1.2774
3.47368077	1.2041
3.54537112	1.1461
3.59619036	1.1292
3.61777609	1.1806
3.62006847	1.2757
3.59482054	1.391
3.56379538	1.4812
3.54493669	1.5346
3.55071565	1.5445
3.58194343	1.504
3.63458987	1.4096
3.68169428	1.2941
3.68924003	1.2052
3.63864874	1.1851
3.55406662	1.2347
3.47832464	1.3152
3.42279717	1.3954
3.38626204	1.4366
3.37533662	1.4446
3.3982973	1.4296
3.46903005	1.387
3.57277105	1.3178
3.66706281	1.237
3.69303436	1.1795
3.63288314	1.1801
3.54163062	1.2435
3.4806142	1.3468
3.43887683	1.4359
3.39928387	1.4846
3.3677393	1.5034
3.37093104	1.4956
3.43155633	1.4282
3.54315923	1.3092
3.65168092	1.1868
3.69634288	1.1109
3.68946296	1.0968
3.65971392	1.1444
3.61065563	1.2224
3.5389091	1.3165
3.47276838	1.4056
3.44113555	1.4658
3.46061371	1.4817
3.51970823	1.4556
3.61081182	1.3907
3.68762982	1.31
3.74616984	1.2352
3.78429756	1.2025
3.77497543	1.2076
3.71548912	1.2413
3.6222777	1.288
3.54327107	1.3288
3.49414977	1.3489
3.46494658	1.3531
3.45516527	1.3456
3.47301226	1.3347
3.50862281	1.3241
3.54421709	1.3376
3.58087792	1.3714
3.58808062	1.4132
3.58535877	1.4467
3.57401571	1.4696
3.5589108	1.4824
3.5491265	1.4704
3.55108436	1.4156
3.57900923	1.3434
3.61712648	1.2711
3.65293554	1.2331
3.66013845	1.2445
3.64531475	1.2854
3.62258429	1.3472
3.59893797	1.4058
3.56031617	1.4655
3.52419537	1.5063
3.50360846	1.5173
3.51973882	1.4827
3.55607883	1.4162
3.60141049	1.3379
3.61877219	1.2883
3.60534203	1.274
3.57254667	1.2989
3.54774402	1.3405
3.51816654	1.3907
3.4848137	1.4306
3.461104	1.4485
3.46084739	1.4385
3.47909708	1.391
3.50234455	1.3216
3.50282495	1.2605
3.47951657	1.2242
3.44281599	1.2216
3.41677911	1.2427
3.40488313	1.2825
3.40853856	1.3348
3.41744765	1.3913
3.43284355	1.4258
3.45272263	1.4365
3.49718022	1.4185
3.57654213	1.3702
3.65256293	1.3162
3.69329402	1.2644
3.68113446	1.2213
3.63585081	1.2091
3.58188038	1.2171
3.52440295	1.2257
3.48886988	1.233
3.46877187	1.25
3.45523502	1.2563
3.45468892	1.2442
3.45810873	1.2167
3.4727641	1.1792
3.50159331	1.1493
3.53057974	1.1318
3.54080915	1.1188
3.5203327	1.1151
3.48498484	1.1259
3.46663802	1.1562
3.48731406	1.1834
3.55320228	1.1934
3.62316731	1.1994
3.66867057	1.2126
3.6770741	1.2422
3.67551322	1.2745
3.67343103	1.3031
3.66623655	1.3271
3.63323438	1.3584
3.57803727	1.3923
3.52361197	1.39
3.50785496	1.3477
3.54602115	1.2948
3.60831782	1.2434
3.6538686	1.1963
3.67135954	1.1581
3.69210092	1.1269
3.71808476	1.1392
3.71421416	1.1849
3.65418781	1.2524
3.57544508	1.3167
3.51842632	1.3737
3.49864593	1.4059
3.50883319	1.4077
3.52586305	1.3884
3.54545958	1.3523
3.55588458	1.3056
3.56078058	1.2611
3.55437305	1.237
3.52177616	1.2669
3.4754361	1.3374
3.43743412	1.4263
3.42140238	1.4971
3.42776173	1.5328
3.4522611	1.5488
3.47430866	1.5437
3.48160497	1.5112
3.48426382	1.4497
3.49372768	1.3999
3.51177607	1.3697
3.50223313	1.3728
3.47579757	1.3856
3.46664868	1.3874
3.49578976	1.3819
3.5482162	1.3753
3.58866938	1.3825
3.61780059	1.3795
3.65214768	1.369
3.69887497	1.3547
3.7081172	1.3497
3.65939584	1.3517
3.5911295	1.361
3.53200733	1.3821
3.50717898	1.3941
3.48778949	1.3973
3.47373413	1.3757
3.48461094	1.334
3.53731473	1.2738
3.61176796	1.2327
3.66032402	1.2084
3.65634107	1.2021
3.62598033	1.2199
3.59347361	1.2696
3.55395202	1.3299
3.49980888	1.3746
3.44008679	1.3807
3.3986778	1.3661
3.39279204	1.3244
3.40627222	1.2714
3.42081086	1.1978
3.43474898	1.1225
3.4574284	1.0689
3.49142047	1.0637
3.5057573	1.1017
3.49510527	1.1538
3.4697493	1.2054
3.47737699	1.2361
3.53736904	1.2504
3.61425807	1.2491
3.65162465	1.2401
3.63800894	1.223
3.60972304	1.2198
3.61760193	1.2248
3.6376817	1.2342
3.63166393	1.2385
3.59313221	1.2531
3.55478499	1.26
3.55832738	1.2534
3.58604419	1.2492
3.60137147	1.239
3.57891377	1.2363
3.54794781	1.2398
3.52954205	1.2639
3.5223817	1.2965
3.50242316	1.3555
3.46645487	1.4192
3.45899465	1.463
3.48696735	1.4604
3.53841588	1.4305
3.57107903	1.3942
3.55873398	1.3642
3.53424937	1.3352
3.51787283	1.3075
3.50042355	1.281
3.45363833	1.2746
3.38650236	1.2973
3.34380758	1.3283
3.33852809	1.3526
3.36861818	1.3657
3.40642151	1.3823
3.44916698	1.3909
3.50620927	1.3797
3.56900875	1.3641
3.6238707	1.3624
3.64432724	1.3872
3.63228168	1.4202
3.60904923	1.4498
3.5789247	1.4604
3.54065232	1.463
3.49957417	1.4599
3.47981406	1.4352
3.48068262	1.3933
3.48804907	1.3624
3.49506806	1.3432
3.50162101	1.3207
3.5116176	1.2877
3.52537736	1.2641
3.53732357	1.2677
3.53683001	1.2909
3.53068151	1.3154
3.52554345	1.3248
3.51963165	1.3235
3.50968437	1.3393
3.50871244	1.3473
3.50900054	1.3418
3.52410129	1.3125
3.54019174	1.2929
3.55385489	1.2777
3.57573804	1.2676
3.61478804	1.246
3.6377014	1.2306
3.62784921	1.2268
3.60345148	1.237
3.58552173	1.2419
3.56217663	1.2444
3.52579011	1.2582
3.50422262	1.2853
3.50890047	1.3021
3.52323532	1.3056
3.53072954	1.2978
3.51945635	1.2971
3.52320881	1.2901
3.56168889	1.2807
3.61798347	1.2584
3.66149289	1.2351
3.6708649	1.2256
3.65730654	1.2315
3.65431284	1.253
3.65328715	1.2885
3.62409678	1.3414
3.57836579	1.3949
3.5434037	1.445
3.5350295	1.4619
3.55017845	1.4513
3.56159587	1.4347
3.55122961	1.4111
3.53675115	1.3633
3.52249621	1.3054
3.49768888	1.2665
3.44824261	1.2595
3.40601476	1.2789
3.39339432	1.302
3.41877743	1.3111
3.46401279	1.3263
3.51367302	1.3429
3.56923177	1.3486
3.61593048	1.3429
3.63235256	1.3266
3.60646899	1.3143
3.57197906	1.3164
3.54926016	1.3444
3.51471091	1.3662
3.47857204	1.3602
3.45434682	1.3466
3.46639675	1.3269
3.51413582	1.31
3.57263525	1.2948
3.61440736	1.2782
3.62781127	1.2741
3.63149128	1.3067
3.62949337	1.3621
3.60543666	1.4263
3.5506641	1.4719
3.49051905	1.4984
3.4576589	1.5097
3.46515102	1.5052
3.48219923	1.4924
3.50633701	1.4558
3.53900543	1.4036
3.57270199	1.3504
3.60935523	1.3185
3.62306848	1.318
3.6198001	1.3167
3.5999675	1.3161
3.55986258	1.3194
3.51923166	1.3185
3.50260897	1.3244
3.52875904	1.3238
3.56637553	1.3208
3.60993905	1.311
3.65424365	1.2954
3.70434982	1.285
3.75043105	1.2853
3.75089878	1.2937
3.71112881	1.3054
3.65473801	1.3139
3.60150829	1.3266
3.55869891	1.3448
3.51363723	1.3582
3.46923075	1.3596
3.43511861	1.3521
3.42507076	1.3407
3.43412216	1.3381
3.45757365	1.3414
3.48450373	1.3514
3.48900303	1.3778
3.48902738	1.4076
3.50090241	1.439
3.53134524	1.4583
3.56699869	1.4697
3.59380079	1.4725
3.60964438	1.4706
3.62749623	1.4573
3.66315731	1.4265
3.69018575	1.3923
3.69433504	1.357
3.66130982	1.3357
3.61925491	1.3281
3.60255087	1.3222
3.61368486	1.3199
3.62594806	1.3094
3.61192541	1.2914
3.58469753	1.2673
3.5672132	1.242
3.55999761	1.2265
3.55928094	1.2214
3.5424331	1.227
3.52230975	1.2352
3.52131308	1.2526
3.54338224	1.2895
3.577253	1.3228
3.61166899	1.3437
3.6448038	1.3381
3.66432473	1.3248
3.66874316	1.3074
3.6797947	1.2867
3.67927545	1.2733
3.64004425	1.2591
3.55294129	1.2703
3.45152795	1.3007
3.38540101	1.3382
3.36355142	1.3624
3.36384289	1.3524
3.36964108	1.3261
3.39749228	1.2781
3.45838832	1.2195
3.54595537	1.1568
3.62670056	1.1006
3.66265524	1.0699
3.66006898	1.067
3.63259271	1.0987
3.59494893	1.1487
3.55690692	1.1939
3.52689123	1.2289
3.50974253	1.2686
3.50522478	1.2898
3.5083535	1.2896
3.51664528	1.2645
3.52404212	1.2371
3.52658894	1.225
3.51162736	1.231
3.47263685	1.2468
3.43923236	1.2563
3.41035214	1.276
3.39301612	1.2951
3.38626465	1.3138
3.39014336	1.3126
3.4116183	1.2846
3.44785895	1.2518
3.48998195	1.2404
3.50168098	1.2635
3.47496365	1.3134
3.43726599	1.3669
3.41444004	1.4212
3.40254782	1.4627
3.39303461	1.4838
3.38234339	1.4707
3.38079758	1.4309
3.40984106	1.3607
3.44147397	1.2933
3.45807585	1.233
3.45262594	1.2094
3.45766693	1.2167
3.47454709	1.2537
3.47281607	1.3039
3.45118946	1.3627
3.4289685	1.4203
3.41877807	1.4523
3.41596418	1.4467
3.42377966	1.4079
3.42247778	1.3657
3.41887636	1.329
3.41923638	1.3026
3.40911895	1.2876
3.40137557	1.2868
3.40410955	1.2979
3.41135182	1.3229
3.41528389	1.3594
3.41541022	1.3878
3.39804232	1.4097
3.39056655	1.4155
3.38940649	1.4203
3.38534885	1.4351
3.37714111	1.4501
3.37496473	1.4634
3.39202033	1.4648
3.41900138	1.4552
3.45580856	1.4481
3.49983387	1.4333
3.54329127	1.4039
3.5801692	1.3638
3.59845585	1.3307
3.59407575	1.3168
3.56597772	1.3211
3.52536001	1.3409
3.48274829	1.3461
3.45032612	1.3406
3.44217879	1.3292
3.45795196	1.3307
3.49500803	1.3366
3.53234346	1.3272
3.56102198	1.3007
3.58231195	1.2796
3.58255524	1.2902
3.5582105	1.3216
3.50647178	1.3554
3.45670587	1.375
3.40521877	1.3901
3.37023953	1.3911
3.35091693	1.3779
3.35920639	1.3344
3.38156066	1.2729
3.39920302	1.2079
3.39769628	1.159
3.38666478	1.1147
3.38395709	1.0831
3.37557945	1.0651
3.33403483	1.0676
3.28312398	1.0924
3.2564598	1.1262
3.25970603	1.1746
3.29063729	1.2192
3.32333652	1.2518
3.37523264	1.2612
3.45559969	1.2654
3.56157395	1.2735
3.64193043	1.2883
3.67209096	1.2866
3.66355716	1.2728
3.6397769	1.274
3.61103171	1.2962
3.56058872	1.3352
3.49129225	1.3568
3.42385997	1.3542
3.37916262	1.3449
3.3661553	1.3415
3.35585334	1.3489
3.35669285	1.331
3.37704807	1.2869
3.39259726	1.2525
3.40358342	1.2542
3.42250427	1.3017
3.45109996	1.3525
3.48740137	1.3712
3.49576823	1.3863
3.48621358	1.4027
3.48292461	1.4504
3.49158805	1.4953
3.49163098	1.5149
3.46189278	1.5045
3.42132651	1.4919
3.40626134	1.4811
3.42736391	1.4663
3.4329623	1.4617
3.40735521	1.4402
3.37878596	1.411
3.3799953	1.3603
3.41519677	1.3085
3.4628679	1.2475
3.48750242	1.1917
3.47844404	1.1443
3.47630627	1.1128
3.50683175	1.1159
3.54547777	1.1498
3.56554215	1.1973
3.57290609	1.2351
3.57232836	1.267
3.58982886	1.3055
3.61498727	1.3393
3.61503618	1.3597
3.5893075	1.3525
3.53723773	1.3279
3.48284422	1.3318
3.44001148	1.3409
3.42041561	1.3506
3.41357967	1.3435
3.41103576	1.3409
3.42409931	1.3509
3.46645875	1.3795
3.53024361	1.3986
3.58299313	1.4179
3.60759078	1.437
3.60034864	1.463
3.58460099	1.4866
3.5753674	1.4952
3.56115894	1.4894
3.53446434	1.4625
3.50276491	1.4325
3.49137889	1.3982
3.5066813	1.3659
3.52505788	1.3495
3.52996178	1.3589
3.52770909	1.3818
3.53310181	1.4098
3.54552722	1.4471
3.55267954	1.4861
3.54960384	1.5159
3.54455683	1.5271
3.55312148	1.5118
3.57558825	1.4776
3.60168855	1.4345
3.61911944	1.3849
3.62937809	1.3375
3.64157805	1.3057
3.63629483	1.301
3.61072115	1.3098
3.57085321	1.3244
3.5362762	1.3387
3.52076892	1.3502
3.51587464	1.3581
3.50689236	1.3595
3.51072789	1.3528
3.52530539	1.3499
3.54495274	1.3484
3.55902954	1.357
3.56055848	1.3662
3.56428441	1.3787
3.578212	1.4042
3.59568829	1.4329
3.60800488	1.4484
3.60462688	1.4399
3.61207321	1.409
3.62573569	1.3834
3.65064316	1.3506
3.66613522	1.3118
3.65719094	1.2608
3.62619254	1.2204
3.58945196	1.2111
3.55163163	1.2297
3.515831	1.2573
3.45848635	1.2839
3.40469081	1.3113
3.38139853	1.3422
3.39649114	1.3665
3.41505628	1.3811
3.42997698	1.3844
3.44048545	1.3774
3.46766404	1.3615
3.50807841	1.3361
3.53489782	1.2943
3.52803681	1.2443
3.49513596	1.2066
3.46517001	1.1952
3.44959328	1.2035
3.42282806	1.2205
3.385851	1.2504
3.36820112	1.2808
3.36476631	1.2986
3.37401611	1.2953
3.39041133	1.2801
3.39745164	1.2551
3.39596594	1.2399
3.39176546	1.2257
3.38539883	1.2151
3.37431433	1.2263
3.36022184	1.2608
3.35247696	1.3089
3.35580227	1.3475
3.36720125	1.3855
3.39285119	1.4263
3.42250902	1.4681
3.44776564	1.4959
3.46323358	1.491
3.46358797	1.4678
3.45409252	1.4538
3.45019489	1.4638
3.44167269	1.4743
3.42385999	1.4689
3.39751211	1.4505
3.38044688	1.431
3.38877289	1.4178
3.40632321	1.4123
3.43034238	1.3931
3.44877802	1.3664
3.48452744	1.337
3.53235068	1.3259
3.57437423	1.3313
3.58419548	1.3532
3.57626183	1.3722
3.56597402	1.3838
3.55335796	1.3876
3.54483102	1.3843
3.52479568	1.3725
3.49700192	1.3464
3.46840658	1.3168
3.44874236	1.2961
3.43772751	1.2895
3.42796611	1.2878
3.4145549	1.2816
3.40333202	1.2743
3.39625493	1.2727
3.39267607	1.2744
3.38647494	1.2799
3.37994227	1.2846
3.37823327	1.2845
3.37457579	1.2897
3.3775505	1.3086
3.38828852	1.341
3.41335668	1.3599
3.43818826	1.367
3.45394227	1.3552
3.46886596	1.3283
3.49060016	1.2947
3.52124124	1.2573
3.54058146	1.2238
3.5296076	1.2037
3.51622218	1.1989
3.51740191	1.2071
3.52350973	1.2407
3.50916904	1.2928
3.48357638	1.3349
3.46563811	1.3566
3.4688247	1.3513
3.48514857	1.3419
3.4911016	1.3261
3.48822935	1.2923
3.49891515	1.2447
3.52842673	1.2043
3.5514968	1.1944
3.5337196	1.2116
3.49786142	1.2497
3.47123437	1.2892
3.46724243	1.3028
3.45634611	1.3217
3.44323982	1.3457
3.43982134	1.3662
3.45665351	1.3727
3.48605738	1.3646
3.49945304	1.3777
3.51220613	1.4086
3.53296745	1.4416
3.5416499	1.46
3.52714422	1.4554
3.48784842	1.4479
3.44880771	1.4328
3.42579133	1.3963
3.41070552	1.3348
3.38840686	1.2847
3.36605413	1.2749
3.3585504	1.2884
3.38353386	1.3031
3.41465262	1.3267
3.4259953	1.378
3.42922925	1.433
3.4310652	1.4689
3.44344555	1.4678
3.44593446	1.4483
3.43947341	1.4225
3.44215258	1.389
3.46985318	1.3365
3.51225883	1.2888
3.53813952	1.278
3.54153851	1.3001
3.5364687	1.3265
3.52441656	1.3463
3.49173932	1.3742
3.44793402	1.4078
3.40650204	1.4426
3.38637763	1.4556
3.38059887	1.4658
3.37928089	1.4681
3.38167644	1.4669
3.3981158	1.4388
3.4231205	1.3829
3.44185749	1.3265
3.43399574	1.2998
3.40189338	1.2939
3.37479076	1.3002
3.35102705	1.3264
3.33382378	1.3723
3.30889783	1.4394
3.29056219	1.4835
3.28733734	1.4882
3.29366311	1.4603
3.29799351	1.4382
3.29988579	1.4189
3.30221348	1.3915
3.30992857	1.3564
3.31931096	1.327
3.30449179	1.323
3.26654194	1.3285
3.23246798	1.3373
3.22501293	1.3435
3.23306629	1.3611
3.24910049	1.3824
3.26883202	1.3894
3.3060327	1.3714
3.3628499	1.3389
3.42840877	1.3183
3.47422989	1.3024
3.49502471	1.274
3.49877651	1.2513
3.49669541	1.2566
3.48404397	1.2946
3.46292042	1.3464
3.45207874	1.3752
3.44140864	1.3818
3.43448095	1.3761
3.42269586	1.3761
3.40814135	1.375
3.40699619	1.3686
3.42159983	1.357
3.4411069	1.3573
3.45533985	1.37
3.46733727	1.3959
3.48575879	1.4159
3.50930394	1.4196
3.5315209	1.4123
3.53637441	1.4041
3.52370124	1.4074
3.50829988	1.4203
3.49396672	1.4472
3.48399351	1.4629
3.46827152	1.4702
3.45892958	1.4594
3.45405071	1.4473
3.45768525	1.4138
3.46992917	1.3533
3.49434522	1.2829
3.52654276	1.237
3.53940631	1.2404
3.52705699	1.2859
3.49966542	1.3527
3.46887046	1.4429
3.44117722	1.5177
3.41076757	1.56
3.40145384	1.5631
3.42617663	1.5271
3.47412291	1.4638
3.53356338	1.3848
3.58126951	1.306
3.59603505	1.262
3.5813866	1.2665
3.54791085	1.3176
3.4924925	1.3991
3.42647692	1.4709
3.37728705	1.511
3.36895876	1.5153
3.40287779	1.4847
3.45569022	1.4263
3.50060687	1.3592
3.53274364	1.2911
3.55610901	1.2521
3.5639823	1.2568
3.52152919	1.3048
3.45542014	1.3744
3.40492629	1.4494
3.39098443	1.4901
3.40095306	1.4971
3.41074007	1.4811
3.41156657	1.4426
3.41336794	1.3927
3.41443482	1.3417
3.41002388	1.3017
3.38717777	1.2896
3.3569067	1.3063
3.32145968	1.3496
3.29017706	1.3907
3.25867865	1.4175
3.24159949	1.414
3.24573761	1.389
3.27608167	1.3487
3.31176404	1.3169
3.35499571	1.2926
3.40609288	1.2848
3.46709335	1.2932
3.50316306	1.3276
3.48496433	1.3938
3.43702375	1.4795
3.39791871	1.539
3.37709666	1.5606
3.36553344	1.5532
3.3575865	1.5303
3.3477274	1.5075
3.35831445	1.4699
3.39443383	1.4238
3.42083559	1.3974
3.422088	1.3971
3.39233173	1.4255
3.37511847	1.4516
3.36923669	1.4693
3.36722945	1.4818
3.37743818	1.4885
3.40442905	1.4842
3.45268104	1.4672
3.4992724	1.4452
3.5285654	1.4303
3.53028532	1.4342
3.51781896	1.4454
3.4977391	1.443
3.4588739	1.4391
3.40925981	1.4402
3.3763486	1.4172
3.37239366	1.3821
3.40288158	1.3194
3.41753054	1.2731
3.39546308	1.2664
3.38023166	1.2851
3.39418521	1.3234
3.41357945	1.3758
3.41037916	1.431
3.39859655	1.4836
3.41156927	1.5086
3.46376919	1.4879
3.52688238	1.4453
3.54258194	1.4035
3.5127929	1.3758
3.50218182	1.3738
3.52489207	1.3889
3.51928967	1.4335
3.46823774	1.493
3.40673482	1.548
3.38561641	1.5607
3.40434151	1.5404
3.44402666	1.5012
3.4733349	1.4472
3.49686918	1.3803
3.55886566	1.2995
3.623937	1.2544
3.63942984	1.2353
3.59093556	1.2608
3.53633726	1.3201
3.50895198	1.3763
3.49097269	1.421
3.46509117	1.4587
3.44685705	1.4671
3.45941788	1.449
3.50061334	1.403
3.55234872	1.3304
3.57353196	1.2553
3.56996797	1.1942
3.55184216	1.1695
3.53424117	1.1774
3.50348057	1.213
3.46528219	1.2627
3.43642501	1.3267
3.42643157	1.3941
3.43559122	1.4454
3.45562568	1.4712
3.48067741	1.4742
3.5055194	1.449
3.5276039	1.4186
3.53812075	1.378
3.5212557	1.3446
3.48759455	1.3209
3.45814925	1.3106
3.45238494	1.3124
3.45917786	1.3192
3.46822672	1.3252
3.47742416	1.3477
3.49219925	1.3792
3.52260021	1.402
3.55631058	1.402
3.55586015	1.3985
3.53584857	1.3842
3.51275519	1.3686
3.51520892	1.331
3.52925488	1.2828
3.53984467	1.2409
3.54405594	1.2156
3.5750298	1.2062
3.61655201	1.2154
3.64543864	1.2391
3.63345228	1.28
3.61859918	1.3267
3.61835031	1.3797
3.61066332	1.4253
3.58082035	1.4572
3.54168291	1.4671
3.50994964	1.4664
3.49206367	1.4526
3.48101458	1.4296
3.48601164	1.4082
3.50633902	1.3772
3.53293154	1.3587
3.55388866	1.354
3.56046444	1.3466
3.54295669	1.3379
3.52941332	1.3176
3.5302231	1.3111
3.53385142	1.3143
3.51969616	1.3257
3.50707961	1.3291
3.52587248	1.3306
3.57823266	1.3429
3.6210945	1.3541
3.63129543	1.3688
3.62197946	1.3683
3.60892851	1.3678
3.60732825	1.3713
3.59442536	1.3784
3.56982547	1.3779
3.54226323	1.3673
3.52770594	1.3513
3.53303185	1.3302
3.53216623	1.3108
3.52215144	1.295
3.51378289	1.288
3.51725066	1.2926
3.51760158	1.3175
3.50163448	1.3572
3.47206416	1.4102
3.46372313	1.459
3.47039299	1.489
3.48784454	1.4981
3.50423644	1.4875
3.5191716	1.4539
3.53626442	1.4032
3.53600598	1.3411
3.49286713	1.304
3.43421628	1.2986
3.39136327	1.313
3.38158575	1.3256
3.36799022	1.3495
3.35252773	1.3915
3.3613579	1.4346
3.40890983	1.4547
3.48588221	1.4408
3.55465896	1.4056
3.57906302	1.3702
3.57205994	1.3465
3.57087792	1.3356
3.56236444	1.3374
3.51952092	1.3518
3.45689263	1.3796
3.4178185	1.4096
3.43000561	1.4186
3.46781252	1.4163
3.50346484	1.3981
3.51493309	1.3819
3.53629519	1.3509
3.56627715	1.3317
3.58166216	1.3349
3.55778049	1.3638
3.53329468	1.4129
3.524771	1.4553
3.53953749	1.4734
3.55178363	1.4734
3.56024532	1.4596
3.58453584	1.423
3.62741045	1.3651
3.66541751	1.3024
3.67038713	1.2586
3.63410761	1.2477
3.5976914	1.2607
3.57705368	1.2942
3.56103637	1.3358
3.5404647	1.3831
3.5433834	1.4118
3.58199299	1.4118
3.64722838	1.3719
3.70398535	1.3294
3.71403906	1.3031
3.68623988	1.3084
3.64022268	1.323
3.59078687	1.3473
3.51964863	1.3858
3.44981328	1.4229
3.4083359	1.4533
3.4104092	1.4469
3.43377065	1.4105
3.46704207	1.3661
3.50280876	1.32
3.55069173	1.2849
3.58499479	1.2622
3.59043898	1.2603
3.5826982	1.2748
3.55591018	1.3125
3.52828825	1.353
3.51775214	1.3771
3.52666946	1.3759
3.550093	1.3567
3.58783817	1.3067
3.62560023	1.2481
3.65121568	1.2108
3.65283362	1.2039
3.62697461	1.2188
3.57039822	1.2464
3.48519435	1.285
3.40879257	1.3376
3.379857	1.3874
3.39434586	1.4284
3.42543356	1.4359
3.45399946	1.4126
3.49113114	1.3726
3.54039949	1.3425
3.59308577	1.3273
3.6103294	1.3273
3.56690517	1.3517
3.50726101	1.3865
3.45588291	1.4295
3.42818441	1.46
3.41355658	1.45
3.41170437	1.4028
3.44092203	1.3323
3.50426964	1.2603
3.58678989	1.201
3.64692643	1.1613
3.67431001	1.1509
3.66555	1.1747
3.62315437	1.2316
3.56179818	1.3009
3.51534867	1.3512
3.5063383	1.3781
3.52680185	1.3864
3.55804481	1.3815
3.59267012	1.3572
3.62812255	1.328
3.66402716	1.3032
3.68456154	1.3088
3.6600496	1.3413
3.60041638	1.3988
3.55102451	1.4452
3.52113493	1.4729
3.49563906	1.4827
3.46806959	1.473
3.45298982	1.4431
3.46232482	1.3947
3.48418249	1.3495
3.496741	1.3184
3.46643852	1.3195
3.42616839	1.3526
3.40955394	1.3945
3.41342321	1.4318
3.41859911	1.4565
3.41982536	1.4682
3.44932417	1.4517
3.51608995	1.4142
3.60164443	1.3689
3.65685261	1.3415
3.67519694	1.3174
3.66409035	1.3149
3.64187994	1.3387
3.60989266	1.3725
3.55690014	1.4097
3.50311599	1.4357
3.47531253	1.4253
3.48715686	1.3724
3.51992239	1.3194
3.54506229	1.2646
3.55094434	1.2343
3.54105318	1.2263
3.52898511	1.2366
3.49300669	1.2752
3.43355384	1.3265
3.38792646	1.3795
3.38609003	1.3937
3.41431818	1.3823
3.45987496	1.3479
3.50594624	1.2995
3.54566994	1.2633
3.57951198	1.2236
3.59561116	1.2056
3.55951615	1.2163
3.48141829	1.269
3.40997027	1.3288
3.36531789	1.377
3.34658083	1.3901
3.34687774	1.3716
3.3754761	1.3342
3.44795242	1.2762
3.54711429	1.2119
3.62780877	1.1569
3.67667373	1.1189
3.67022228	1.1129
3.62635096	1.1507
3.5482609	1.2126
3.46681522	1.2755
3.41498714	1.3257
3.41399102	1.3521
3.46004857	1.3682
3.53202375	1.3585
3.60395551	1.3259
3.66161764	1.2871
3.71334518	1.2734
3.71869829	1.2984
3.66687435	1.3548
3.57549881	1.4165
3.48800284	1.4626
3.43296844	1.4757
3.40598413	1.4709
3.40215899	1.4508
3.42479132	1.4104
3.47377055	1.3435
3.54593138	1.2711
3.61773481	1.2202
3.66145573	1.2102
3.6713561	1.2422
3.66513557	1.3082
3.6443202	1.3848
3.60858886	1.4418
3.57836515	1.4645
3.57941947	1.4458
3.61418283	1.3928
3.67277207	1.3235
3.72197964	1.2543
3.73781532	1.1929
3.74104381	1.1599
3.7319772	1.1826
3.69201813	1.2428
3.63867423	1.3032
3.58920124	1.3355
3.56875282	1.347
3.58033453	1.3475
3.61339687	1.3276
3.65534406	1.2846
3.68552479	1.2337
3.68228029	1.2131
3.62594519	1.2558
3.54336565	1.3269
3.48132932	1.3917
3.45270872	1.4272
3.44986287	1.4379
3.47389668	1.4257
3.51622488	1.3878
3.56365061	1.3214
3.61700997	1.2347
3.64508422	1.1724
3.62359081	1.1608
3.55172801	1.1837
3.47249399	1.2397
3.42638069	1.3112
3.41718322	1.37
3.43451323	1.403
3.47461722	1.3871
3.56032086	1.3156
3.67947983	1.2222
3.82306103	1.1452
3.91770576	1.1056
3.92463272	1.0864
3.84249057	1.0877
3.72248182	1.1125
3.61526784	1.1381
3.53697512	1.1553
3.50468507	1.1383
3.51308751	1.0989
3.55618272	1.0546
3.62883854	1.0186
3.69665847	1.0039
3.71095405	1.0222
3.63752769	1.0912
3.51763399	1.188
3.41712017	1.2819
3.37050264	1.3373
3.36425348	1.3461
3.38083133	1.327
