3.64022008	1.2022
3.60188304	1.2326
3.56546802	1.2499
3.55349265	1.2599
3.56808251	1.2738
3.60763254	1.2782
3.64245984	1.2643
3.64953862	1.2274
3.61662614	1.1998
3.55327899	1.2004
3.48076027	1.2113
3.42649052	1.2211
3.40466908	1.217
3.40919727	1.2059
3.41973769	1.2079
3.4591027	1.2058
3.52371866	1.2019
3.61774286	1.2022
3.68356174	1.2356
3.70326146	1.2928
3.68138166	1.3439
3.6442699	1.3778
3.61179306	1.3911
3.59124479	1.3931
3.58684824	1.3883
3.59770199	1.3541
3.62056163	1.2902
3.67193405	1.2176
3.73303158	1.1623
3.76981102	1.1376
3.77628591	1.1266
3.73134232	1.1394
3.65424846	1.1864
3.60040326	1.2487
3.57650728	1.3012
3.56594742	1.324
3.56008296	1.3232
3.56809976	1.2974
3.61031666	1.2548
3.68160589	1.208
3.74698078	1.175
3.76545147	1.1456
3.71660056	1.1486
3.64633412	1.177
3.59982628	1.2385
3.58921262	1.2929
3.58987514	1.3191
3.58801883	1.3154
3.56742312	1.2936
3.55443801	1.2472
3.56383364	1.1924
3.572	1.1319
3.56364055	1.0872
3.52743413	1.0661
3.47136047	1.0684
3.44981989	1.0901
3.470528	1.1266
3.48916268	1.1428
3.51453809	1.1502
3.54196912	1.1666
3.59715084	1.1709
3.67179847	1.167
3.71736567	1.1618
3.7004476	1.1689
3.64069713	1.1997
3.56851113	1.2585
3.52056669	1.3021
3.48656284	1.3343
3.47566513	1.343
3.49237382	1.3386
3.53318546	1.3241
3.57665081	1.3032
3.61256552	1.2711
3.62409599	1.2416
3.60177971	1.233
3.54358532	1.2558
3.45171758	1.3051
3.37204925	1.3564
3.33398628	1.3876
3.3377946	1.3928
3.37226128	1.3772
3.43238052	1.326
3.49227557	1.2603
3.53236418	1.1978
3.5477127	1.1468
3.52664368	1.1537
3.46282697	1.2075
3.3826773	1.3056
3.32254329	1.3834
3.29772344	1.4156
3.30401308	1.41
3.33494976	1.379
3.39382876	1.2993
3.47197105	1.197
3.55911876	1.1068
3.61634161	1.0634
3.59136452	1.088
3.50189042	1.1533
3.40708751	1.2393
3.35347444	1.3211
3.34319744	1.3761
3.37071128	1.3927
3.42409049	1.3607
3.51131574	1.2796
3.62882374	1.1749
3.73583164	1.0804
3.7803883	1.0264
3.75516182	1.0404
3.68879973	1.1036
3.59989287	1.2013
3.51976169	1.3078
3.46125266	1.3986
3.43568933	1.4513
3.44852635	1.4526
3.48457507	1.4076
3.53722037	1.3183
3.59472948	1.2194
3.64299795	1.1595
3.65010734	1.1554
3.60588304	1.1933
3.54042099	1.2443
3.4881801	1.2925
3.4542454	1.3314
3.44322745	1.3513
3.45880851	1.3411
3.50669034	1.296
3.59855399	1.2272
3.71810612	1.1464
3.80657204	1.0856
3.82959785	1.0647
3.79913847	1.0826
3.73912304	1.129
3.66745759	1.2006
3.60079818	1.2617
3.54375796	1.3204
3.51755459	1.3473
3.53625524	1.3217
3.59229482	1.2629
3.676886	1.1972
3.75028782	1.1558
3.77952769	1.1435
3.763079	1.1523
3.7169087	1.1774
3.67719651	1.2229
3.64402818	1.2812
3.6203289	1.3184
3.6160179	1.3298
3.64341349	1.3091
3.69755607	1.2786
3.76154814	1.2656
3.81488268	1.2517
3.83416814	1.2398
3.79381447	1.2296
3.72189894	1.2189
3.65618803	1.2283
3.61461572	1.2419
3.59705653	1.2355
3.61113454	1.2021
3.64785758	1.1678
3.69612826	1.1452
3.74374536	1.1528
3.77451417	1.1721
3.77900896	1.1979
3.75472159	1.22
3.71229162	1.2509
3.65714426	1.279
3.62304971	1.285
3.61894188	1.2588
3.64179107	1.2153
3.6675806	1.1689
3.68734116	1.1267
3.68774713	1.1051
3.68068196	1.0932
3.68086009	1.0945
3.67606538	1.1245
3.64953172	1.1773
3.60332359	1.2423
3.58657707	1.2717
3.60234835	1.269
3.63868872	1.2346
3.66554654	1.1826
3.65649565	1.123
3.65897326	1.0592
3.70667802	1.0222
3.73635293	1.0132
3.70716945	1.0364
3.63816118	1.0892
3.59123893	1.1433
3.60070112	1.1838
3.63969386	1.1956
3.66633842	1.184
3.66675175	1.1673
3.67473003	1.1191
3.69375486	1.0666
3.70803252	1.0359
3.66213213	1.0377
3.57996413	1.0646
3.49078058	1.0996
3.42447955	1.132
3.4067626	1.1604
3.40651404	1.1787
3.41161459	1.1929
3.43385619	1.1801
3.46215743	1.1562
3.51140367	1.1192
3.54495518	1.1006
3.54552252	1.0961
3.5278703	1.1156
3.50323683	1.1481
3.46539848	1.1817
3.42039454	1.2108
3.39805393	1.2311
3.4165822	1.2423
3.46264658	1.2264
3.51211032	1.1936
3.54965424	1.1596
3.57310805	1.1372
3.58451462	1.1334
3.57032928	1.1478
3.53521316	1.1648
3.49150495	1.1735
3.46408597	1.1769
3.46964801	1.1698
3.50567357	1.1502
3.55357625	1.1262
3.61320274	1.092
3.67614568	1.068
3.71605512	1.0706
3.69505582	1.1302
3.62090036	1.231
3.54588944	1.3217
3.50383579	1.3634
3.4935174	1.3522
3.51027126	1.3057
3.54020651	1.2233
3.59885626	1.1247
3.67793645	1.0265
3.74455217	0.9582
3.78525429	0.9242
3.78203198	0.9349
3.73844426	0.9896
3.68931256	1.0738
3.65582217	1.1596
3.61637703	1.2268
3.58799979	1.2792
3.59204473	1.2979
3.64650483	1.2697
3.73829254	1.2076
3.842816	1.1368
3.90088177	1.0916
3.88996151	1.0643
3.83617646	1.0548
3.79103787	1.06
3.74325549	1.0871
3.68834053	1.1197
3.62942747	1.1375
3.60274745	1.1253
3.62006673	1.0879
3.66082172	1.0489
3.71198921	1.0134
3.74820906	0.9926
3.75798473	0.9875
3.74425064	0.997
3.70375748	1.0428
3.65406607	1.0974
3.61295929	1.138
3.60367669	1.1578
3.66778153	1.1497
3.78053181	1.123
3.89834577	1.0816
3.97522805	1.0317
3.97554553	0.988
3.91737053	0.9756
3.85370612	0.9994
3.77865412	1.0605
3.68515422	1.1111
3.57086109	1.146
3.48544586	1.1709
3.46638433	1.1839
3.49892067	1.1754
3.56670543	1.1392
3.63331054	1.0971
3.69901318	1.0634
3.74305547	1.0585
3.75548	1.0615
3.74190591	1.0524
3.6970032	1.0425
3.62453843	1.0512
3.58185645	1.0638
3.60641506	1.0597
3.67875412	1.035
3.76458678	1.0002
3.81721688	0.9805
3.81935103	0.9844
3.778115	1.0017
3.73587153	1.0328
3.68557514	1.07
3.62794011	1.1224
3.57124969	1.1829
3.54079833	1.2328
3.54606569	1.2539
3.55800914	1.2428
3.57536869	1.2026
3.57474173	1.1505
3.57768718	1.1061
3.58737258	1.0828
3.59384401	1.0826
3.55051532	1.1062
3.47009963	1.1353
3.41496531	1.1638
3.41089295	1.1911
3.45228173	1.2076
3.49987106	1.2096
3.53233769	1.1974
3.54475827	1.1742
3.56546386	1.1418
3.570532	1.1315
3.55205359	1.1403
3.50486859	1.1842
3.45915291	1.2438
3.4480142	1.2768
3.45844513	1.2795
3.49513361	1.2534
3.55216113	1.2261
3.61948523	1.2041
3.69623081	1.1724
3.75885094	1.1291
3.77193653	1.0836
3.70930936	1.0722
3.5981658	1.1029
3.50255368	1.1747
3.47208721	1.2484
3.48181157	1.2992
3.49387812	1.3094
3.49933632	1.3036
3.51908302	1.2914
3.57365403	1.2545
3.65505762	1.2096
3.73268039	1.1603
3.80515215	1.1292
3.82907498	1.1421
3.80484411	1.1721
3.76496433	1.1996
3.72088387	1.2262
3.67882775	1.2643
3.63611738	1.3105
3.60902786	1.3382
3.61406462	1.3383
3.63572556	1.3105
3.65893976	1.282
3.66510714	1.2635
3.65600506	1.2593
3.64243504	1.2673
3.62651946	1.2798
3.60120449	1.2948
3.5564416	1.3124
3.50568642	1.3209
3.46766641	1.3191
3.45999854	1.3056
3.46484992	1.2855
3.47562953	1.2632
3.4894704	1.2611
3.50345083	1.2841
3.513491	1.3204
3.51456727	1.3628
3.52408567	1.384
3.54106275	1.3854
3.55535862	1.3845
3.57510237	1.3819
3.6065238	1.3638
3.64776961	1.3213
3.69475546	1.2683
3.71692304	1.2406
3.70293859	1.2325
3.6526603	1.239
3.60447981	1.2347
3.57959268	1.215
3.57650119	1.1928
3.6049851	1.1694
3.6538163	1.1562
3.70237903	1.1522
3.74214617	1.159
3.74471032	1.1693
3.70174375	1.1846
3.64837732	1.2114
3.59954947	1.2684
3.55981273	1.3329
3.52845827	1.3803
3.50177309	1.3907
3.49442998	1.3686
3.51689042	1.329
3.54208702	1.2858
3.55524234	1.2423
3.56892368	1.1996
3.57719018	1.1828
3.57968859	1.1874
3.55287624	1.2211
3.50567354	1.2817
3.45962768	1.3453
3.42364169	1.3931
3.4129848	1.4204
3.41590446	1.4333
3.42120358	1.4201
3.43081478	1.3813
3.45649744	1.3198
3.50312005	1.2495
3.55569525	1.1776
3.5914603	1.1182
3.60600898	1.0764
3.59198406	1.0598
3.55729543	1.0639
3.5275974	1.096
3.50823135	1.1435
3.50244992	1.2067
3.49854948	1.2626
3.49429508	1.3204
3.51523004	1.363
3.56493811	1.3581
3.62752814	1.3179
3.68603303	1.2588
3.6979451	1.1914
3.68222445	1.1264
3.66555341	1.0846
3.62432278	1.0805
3.55134943	1.1186
3.46903162	1.1994
3.42285492	1.307
3.42303349	1.4085
3.43849602	1.4587
3.45794088	1.4615
3.46647786	1.4481
3.47407165	1.4143
3.48782299	1.367
3.49590676	1.3126
3.47558914	1.2713
3.42205856	1.2425
3.36756597	1.2469
3.35883791	1.2677
3.40290612	1.3084
3.45906083	1.3252
3.48960188	1.3321
3.50796539	1.3147
3.5397039	1.2747
3.58756935	1.2168
3.62542633	1.1582
3.61247149	1.1285
3.56710829	1.1224
3.521499	1.1371
3.50019842	1.1685
3.49456169	1.1977
3.49199181	1.224
3.48554116	1.2581
3.50756152	1.295
3.56933052	1.3153
3.64110151	1.3148
3.6719665	1.3033
3.65045164	1.2981
3.59369046	1.3042
3.5289647	1.3135
3.49045623	1.3247
3.46080661	1.3354
3.43213332	1.3385
3.40911142	1.3334
3.40530072	1.3223
3.42916008	1.3184
3.45100296	1.3332
3.46709452	1.3553
3.46534519	1.3791
3.45678712	1.3851
3.45390424	1.3747
3.44956985	1.357
3.44092596	1.3433
3.4332349	1.3151
3.44654786	1.2714
3.4813413	1.2202
3.51190953	1.1877
3.5337212	1.1723
3.55222537	1.1739
3.55148591	1.1879
3.53568867	1.2148
3.51866761	1.2587
3.50901762	1.3082
3.50881671	1.3602
3.52116895	1.3884
3.52574985	1.3769
3.52501618	1.3382
3.51090534	1.2847
3.48833491	1.241
3.44153681	1.2241
3.38522783	1.2357
3.3310434	1.2585
3.29616786	1.3091
3.29499162	1.3751
3.31611771	1.4276
3.34454832	1.4673
3.37238752	1.4829
3.40047397	1.4725
3.42719721	1.4286
3.44511005	1.3724
3.44203401	1.3392
3.41651638	1.3334
3.40592842	1.3439
3.40751756	1.3576
3.3895886	1.3521
3.3439367	1.3205
3.29273819	1.2869
3.28252249	1.2575
3.32339073	1.2589
3.39070231	1.2509
3.4557009	1.2238
3.50116907	1.1835
3.54301196	1.1463
3.57600027	1.1433
3.55731051	1.1745
3.48359545	1.2328
3.39673955	1.2938
3.32746933	1.3376
3.29796172	1.371
3.30119504	1.3972
3.32414202	1.4246
3.35160312	1.4293
3.38995089	1.3701
3.45940559	1.2578
3.537295	1.1547
3.54438363	1.109
3.4844	1.1295
3.41350952	1.1866
3.34676391	1.2633
3.28038395	1.3332
3.22916551	1.39
3.20651876	1.4166
3.19900152	1.4131
3.22511943	1.3732
3.30543326	1.2846
3.42474034	1.1795
3.55088487	1.0992
3.6523385	1.0448
3.66760442	1.0297
3.59393622	1.0405
3.46969782	1.1019
3.37364786	1.1963
3.3303674	1.2723
3.3198474	1.3184
3.33696894	1.3431
3.37980797	1.3733
3.43959984	1.3837
3.50782344	1.3755
3.55901595	1.3575
3.55860971	1.3475
3.51154198	1.3529
3.44641328	1.3617
3.39423101	1.3526
3.3561405	1.3405
3.33856728	1.3384
3.34462722	1.3314
3.38039309	1.3139
3.43971536	1.2898
3.50212743	1.2714
3.55856216	1.2579
3.58178034	1.2597
3.58097046	1.2712
3.5551572	1.3012
3.51313316	1.3353
3.47873131	1.3604
3.46549013	1.3676
3.48455131	1.3475
3.53229558	1.3072
3.57193065	1.2474
3.56434575	1.1828
3.5338958	1.1312
3.50764107	1.1043
3.48657585	1.1081
3.46062711	1.1366
3.44135292	1.1838
3.43287744	1.2447
3.43810021	1.3047
3.45158461	1.3615
3.47971644	1.3985
3.49763644	1.4076
3.48447929	1.3983
3.44105426	1.3834
3.37781057	1.38
3.30772028	1.3955
3.25312062	1.4075
3.22625494	1.4136
3.22872767	1.4018
3.259376	1.3839
3.30446534	1.3613
3.36324768	1.3354
3.42318955	1.3039
3.46134521	1.2822
3.45898943	1.2981
3.41322862	1.3461
3.35107102	1.4122
3.30554925	1.4815
3.29410615	1.5358
3.30558005	1.566
3.32551797	1.5692
3.36237732	1.5351
3.42085689	1.4584
3.49334529	1.3336
3.559396	1.2021
3.57734228	1.1098
3.50932839	1.0749
3.37296173	1.1055
3.23460293	1.1877
3.17180138	1.2857
3.15230245	1.3723
3.15812215	1.4184
3.18780282	1.4407
3.24786581	1.4411
3.32695634	1.4187
3.40663862	1.3604
3.46742328	1.2733
3.48915962	1.2006
3.46953683	1.1777
3.42585125	1.2159
3.38726093	1.2877
3.35202278	1.3719
3.33771665	1.4228
3.34530432	1.4366
3.37728825	1.4226
3.43086072	1.378
3.47670538	1.3171
3.52054399	1.2381
3.56113044	1.1801
3.56260888	1.1771
3.50001146	1.2305
3.40646232	1.3224
3.34930416	1.4071
3.31878008	1.4531
3.28785733	1.4498
3.25551591	1.4392
3.23707111	1.422
3.25016046	1.3866
3.30718881	1.3376
3.3993037	1.2841
3.49919195	1.235
3.58860865	1.1969
3.64874612	1.1847
3.67717738	1.2021
3.67196041	1.2427
3.62640434	1.2972
3.55689768	1.3384
3.4840311	1.3654
3.4398629	1.3667
3.40992742	1.3526
3.38495716	1.335
3.36732128	1.2959
3.359349	1.2489
3.36404884	1.1944
3.37477771	1.1415
3.37529651	1.0945
3.37488514	1.0561
3.37892005	1.0298
3.40596763	1.0186
3.44619323	1.0316
3.46785959	1.0732
3.45435332	1.147
3.43473555	1.2498
3.44130024	1.3521
3.46351491	1.4121
3.49307831	1.43
3.51596862	1.4187
3.51895146	1.3744
3.51668618	1.2998
3.51903168	1.2268
3.5255316	1.1708
3.51198744	1.1381
3.46109144	1.1327
3.39928443	1.158
3.34547102	1.2134
3.31937789	1.2804
3.30366246	1.3304
3.30583527	1.3652
3.34181027	1.3971
3.38881638	1.4188
3.43291064	1.404
3.46977901	1.3468
3.50279585	1.2845
3.54299508	1.2545
3.56734068	1.2681
3.55129567	1.3071
3.49225926	1.347
3.42032857	1.3769
3.36412397	1.3972
3.33153782	1.4044
3.32174235	1.3974
3.32727452	1.3759
3.35042078	1.3365
3.39459903	1.2941
3.4591868	1.2636
3.52926449	1.2413
3.55007331	1.2517
3.51544152	1.283
3.45257842	1.3402
3.39100286	1.3939
3.33980915	1.4225
3.30273547	1.4157
3.28179295	1.3948
3.2797576	1.3817
3.3041689	1.3769
3.35316762	1.3536
3.41427563	1.3041
3.47260442	1.2541
3.51300558	1.2307
3.51890778	1.2615
3.49768882	1.3228
3.46953887	1.3998
3.43588943	1.4478
3.39425963	1.4641
3.35852097	1.473
3.34708772	1.491
3.35592359	1.4927
3.37423308	1.47
3.41619196	1.4151
3.48973544	1.3341
3.57460025	1.2546
3.63697099	1.2085
3.6578559	1.2024
3.61522939	1.2302
3.54968277	1.263
3.48108488	1.3025
3.43611966	1.3437
3.42754423	1.3659
3.45517741	1.3529
3.51272691	1.2946
3.57461063	1.2206
3.6392467	1.1405
3.68365625	1.0748
3.6766986	1.0512
3.63159475	1.0422
3.54555225	1.0485
3.46614069	1.0629
3.40361306	1.0866
3.38712997	1.1053
3.3910419	1.1083
3.41664372	1.0949
3.46561242	1.0766
3.52646956	1.0645
3.57490238	1.0569
3.55464724	1.0728
3.47607871	1.0884
3.36656568	1.0943
3.27834821	1.1021
3.2399961	1.1131
3.24599113	1.1201
3.27602561	1.0891
3.32703153	1.0563
3.39598934	1.04
3.45114401	1.055
3.50425011	1.0734
3.54446053	1.0999
3.56250173	1.1327
3.55311881	1.1779
3.53324899	1.225
3.50490981	1.2657
3.47350935	1.2992
3.45607515	1.3208
3.45726572	1.3452
3.47738562	1.3582
3.47947602	1.3676
3.4419663	1.3675
3.37910555	1.3396
3.31781377	1.3036
3.2784681	1.271
3.24613204	1.2503
3.21097942	1.2316
3.18416567	1.2043
3.18993728	1.1412
3.23197923	1.0743
3.31852994	1.0292
3.42437761	1.0396
3.50361849	1.0914
3.53762673	1.1659
3.51240415	1.2358
3.45620604	1.2976
3.39096471	1.3438
3.34566448	1.3667
3.33481835	1.3565
3.35784746	1.308
3.38798439	1.2182
3.41729258	1.1207
3.46245488	1.0481
3.52348415	1.0095
3.56780939	1.0051
3.54386666	1.0378
3.47377619	1.1063
3.38949129	1.2083
3.33257533	1.3107
3.31945658	1.3693
3.33128087	1.3893
3.36626516	1.38
3.40941586	1.3458
3.46216454	1.292
3.52960145	1.2273
3.59321806	1.1753
3.61857388	1.1557
3.597999	1.1656
3.53228102	1.1894
3.45886905	1.2124
3.41442245	1.2221
3.41161484	1.2384
3.4287887	1.2527
3.46267855	1.2609
3.5128985	1.2487
3.57591545	1.2318
3.63359117	1.2205
3.65457963	1.2269
3.64990179	1.2526
3.64569277	1.2756
3.63428068	1.2881
3.61182024	1.2765
3.57319231	1.2572
3.53667182	1.2358
3.52792541	1.205
3.56477787	1.1696
3.62231112	1.1338
3.66800308	1.1126
3.68901014	1.102
3.67868855	1.1221
3.65940422	1.1653
3.6162213	1.2082
3.53904749	1.2375
3.48585338	1.2729
3.47751657	1.3232
3.49880624	1.364
3.51840562	1.3745
3.51904264	1.3556
3.50697556	1.3299
3.50647451	1.3159
3.52263589	1.3145
3.54449949	1.2998
3.55118238	1.259
3.55618279	1.203
3.58229451	1.1542
3.6234806	1.138
3.63824313	1.1456
3.63081811	1.146
3.61232634	1.1649
3.59463612	1.2042
3.55924827	1.2603
3.49940602	1.317
3.43878827	1.3428
3.40489113	1.3272
3.40098402	1.3009
3.42284803	1.2629
3.46594102	1.2273
3.52793698	1.1885
3.58366033	1.1647
3.61621256	1.1621
3.6078803	1.1935
3.55662407	1.251
3.50360572	1.2904
3.44700496	1.3137
3.41981432	1.3254
3.40626987	1.3489
3.40545887	1.3745
3.39812491	1.3907
3.39488094	1.3835
3.38792211	1.3807
3.3831624	1.3884
3.38731149	1.413
3.39634187	1.4331
3.40116625	1.4367
3.4002245	1.426
3.40445816	1.4105
3.4202766	1.3872
3.45755366	1.3548
3.49993507	1.312
3.53245472	1.2727
3.53095342	1.2493
3.52687184	1.2527
3.52267655	1.2817
3.51499288	1.3314
3.50137535	1.3598
3.47329656	1.3692
3.4430396	1.3661
3.42111654	1.3599
3.41724471	1.3363
3.41987453	1.3026
3.41417816	1.2665
3.40673148	1.2388
3.41812535	1.2426
3.44970137	1.259
3.4679564	1.2736
3.4485399	1.2979
3.42547267	1.3241
3.43834365	1.3539
3.48046784	1.3888
3.50794632	1.413
3.50504913	1.4256
3.48185649	1.44
3.4566947	1.447
3.43897921	1.4401
3.42874332	1.4143
3.41418407	1.3751
3.40308406	1.3154
3.40691349	1.2503
3.43660653	1.1982
3.47370437	1.1806
3.49760529	1.1885
3.50184137	1.2012
3.48721633	1.2096
3.45374047	1.2348
3.41352145	1.2738
3.38717625	1.308
3.38036571	1.309
3.38267145	1.2808
3.39214308	1.2505
3.41575448	1.2329
3.45251043	1.2139
3.48636832	1.1849
3.50720843	1.1385
3.49831898	1.1067
3.46125596	1.1146
3.41755784	1.1368
3.35683444	1.1693
3.30952508	1.193
3.28101376	1.2131
3.27877087	1.2424
3.30229673	1.2698
3.32764466	1.2789
3.34387578	1.2576
3.35770768	1.2204
3.38966044	1.1967
3.44110514	1.2026
3.48091193	1.2314
3.49507264	1.2423
3.49141777	1.2501
3.48467374	1.2683
3.47011868	1.3205
3.44961153	1.365
3.43773222	1.3641
3.45625796	1.3157
3.48932596	1.2577
3.51812338	1.2148
3.52901689	1.1842
3.50958971	1.154
3.46379699	1.1266
3.4236173	1.1087
3.39847421	1.1395
3.39230888	1.2038
3.39671967	1.252
3.40421945	1.2738
3.4338142	1.2834
3.45491483	1.2981
3.45960169	1.2964
3.45317445	1.2709
3.43675227	1.2249
3.41471414	1.1754
3.38924112	1.1655
3.39035362	1.1908
3.41356148	1.2307
3.4310606	1.2663
3.42160371	1.299
3.40226426	1.3366
3.37227788	1.3741
3.34859538	1.3929
3.32815642	1.3986
3.30994891	1.3904
3.29887478	1.37
3.31167444	1.3375
3.35474295	1.3053
3.40229667	1.2827
3.42903834	1.2542
3.45017253	1.2027
3.48601942	1.148
3.54403679	1.1216
3.5955645	1.1171
3.61416689	1.1275
3.61069876	1.1425
3.5965965	1.1593
3.57632718	1.1824
3.53829242	1.224
3.50561582	1.257
3.47435255	1.2699
3.47116579	1.2824
3.50616043	1.2944
3.55474113	1.3006
3.58334145	1.2943
3.58998978	1.2664
3.58568382	1.2479
3.57707408	1.2391
3.55586066	1.2484
3.52860922	1.2637
3.49896587	1.2704
3.4791064	1.2721
3.47206315	1.2697
3.46579042	1.2797
3.46725004	1.3034
3.47227913	1.3242
3.46510501	1.3393
3.43860378	1.36
3.40110372	1.3874
3.37357956	1.4147
3.3622081	1.4229
3.37173171	1.3957
3.38140514	1.3383
3.39339235	1.279
3.40409141	1.2319
3.42181824	1.1978
3.45791126	1.1679
3.46527159	1.1683
3.46530326	1.2083
3.45494116	1.2743
3.43467993	1.34
3.42469547	1.3666
3.42520699	1.355
3.43322816	1.3166
3.43427024	1.283
3.43662556	1.2556
3.435832	1.2404
3.43874556	1.2232
3.44040279	1.2146
3.44232558	1.2285
3.43923759	1.262
3.44734326	1.298
3.42417429	1.3052
3.38584257	1.2965
3.35463363	1.2784
3.34130883	1.2652
3.35763454	1.2542
3.39565797	1.2408
3.43008877	1.2269
3.43634981	1.2193
3.42897749	1.2377
3.42932582	1.2704
3.42154258	1.3264
3.40233389	1.3725
3.37313486	1.4028
3.35461083	1.4059
3.34918775	1.3971
3.35078562	1.3731
3.35143391	1.3067
3.35201376	1.2263
3.344844	1.1556
3.33123713	1.1078
3.29843994	1.0918
3.26812167	1.0993
3.26398191	1.1161
3.28393244	1.1365
3.30093948	1.1803
3.29177015	1.2444
3.27755964	1.3065
3.28392065	1.3434
3.3183625	1.3309
3.35896284	1.3014
3.38178216	1.2887
3.38392641	1.2804
3.38069326	1.2664
3.3872652	1.2353
3.36854598	1.2108
3.31296591	1.2039
3.25071813	1.2208
3.21751582	1.2414
3.21312344	1.2472
3.21008976	1.2374
3.19453341	1.2403
3.18601088	1.2398
3.20450766	1.2176
3.25962156	1.1737
3.31479687	1.1299
3.32184653	1.1075
3.29770174	1.1028
3.26696633	1.0983
3.24495375	1.0994
3.2426856	1.1124
3.25677593	1.1441
3.28261976	1.1868
3.31269544	1.2159
3.35285996	1.2137
3.40885298	1.1882
3.46865822	1.1497
3.48154741	1.0992
3.42960646	1.04
3.3131602	0.9872
3.1835384	0.9577
3.0829985	0.9697
3.03108261	1.0166
3.01393369	1.0767
3.02377565	1.1164
3.05046075	1.1261
3.10479618	1.1037
3.16850861	1.0817
3.22173029	1.0557
3.24114016	1.0358
3.2168293	1.0082
3.17205775	0.9947
3.13795973	1.0242
3.12459063	1.1003
3.13898065	1.1981
3.18302836	1.2735
3.24198237	1.3121
3.30099898	1.3326
3.35020892	1.3428
3.39236431	1.3416
3.43060829	1.3135
3.44518119	1.2522
3.41673722	1.192
3.35481248	1.1701
3.28642263	1.2072
3.24462581	1.2847
3.23783302	1.3568
3.24295425	1.3959
3.25658549	1.4089
3.27512542	1.4164
3.30030728	1.4131
3.32115815	1.3928
3.34013567	1.3551
3.35312091	1.3147
3.35409925	1.3032
3.34023364	1.3309
3.32247511	1.3706
3.3151256	1.3946
3.32224195	1.3879
3.33823347	1.3675
3.3599615	1.3429
3.38721203	1.3066
3.41360303	1.2642
3.41843986	1.2382
3.39498385	1.2527
3.3599673	1.3143
3.35290154	1.3804
3.36325778	1.4186
3.37537999	1.419
3.39013506	1.4053
3.41867228	1.381
3.46145564	1.3192
3.48876606	1.2231
3.46651103	1.1448
3.41347572	1.1189
3.36416225	1.1586
3.33078562	1.2345
3.28969423	1.3232
3.26632046	1.3867
3.26637838	1.4156
3.28941908	1.4106
3.32672241	1.403
3.37556196	1.3672
3.41401557	1.2947
3.43929977	1.205
3.44051064	1.1461
3.39824631	1.1433
3.31260553	1.195
3.23477978	1.2703
3.20348048	1.3219
3.21330291	1.3464
3.25225531	1.3596
3.30800952	1.3667
3.38024919	1.3386
3.47010822	1.2663
3.56153072	1.1801
3.60615096	1.1169
3.55758367	1.1019
3.46194027	1.1381
3.38705419	1.2031
3.33681974	1.2636
3.30572419	1.3075
3.29487613	1.3329
3.32204199	1.3402
3.40095943	1.3279
3.5056122	1.303
3.59402987	1.2687
3.63746387	1.2368
3.62134787	1.2355
3.57365307	1.2663
3.51366065	1.3145
3.46472714	1.3526
3.4170574	1.3764
3.38582788	1.3661
3.38480708	1.3309
3.42525593	1.2813
3.5060628	1.2236
3.58084534	1.1677
3.60791743	1.1249
3.56580117	1.1236
3.50442534	1.1702
3.46544406	1.2587
3.42722226	1.3573
3.3861495	1.4354
3.3477223	1.4657
3.34244212	1.4494
3.39255566	1.3969
3.48254494	1.3347
3.59221365	1.2523
3.66374684	1.1936
3.67793195	1.1492
3.65450725	1.1526
3.61472708	1.2006
3.53801373	1.2833
3.43886444	1.3611
3.37455434	1.3977
3.36522129	1.3872
3.40765791	1.3346
3.47103382	1.2597
3.52696016	1.177
3.57187627	1.0844
3.62754922	1.0342
3.66736132	1.0413
3.65686038	1.1014
3.60020652	1.1843
3.53567723	1.2616
3.4972189	1.3089
3.4884029	1.3378
3.50708695	1.3556
3.55167762	1.345
3.62613073	1.2868
3.69205436	1.2201
3.71775698	1.177
3.68509518	1.204
3.6375647	1.2631
3.59594007	1.3184
3.5449461	1.3507
3.50682886	1.3652
3.49647873	1.3772
3.54310169	1.3791
3.62035865	1.3624
3.68194728	1.3057
3.69989722	1.2312
3.6821821	1.1903
3.64644389	1.2036
3.59587427	1.2524
3.53693893	1.309
3.4812385	1.3455
3.44933505	1.3538
3.45256014	1.345
3.49265791	1.3272
3.55564786	1.3027
3.61445073	1.2653
3.66088485	1.2291
3.67111257	1.2052
3.64420113	1.2231
3.59639095	1.2819
3.52823279	1.3572
3.47471343	1.4046
3.43739229	1.4208
3.42889196	1.4344
3.45039886	1.4372
3.50108164	1.4081
3.57181099	1.3308
3.66253639	1.2353
3.73587518	1.1732
3.7471246	1.1563
3.70073129	1.1888
3.62389134	1.2475
3.54368786	1.3209
3.47321588	1.3735
3.40737549	1.4208
3.37851397	1.4529
3.38796175	1.4568
3.43012137	1.4237
3.48851289	1.379
3.55731351	1.3247
3.62721351	1.2761
3.65568941	1.2501
3.6306091	1.2525
3.57416314	1.2794
3.50522142	1.3285
3.4356315	1.3789
3.38457861	1.4279
3.36385976	1.4509
3.3692134	1.4641
3.40203124	1.4429
3.47790032	1.3879
3.55854276	1.3423
3.60049955	1.2895
3.58144952	1.2568
3.52921683	1.2584
3.47488545	1.2725
3.41573151	1.3099
3.36381564	1.3465
3.32641083	1.3714
3.31614012	1.3718
3.35418936	1.3342
3.43856296	1.2929
3.53885147	1.2558
3.59926386	1.2237
3.60367104	1.2029
3.57396062	1.2036
3.53207722	1.2204
3.47749073	1.2489
3.41296607	1.278
3.37136692	1.28
3.37167855	1.2714
3.42406993	1.244
3.49606367	1.2111
3.56413666	1.1781
3.5931711	1.1664
3.58434844	1.1781
3.53759978	1.2161
3.45558082	1.2781
3.38006233	1.3384
3.33954384	1.3848
3.33397234	1.4135
3.35945158	1.4131
3.41220143	1.383
3.48945444	1.3235
3.55099513	1.2581
3.58945598	1.2025
3.57239148	1.1722
3.51275689	1.1852
3.45142466	1.2237
3.40244639	1.2752
3.37359222	1.3269
3.37263592	1.3618
3.40927922	1.3579
3.47169017	1.3209
3.56877493	1.2434
3.67404422	1.1656
3.74238152	1.0997
3.74398492	1.0703
3.68266952	1.07
3.58386463	1.1002
3.48165172	1.1423
3.39982781	1.1813
3.3648943	1.2
3.38705749	1.1914
3.46106747	1.1471
3.57291951	1.0611
3.67505436	0.9559
3.71758154	0.875
3.70523107	0.8349
3.64477148	0.8364
3.55055538	0.8676
3.44060605	0.9258
3.35998551	0.9882
3.32064688	1.0427
3.31697471	1.0804
3.35285897	1.076
3.42130772	1.0415
3.50731884	1.006
3.56688016	0.9867
3.58088819	0.9818
3.56265602	1.0019
3.52186964	1.0509
3.45666088	1.1208
3.38941254	1.1986
3.35176251	1.25
3.3486754	1.2621
3.37647757	1.2406
3.41620773	1.2026
3.45991022	1.1595
3.48447072	1.1366
3.50101913	1.1301
3.50117503	1.149
3.46839167	1.2022
3.41346749	1.28
3.35824312	1.351
3.32535713	1.3874
3.31417072	1.3818
3.32549497	1.3446
3.34709618	1.2785
3.38509292	1.1925
3.43621364	1.103
3.49773349	1.0287
3.53532918	0.9866
3.53574036	0.9922
3.47315115	1.0391
3.3913608	1.0997
3.31222815	1.1581
3.26493103	1.1821
3.25256406	1.167
3.28726708	1.119
3.38253194	1.0612
3.51828028	1.0044
3.65526047	0.9644
3.75048158	0.953
3.79958942	0.975
3.79335928	1.029
3.73557259	1.0972
3.66298144	1.1644
3.59748023	1.2124
3.5528436	1.2398
3.54139298	1.2479
3.55391152	1.2425
3.58359254	1.2206
3.5931984	1.2156
3.58490632	1.2217
3.55003207	1.2479
3.4890526	1.2757
3.40642027	1.2866
3.33380867	1.2911
3.3009399	1.2767
3.30900752	1.2438
3.35060825	1.2005
3.40888862	1.1455
3.4442022	1.1138
3.45784455	1.1112
3.4642975	1.1579
3.48530025	1.2319
3.50213589	1.3057
3.49289918	1.3659
3.48022486	1.3957
3.47622685	1.3986
3.49808226	1.3573
3.53577141	1.2823
3.57021341	1.1844
3.58443174	1.1041
3.60717484	1.0705
3.64694406	1.0807
3.67272783	1.1125
3.66496937	1.1481
3.61562625	1.1751
3.55778617	1.1916
3.49723275	1.1931
3.4478656	1.1754
3.42849169	1.1426
3.4341953	1.1085
3.47690558	1.0762
3.51983011	1.0553
3.5420149	1.0635
3.55110022	1.1064
3.54605687	1.168
3.52854833	1.2143
3.48523222	1.2655
3.44131356	1.3122
3.41430118	1.3422
3.41149012	1.3638
3.42073392	1.3537
3.43586604	1.3158
3.44876131	1.269
3.47146705	1.2292
3.50470053	1.2007
3.5438493	1.1756
3.56045872	1.1604
3.54145255	1.1603
3.49589718	1.178
3.46023508	1.1985
3.44753871	1.2205
3.45963332	1.2442
3.46511609	1.2753
3.46894425	1.3104
3.48092604	1.3198
3.47919413	1.3214
3.46745961	1.3127
3.43822502	1.3045
3.40942036	1.2949
3.38944338	1.2833
3.3776683	1.2627
3.36599208	1.25
3.36411067	1.2588
3.37880744	1.2859
3.40645283	1.3137
3.43604657	1.3238
3.44827495	1.3381
3.45304869	1.3578
3.45226649	1.3699
3.4561561	1.3683
3.45976029	1.3457
3.43873462	1.3176
3.40297067	1.2989
3.37445596	1.2921
3.37280741	1.2884
3.39425604	1.2713
3.41512112	1.2555
3.43333308	1.2519
3.4585693	1.2592
3.48348684	1.2685
3.50217296	1.2582
3.47943308	1.2399
3.42176313	1.2118
3.36062303	1.1912
3.31341641	1.1746
3.28882275	1.1637
3.30212314	1.1427
3.35285965	1.1237
3.40895674	1.1156
3.44883312	1.1248
3.46410813	1.1493
3.4648915	1.1848
3.46236318	1.2241
3.45705605	1.2541
3.44368964	1.2856
3.43459749	1.3163
3.43670058	1.3323
3.44291439	1.3104
3.43743965	1.2726
3.41538138	1.2294
3.392563	1.2098
3.37773389	1.2093
3.36753289	1.2246
3.3680937	1.2529
3.3842771	1.2934
3.40452458	1.3384
3.4382735	1.3609
3.47923242	1.3529
3.50749967	1.3302
3.52298105	1.3016
3.51967711	1.2738
3.51587561	1.2501
3.50168475	1.234
3.47770585	1.2329
3.4457716	1.2477
3.41275614	1.2566
3.39481578	1.2558
3.3896529	1.2574
3.39554838	1.2574
3.41254271	1.2573
3.45140565	1.2522
3.48670476	1.2527
3.49061119	1.259
3.45758783	1.2781
3.40807498	1.3042
3.36260761	1.3315
3.33358147	1.3457
3.305536	1.37
3.28978328	1.3918
3.31408376	1.3919
3.37715165	1.3764
3.46302461	1.3556
3.52876556	1.3318
3.54671781	1.2976
3.52240678	1.2589
3.48301939	1.2299
3.43672394	1.2326
3.39011084	1.2665
3.34889057	1.3064
3.32147193	1.3285
3.31215298	1.3321
3.32273311	1.3269
3.3467392	1.3082
3.36915949	1.2809
3.37922564	1.2424
3.40218767	1.1985
3.43127713	1.1739
3.44954075	1.1897
3.43982306	1.237
3.41721902	1.2837
3.40881094	1.3178
3.41506498	1.3299
3.42814889	1.3145
3.45345955	1.275
3.48383498	1.2251
3.51098678	1.1852
3.51632565	1.1655
3.48814033	1.1715
3.45014575	1.2081
3.4089627	1.2774
3.37436082	1.3423
3.34056636	1.3847
3.30789462	1.397
3.28682829	1.386
3.29708046	1.366
3.32283387	1.3389
3.33815748	1.3034
3.33569114	1.2757
3.33161973	1.2572
3.33962397	1.2643
3.34897609	1.2909
3.35220606	1.3123
3.35949098	1.3204
3.38852137	1.3075
3.44308612	1.278
3.51033934	1.2212
3.56271257	1.1421
3.5766161	1.0727
3.55796165	1.0327
3.5071034	1.0362
3.43571658	1.0596
3.36753617	1.1085
3.33104404	1.1718
3.33045258	1.2375
3.35932409	1.2739
3.41043657	1.2746
3.46415016	1.2253
3.52894748	1.1643
3.58888831	1.0968
3.61419471	1.0383
3.59463988	1.0079
3.5267972	1.0305
3.4440442	1.1055
3.36191587	1.2085
3.31832215	1.3059
3.30623404	1.3731
3.32467335	1.4219
3.35860789	1.4443
3.3947963	1.4323
3.43140773	1.3871
3.47271933	1.3283
3.51628158	1.2695
3.55421752	1.2309
3.56928706	1.2051
3.53885895	1.1904
3.48608449	1.1731
3.44186195	1.1437
3.42797567	1.1035
3.4482212	1.064
3.50847883	1.0321
3.58019377	1.0143
3.64154602	1.017
3.67625161	1.0472
3.67186403	1.1038
3.63767356	1.1706
3.57186233	1.2335
3.5099864	1.2682
3.47162088	1.2827
3.46517786	1.2517
3.50159999	1.1932
3.53555667	1.0981
3.56711417	1.0253
3.6431241	0.9787
3.72422305	0.9844
3.76350569	1.0321
3.72923413	1.102
3.65371222	1.1734
3.60842961	1.2182
3.6198538	1.2286
3.66396218	1.2255
3.72281978	1.1885
3.75710847	1.1234
3.74499514	1.0611
3.69529646	1.0454
3.65575783	1.0875
3.62849876	1.169
3.60335474	1.2389
3.56482859	1.2799
3.52738844	1.2852
3.51042008	1.2729
3.54507354	1.2259
3.63824541	1.1312
3.74540596	1.0257
3.82424468	0.9657
3.85319524	0.9744
3.83692364	1.0298
3.78549307	1.1151
3.69056832	1.2126
3.58010818	1.3156
3.50301182	1.4012
3.48530249	1.4451
3.53455393	1.4304
3.64218959	1.3567
3.75644862	1.2504
3.82305571	1.1524
3.85118232	1.0991
3.83389223	1.098
3.75897115	1.134
3.6557253	1.199
3.57470486	1.2512
3.52212052	1.2802
3.51471311	1.2742
3.54224256	1.2442
3.58812247	1.2071
3.63272729	1.1838
3.65313949	1.1864
3.63871488	1.2115
3.59790339	1.2583
3.53939519	1.3303
3.48551557	1.3863
3.43727015	1.4168
3.40206727	1.4101
3.39061166	1.3678
3.41221415	1.3024
3.47354649	1.2183
3.56518783	1.1477
3.64128051	1.1073
3.67889894	1.1
3.68092526	1.1186
3.65596909	1.1607
3.6084308	1.2282
3.5401413	1.3058
3.47413225	1.3513
3.42364289	1.3335
3.39525153	1.2701
3.41668195	1.1869
3.47741266	1.1281
3.55514053	1.0915
3.63353136	1.0505
3.69341608	1.0299
3.69387722	1.0388
3.65832063	1.0721
3.60363638	1.1116
3.56592441	1.1314
3.55968722	1.1257
3.58329683	1.0943
3.60346298	1.0729
3.6122	1.0716
3.62233566	1.0835
3.63405605	1.1139
3.63366043	1.1619
3.59652439	1.2296
3.52914996	1.2925
3.46799187	1.3365
3.43847779	1.3464
3.44768056	1.3117
3.47328729	1.2505
3.50035686	1.1901
3.52327716	1.1323
3.55869549	1.0687
3.59588694	1.0154
3.62378032	0.9821
3.6062252	0.9769
3.56047132	0.9904
3.53544598	1.0192
3.53324186	1.0639
3.54136066	1.1185
3.54110126	1.1692
3.54129908	1.213
3.54370318	1.2475
3.542468	1.2759
3.52067958	1.2809
3.49022276	1.2768
3.46282459	1.2585
3.45002401	1.219
3.44996287	1.1728
3.46545427	1.1314
3.49911388	1.1066
3.55132569	1.0927
3.61639093	1.0841
3.67916784	1.078
3.71609038	1.0797
3.71654997	1.104
3.70055101	1.154
3.65118789	1.2288
3.57483635	1.2806
3.49273472	1.3136
3.43598705	1.3112
3.40647804	1.3129
3.41628742	1.298
3.4550949	1.259
3.514697	1.2042
3.58263475	1.147
3.64778037	1.1009
3.67759574	1.0832
3.65688617	1.0772
3.57824038	1.0821
3.48415038	1.1013
3.40318857	1.1392
3.36735233	1.1775
3.36003699	1.1972
3.34747997	1.1831
3.33450495	1.1596
3.32148862	1.1436
3.32902521	1.1418
3.35742788	1.1366
3.40412887	1.1184
3.44130961	1.0973
3.46537768	1.0876
3.47572482	1.101
3.4854137	1.1364
3.4885945	1.1654
3.48517536	1.178
3.47962745	1.1916
3.48886832	1.203
3.51270088	1.218
3.52971437	1.2318
3.52589872	1.2488
3.50693586	1.2755
3.49387731	1.2991
3.50131115	1.3068
3.5128267	1.293
3.51968127	1.2687
3.52792746	1.2457
3.56672066	1.2223
3.61100599	1.1858
3.64505063	1.162
3.66793546	1.1522
3.64991341	1.1793
3.57396669	1.242
3.47802958	1.3152
3.41282195	1.389
3.39699438	1.4381
3.4056709	1.4488
3.42431601	1.42
3.45902735	1.365
3.51551221	1.2938
3.60619488	1.2179
3.69156074	1.1635
3.72875194	1.1287
3.6844887	1.1353
3.58715028	1.1755
3.49225221	1.2497
3.42620778	1.3348
3.38701952	1.3986
3.37343739	1.4306
3.39152039	1.414
3.43865558	1.3592
3.51331642	1.2706
3.60192426	1.1788
3.6595992	1.1317
3.65261247	1.1336
3.60347872	1.1644
3.54256509	1.2056
3.46168286	1.2474
3.37298122	1.2899
3.32091523	1.3242
3.3174138	1.3424
3.35703973	1.3372
3.41670534	1.2827
3.48176275	1.2061
3.54536198	1.1496
3.59815581	1.1278
3.61128131	1.1476
3.57545224	1.1872
3.51027415	1.2289
3.44713613	1.2543
3.41089171	1.2767
3.41119355	1.3011
3.44270915	1.3112
3.47797944	1.2982
3.51474681	1.2549
3.53993362	1.21
3.53824774	1.1948
3.49686923	1.2246
3.44729647	1.2711
3.39931455	1.3059
3.36325053	1.3183
3.34518315	1.3347
3.35240576	1.3521
3.3788735	1.3491
3.41524895	1.3217
3.47419833	1.284
3.52579343	1.2741
3.56026672	1.2978
3.56855359	1.3342
3.54900057	1.3605
3.51309246	1.3819
3.48344251	1.4034
3.4741706	1.4159
3.49225751	1.3985
3.53687652	1.3494
3.60576592	1.3014
3.67130034	1.2784
3.69875724	1.2852
3.69297327	1.3099
3.66557667	1.3447
3.63670744	1.3697
3.60428559	1.3821
3.57841729	1.3679
3.57045677	1.3337
3.6017947	1.2763
3.7008301	1.2058
3.84478647	1.1476
3.95796331	1.1236
3.97238174	1.1289
3.91198544	1.158
3.82725499	1.2122
3.76682783	1.2533
3.69362448	1.2908
3.63619268	1.3216
3.60687153	1.338
3.60050501	1.3168
3.62457277	1.2592
3.68639634	1.1965
3.76200289	1.1646
3.81001352	1.1596
3.77678453	1.1713
3.67703843	1.1899
3.56976692	1.2159
3.50430732	1.2419
3.48178991	1.2685
3.49640297	1.2859
3.52644813	1.2883
3.57101099	1.2623
3.65358988	1.2113
3.76083531	1.1673
3.84107574	1.1453
3.85217379	1.1413
3.79251395	1.1638
3.71377283	1.1934
3.63675323	1.237
3.58602572	1.2627
3.56952789	1.2628
3.58515414	1.2407
3.65747641	1.1844
3.78549225	1.1158
3.91628865	1.0554
3.99133632	1.0168
3.97918624	1.0023
3.91882774	1.0298
3.84154506	1.0951
3.76772706	1.1692
3.66834532	1.2454
3.57510087	1.3106
3.53048691	1.3474
3.54650002	1.3472
3.62997381	1.3098
3.73039417	1.2614
3.7921598	1.217
3.793327	1.1628
3.77292553	1.1365
3.75457231	1.1623
3.73684897	1.2139
3.69080615	1.2576
3.62764036	1.2892
3.57101941	1.3044
3.54580724	1.3176
3.55582977	1.3163
3.5710717	1.2997
3.58160886	1.2737
3.56973769	1.2565
3.56159274	1.2441
3.5704644	1.2425
3.57788283	1.231
3.57370691	1.2076
3.56442908	1.1856
3.55571598	1.1846
3.54781196	1.2038
3.53140762	1.221
3.49836777	1.2352
3.46557935	1.2483
3.4271627	1.265
3.40097894	1.2867
3.39578822	1.3052
3.39994247	1.3155
3.41632103	1.2979
3.44104332	1.2509
3.48222042	1.2021
3.52170331	1.1863
3.54655781	1.1935
3.55222334	1.2111
3.53876687	1.2186
3.51093823	1.2234
3.48279714	1.2369
3.47499391	1.2577
3.48778774	1.2677
3.51095771	1.2565
3.52798553	1.2278
3.52435555	1.2007
3.5042666	1.1905
3.49120799	1.1982
3.48067931	1.2162
3.44431569	1.2479
3.39302363	1.2896
3.35747556	1.3159
3.3545786	1.3221
3.38151994	1.3116
3.42792551	1.2864
3.47122004	1.2643
3.50270346	1.2493
3.51776967	1.2301
3.51986883	1.2124
3.49916487	1.2031
3.46111378	1.2281
3.44096043	1.2706
3.44867929	1.3084
3.47818712	1.3168
3.51909458	1.3136
3.56459378	1.2945
3.60217523	1.2545
3.61518956	1.2028
3.59872016	1.1525
3.54971361	1.1294
3.5038887	1.1327
3.4877199	1.1385
3.4847683	1.1538
3.48234439	1.1736
3.49780428	1.1972
3.55344563	1.2047
3.62478209	1.2002
3.67472542	1.1843
3.70520752	1.1604
3.71531591	1.141
3.72020816	1.1243
3.7027936	1.1202
3.67194412	1.1381
3.64044205	1.1744
3.62884191	1.2117
3.61568999	1.2339
3.58514927	1.2494
3.55236498	1.2594
3.52135095	1.2762
3.50874159	1.2693
3.5044082	1.2285
3.48027228	1.2041
3.44408025	1.1984
3.42618039	1.2032
3.45075458	1.2001
3.51492702	1.1781
3.5733558	1.1729
3.61989524	1.1612
3.63320674	1.1652
3.63742839	1.1796
3.62806833	1.2077
3.59143555	1.2499
3.5281082	1.3106
3.47123095	1.3711
3.45273973	1.4039
3.47953392	1.3935
3.53862471	1.355
3.61105916	1.3092
3.6603188	1.2563
3.66959603	1.1991
3.65560152	1.1392
3.63059787	1.117
3.58986932	1.1257
3.51752463	1.1874
3.43403123	1.2691
3.37638987	1.3311
3.37151799	1.367
3.4221102	1.3741
3.50381479	1.355
3.57995543	1.3225
3.62880929	1.2709
3.64505275	1.2199
3.67324136	1.1923
3.69612883	1.2141
3.69332231	1.2645
3.63827058	1.3196
3.55842865	1.3605
3.49987986	1.3761
3.47252928	1.372
3.46397368	1.3454
3.4609325	1.2875
3.46483885	1.205
3.49196764	1.1272
3.54571445	1.0782
3.60319143	1.0731
3.63925456	1.1045
3.64493579	1.1491
3.61435035	1.2041
3.58040191	1.2571
3.56625571	1.2943
3.57292527	1.3146
3.60471747	1.3005
3.64514184	1.2633
3.67749772	1.2116
3.69072417	1.1656
3.68536091	1.1452
3.66155159	1.1577
3.63670915	1.1799
3.60620615	1.2025
3.57042266	1.2159
3.54011327	1.2418
3.53713273	1.2593
3.55650978	1.2681
3.59086182	1.2555
3.63502862	1.2363
3.67254636	1.2301
3.6865679	1.2405
3.66417164	1.2594
3.63996915	1.2761
3.62563381	1.284
3.64002182	1.2872
3.68228105	1.2702
3.73243631	1.2336
3.78586257	1.1669
3.81015466	1.0926
3.8186888	1.0494
3.82624085	1.0391
3.80085026	1.0591
3.73128211	1.0931
3.6499329	1.1334
3.57559362	1.1782
3.53132919	1.2071
3.52926089	1.2064
3.57578968	1.1775
3.63982994	1.1444
3.70178842	1.1045
3.73429573	1.0792
3.73757899	1.0802
3.71804759	1.1017
3.66173731	1.146
3.59258355	1.1905
3.53872334	1.2162
3.50721144	1.2222
3.50838305	1.2185
3.53235639	1.2039
3.58312971	1.1687
3.64534857	1.1263
3.69396256	1.108
3.69969577	1.1235
3.66173095	1.1667
3.60338354	1.207
3.55215416	1.2219
3.54507346	1.2123
3.59145974	1.1855
3.67409956	1.1469
3.77927375	1.0872
3.86115917	1.0326
3.90910257	0.9978
3.89491963	0.9995
3.82520705	1.0259
3.71235517	1.086
3.6021653	1.1585
3.51692972	1.232
3.46378719	1.284
3.45438044	1.2995
3.48051977	1.2738
3.53223775	1.2161
3.59073533	1.1555
3.6271254	1.1124
3.63983193	1.0935
3.6079446	1.1091
3.53453581	1.1481
3.44360679	1.2061
3.37050518	1.2619
3.3398977	1.303
3.35570231	1.328
3.41294121	1.3168
3.5016883	1.2792
3.60165301	1.232
3.68318188	1.1871
3.73033582	1.1507
3.7283367	1.1336
3.66699774	1.1366
3.56984018	1.1508
3.47707575	1.1635
3.43044619	1.1712
3.45091452	1.1679
3.53054116	1.152
3.63807769	1.138
3.74089452	1.1287
3.79658267	1.1269
3.78329156	1.1355
3.70103577	1.1485
3.58100087	1.1658
3.47604659	1.1806
3.4061454	1.1875
3.37633216	1.1974
3.38955249	1.195
3.43945878	1.1779
3.51454777	1.1578
3.58055112	1.1537
3.59255749	1.178
3.55397326	1.2349
3.49020309	1.3051
3.43605699	1.3691
3.40530633	1.4025
3.41259585	1.4027
3.44711023	1.3876
3.50649348	1.3616
3.59170433	1.3057
3.67930514	1.2516
3.75433915	1.2135
3.77844941	1.2092
3.73510768	1.248
3.63827666	1.3276
3.5459248	1.4089
3.49418976	1.459
3.48662581	1.4739
3.52059062	1.4606
3.57481806	1.4305
3.64348436	1.3802
3.70346344	1.3221
3.7456623	1.2602
3.73492638	1.2236
3.68782156	1.2156
3.61141271	1.2485
3.54584673	1.3034
3.50058229	1.356
3.48685948	1.3986
3.50466309	1.4287
3.55145662	1.4338
3.60838417	1.4217
3.65212087	1.4064
3.66326502	1.3834
3.64571512	1.3488
3.60330046	1.3201
3.56196476	1.3044
3.53860109	1.3102
3.54018541	1.3349
3.54519574	1.3681
3.55951331	1.3839
3.58066519	1.3742
3.60560551	1.3484
3.63437104	1.3322
3.66299568	1.3256
3.64479699	1.3219
3.59068392	1.3143
3.53790711	1.2978
3.51136668	1.2887
3.52325318	1.2899
3.54613708	1.2979
3.56414965	1.2969
3.58953829	1.2726
3.61566222	1.2393
3.62795771	1.2206
3.62326868	1.2323
3.61583283	1.2666
3.59351736	1.3269
3.55678708	1.3903
3.52232074	1.4255
3.49696494	1.435
3.48996661	1.4295
3.49739719	1.4115
3.50886131	1.3809
3.51506203	1.336
3.51792168	1.2843
3.51960783	1.2568
3.52958939	1.2649
3.53906528	1.3064
3.53883626	1.3637
3.53295385	1.4117
3.53000701	1.4423
3.53760665	1.4589
3.55054409	1.4561
3.55153659	1.4359
3.52926759	1.4043
3.49030278	1.3736
3.45205768	1.3525
3.44051165	1.3587
3.44203022	1.3798
3.43486858	1.4048
3.4275689	1.4381
3.42979037	1.461
3.45407468	1.4582
3.48584246	1.4246
3.51185747	1.364
3.53745447	1.2859
3.55444062	1.2256
3.56115229	1.1896
3.55700411	1.1962
3.54779751	1.231
3.51850581	1.2837
3.49109933	1.3415
3.48309489	1.3976
3.49520239	1.4324
3.50921017	1.4426
3.50737615	1.4247
3.48283057	1.3798
3.46355873	1.3398
3.46358251	1.3286
3.46521865	1.3353
3.4418144	1.3451
3.39557842	1.3559
3.36766753	1.3811
3.36574462	1.4253
3.37170958	1.4678
3.37105764	1.489
3.36908981	1.4771
3.38524913	1.4348
3.42797977	1.3881
3.49023129	1.3563
3.53005987	1.3429
3.54026533	1.3379
3.52750178	1.3425
3.50783172	1.3662
3.48030677	1.3962
3.43547342	1.4088
3.3878747	1.3989
3.36537302	1.392
3.37940377	1.3646
3.42170706	1.3375
3.47741504	1.2992
3.5206132	1.2712
3.57609623	1.2534
3.61943328	1.2711
3.62972977	1.3041
3.58961207	1.335
3.52488279	1.3478
3.46415684	1.3523
3.42109751	1.3646
3.38548005	1.3846
3.35388857	1.3885
3.34010717	1.3844
3.35319393	1.3655
3.38488466	1.3504
3.42697938	1.3447
3.4702454	1.346
3.50132089	1.3356
3.52198138	1.3007
3.52975786	1.2734
3.52325514	1.2602
3.49038498	1.2787
3.45070299	1.3065
3.41455312	1.321
3.38334381	1.33
3.37376073	1.3282
3.3740872	1.3346
3.39138685	1.3343
3.43435941	1.3107
3.49672192	1.2679
3.56419744	1.2127
3.62584106	1.1643
3.64740528	1.1489
3.61759181	1.1596
3.55961234	1.1819
3.49063151	1.2208
3.42398165	1.2626
3.36395207	1.3178
3.32900456	1.3632
3.32600795	1.3957
3.3464348	1.4076
3.37801751	1.3893
3.43611009	1.3536
3.50927634	1.319
3.58936788	1.2853
3.66080159	1.2575
3.70451515	1.2361
3.69947576	1.2186
3.65147499	1.1984
3.59988772	1.1712
3.56648049	1.1496
3.54987257	1.1366
3.54965262	1.1408
3.56428777	1.1599
3.59594778	1.1795
3.65099899	1.1967
3.72007133	1.2009
3.77484147	1.1925
3.81211133	1.166
3.80736355	1.1346
3.77944128	1.1093
3.72659913	1.0801
3.66115811	1.0621
3.59859742	1.0646
3.57605049	1.0771
3.5898011	1.1155
3.63595896	1.1527
3.67559354	1.1843
3.69335109	1.2081
3.69212829	1.2204
3.66428105	1.2227
3.62198591	1.2182
3.57935111	1.2181
3.54578382	1.2303
3.51311164	1.2503
3.46701111	1.2896
3.43013313	1.3246
3.40960315	1.3417
3.41045798	1.3557
3.42680328	1.3713
3.43138343	1.3899
3.41624044	1.3959
3.40712568	1.3644
3.42935614	1.3234
3.4696972	1.3017
3.48687257	1.3235
3.46665173	1.3472
3.43522689	1.3482
3.41250693	1.329
3.40035194	1.3072
3.39293132	1.2895
3.39368584	1.2765
3.40747788	1.2534
3.43346317	1.2185
3.4741781	1.1864
3.51918095	1.1761
3.56190457	1.1875
3.58136861	1.2147
3.57614634	1.2553
3.55687804	1.2973
3.54442159	1.3264
3.53453853	1.3391
3.5246693	1.3343
3.51959216	1.3211
3.51775729	1.3055
3.52592036	1.2945
3.54573106	1.2926
3.5735317	1.3027
3.59324479	1.3191
3.59009641	1.3306
3.55947879	1.3385
3.52154592	1.3376
3.49787252	1.3172
3.49626388	1.2767
3.50396152	1.2335
3.50943668	1.1959
3.53174283	1.166
3.59281864	1.1478
3.66866349	1.1458
3.72517767	1.1651
3.74975446	1.2154
3.74764423	1.2755
3.72408098	1.3299
3.69176	1.355
3.66218344	1.3413
3.64947227	1.3106
3.66611245	1.2805
3.70786694	1.2395
3.75054341	1.1885
3.7579707	1.1426
3.74133021	1.1202
3.72805951	1.1284
3.7176041	1.1652
3.69660814	1.216
3.6468567	1.2698
3.58883769	1.324
3.5546255	1.3807
3.55741469	1.4255
3.57970689	1.4514
3.60375419	1.4463
3.62435915	1.4086
3.62956876	1.3624
3.61859058	1.3074
3.60144324	1.2598
3.59917172	1.2168
3.60756393	1.1882
3.61742527	1.157
3.62039294	1.1406
3.62553732	1.1515
3.65433272	1.1792
3.68709339	1.2179
3.70974757	1.2467
3.69266549	1.26
3.62862122	1.2579
3.55402422	1.2502
3.49075054	1.2308
3.44681134	1.1861
3.44142987	1.1255
3.45824633	1.0786
3.50443058	1.0369
3.57514329	1.01
3.62610892	1.0099
3.64121607	1.0362
3.62191681	1.0717
3.60196721	1.101
3.57558706	1.121
3.52493355	1.1572
3.46727603	1.2064
3.43910404	1.2379
3.45574275	1.2481
3.50799062	1.232
3.56032352	1.2294
3.59973572	1.2366
3.6298369	1.2531
3.66085856	1.2676
3.66968205	1.2725
3.63220424	1.2796
3.54769506	1.2865
3.4541668	1.2986
3.39816488	1.311
3.39202921	1.3054
3.40803752	1.2812
3.44341034	1.223
3.50792094	1.164
3.60157506	1.1138
3.7051848	1.1099
3.80889576	1.1272
3.86610815	1.1654
3.87648786	1.2044
3.84125859	1.2518
3.76116257	1.3123
3.66729643	1.3746
3.5825493	1.3982
3.52749081	1.3688
3.52464875	1.301
3.58430485	1.2237
3.67340448	1.1549
3.74120819	1.0874
3.756415	1.0393
3.73771668	1.0295
3.68576537	1.0609
3.61296357	1.1287
3.53829682	1.2169
3.49406722	1.2971
3.47873504	1.3618
3.48332057	1.3995
3.50292696	1.3832
3.55890859	1.3208
3.66238947	1.2307
3.78712007	1.1401
3.87385051	1.0744
3.89950233	1.0443
3.86025728	1.0597
3.79767884	1.1159
3.74502022	1.1689
3.70182698	1.2053
3.66028514	1.2329
3.6192552	1.2666
3.58621633	1.3044
3.56940111	1.3361
3.56512629	1.3596
3.55941467	1.371
3.53708316	1.3945
3.4974685	1.4241
3.44788353	1.4553
3.40765701	1.4728
3.38073927	1.4581
3.37483082	1.4151
3.38453912	1.3497
3.40365648	1.266
3.42744658	1.1914
3.45185119	1.1592
3.45809538	1.1845
3.44342241	1.2426
3.41648535	1.3077
3.39053447	1.3597
3.37085076	1.3972
3.34854439	1.4111
3.32964817	1.3976
3.32709296	1.3558
3.349252	1.3014
3.39454396	1.2455
3.44029556	1.2036
3.46416761	1.1871
3.46616453	1.1917
3.46354066	1.2105
3.44712726	1.2473
3.40476278	1.3082
3.359224	1.3745
3.34252112	1.3973
3.35604288	1.388
3.3890583	1.3704
3.40933161	1.3623
3.4264515	1.3646
3.45407009	1.3645
3.48055809	1.3584
3.4795831	1.3488
3.4393594	1.3432
3.3881148	1.3484
3.35060939	1.3498
3.35124751	1.3246
3.38009784	1.2846
3.40851424	1.2462
3.42480835	1.225
3.44658837	1.2197
3.47412023	1.2331
3.49127358	1.2598
3.46694683	1.3146
3.42681363	1.3731
3.39748154	1.4107
3.38653426	1.418
3.39051756	1.3945
3.40982734	1.3496
3.44583942	1.2935
3.49402326	1.2321
3.52537009	1.1676
3.51970169	1.112
3.47604586	1.0867
3.43192867	1.1014
3.41280083	1.1415
3.41316279	1.1875
3.42117156	1.2294
3.4229588	1.2716
3.42799032	1.3196
3.4495772	1.3596
3.49524119	1.3723
3.54079028	1.3656
3.56194421	1.3606
3.54261439	1.3514
3.49465889	1.3548
3.44883828	1.3622
3.41527759	1.3658
3.38723172	1.3741
3.36045071	1.3866
3.34364382	1.3843
3.33618396	1.3729
3.35038004	1.3533
3.38443508	1.3324
3.44410819	1.3087
3.50449813	1.296
3.53666494	1.2899
3.52966618	1.2964
3.49797229	1.2995
3.46818018	1.3018
3.43694685	1.3242
3.41636896	1.3827
3.39766577	1.4233
3.38349491	1.421
3.39188631	1.3838
3.42715107	1.3285
3.48655505	1.285
3.53638532	1.2675
3.56123542	1.2635
3.56158998	1.2831
3.54781197	1.3289
3.53280273	1.3855
3.52814285	1.4232
3.52549157	1.4361
3.53518852	1.426
3.5569574	1.4013
3.57694078	1.3705
3.58164609	1.345
3.5608424	1.319
3.50935165	1.3145
3.44791127	1.3357
3.40036182	1.383
3.38189242	1.4288
3.38303376	1.4653
3.38897197	1.481
3.40259789	1.4734
3.43627269	1.4407
3.4878235	1.3926
3.53684283	1.3568
3.55781759	1.3314
3.53759984	1.3337
3.49374437	1.362
3.45383105	1.4008
3.43124353	1.4322
3.44225424	1.4315
3.47538821	1.4048
3.52565023	1.3496
3.5769471	1.2864
3.60343329	1.2358
3.63742684	1.1919
3.67357149	1.1756
3.6774814	1.1936
3.6238982	1.252
3.55438951	1.3351
3.50531936	1.4133
3.47689997	1.4688
3.46562874	1.497
3.47295429	1.4985
3.50086535	1.4776
3.55202405	1.4292
3.61793619	1.3705
3.66401906	1.3163
3.65255988	1.2879
3.60134799	1.2797
3.55457399	1.2871
3.54203362	1.3006
3.55979319	1.3078
3.59445648	1.3062
3.63675104	1.304
3.68401669	1.2842
3.7370864	1.2566
3.7808457	1.2309
3.77062945	1.2388
3.7056019	1.29
3.61760969	1.3561
3.54437415	1.4069
3.49554211	1.4274
3.48079366	1.4162
3.51288154	1.382
3.57902619	1.3201
3.66817803	1.239
3.74181894	1.1691
3.7925491	1.1398
3.7974596	1.1657
3.75723748	1.2357
3.66953735	1.3528
3.5711672	1.4653
3.48326046	1.5293
3.42928504	1.5407
3.41887687	1.5198
3.45625698	1.4638
3.53888807	1.3478
3.65867113	1.2087
3.78964139	1.0987
3.87771861	1.0559
3.88234712	1.0785
3.78778905	1.1481
3.65732056	1.2395
3.54776223	1.3194
3.48513229	1.3759
3.46550416	1.3981
3.49715496	1.37
3.57722272	1.2936
3.70543231	1.1776
3.82500175	1.0345
3.87161208	0.9296
3.82759609	0.9032
3.70534367	0.9581
3.57329151	1.0246
3.47390984	1.0894
3.41553392	1.1336
3.38433052	1.1636
3.38316791	1.1679
3.42571412	1.1392
3.50316737	1.0922
3.59912101	1.0434
3.66309585	1.0186
3.65058565	1.0402
3.59775654	1.1041
3.53641563	1.2005
3.47971784	1.3064
3.44134618	1.3794
3.43025186	1.4141
3.44963316	1.4175
3.50334252	1.3724
3.59206466	1.2886
3.69000718	1.204
3.75104927	1.1424
3.75766945	1.1104
3.71649853	1.1252
3.6492947	1.1704
3.57136344	1.2224
3.49266642	1.2702
3.45271933	1.2902
3.46175365	1.2784
3.51545195	1.2454
3.58770456	1.1893
3.65634473	1.1294
3.69737752	1.0898
3.69576169	1.088
3.65550118	1.1121
3.5882657	1.1509
3.52591121	1.1883
3.47823284	1.2183
3.46545162	1.2203
3.48169086	1.2086
3.53237064	1.18
3.61437348	1.1413
3.71678679	1.1052
3.79930018	1.0934
3.83422933	1.1079
3.82024133	1.1485
3.77585987	1.1895
3.70616145	1.2237
3.6561651	1.2401
3.63538332	1.2565
3.65223899	1.2596
3.69638606	1.2487
3.75216524	1.2184
3.81156076	1.1828
3.85081244	1.1686
3.84510753	1.1806
3.79415037	1.1988
3.71278903	1.2113
3.60717546	1.2262
3.51896695	1.2363
3.47186427	1.2378
3.47488147	1.2324
3.51921173	1.2068
3.58096427	1.1699
3.62213552	1.1468
3.65636674	1.1523
3.68078236	1.1871
3.68346338	1.2447
3.65045371	1.3153
3.58788098	1.3801
3.5317284	1.4147
3.50994366	1.4009
3.52263527	1.3413
3.54774273	1.2524
3.5741164	1.1581
3.61714446	1.0698
3.66201862	1.0189
3.6693057	1.0277
3.61905146	1.0929
3.54127101	1.1854
3.47548318	1.2707
3.44253573	1.3154
3.43029018	1.3394
3.44518274	1.3571
3.48935958	1.3408
3.56324924	1.2745
3.66583009	1.1814
3.75259025	1.1191
3.78392337	1.0992
3.72962984	1.1222
3.64035916	1.1647
3.55679237	1.2325
3.51015348	1.3
3.49984605	1.362
3.50377893	1.4138
3.51948312	1.4419
3.55334205	1.4286
3.60944918	1.3782
3.6613988	1.3241
3.68641996	1.273
3.67164444	1.2297
3.62763994	1.2048
3.57424201	1.2009
3.53934404	1.2178
3.52270482	1.2504
3.52664524	1.2772
3.52849585	1.2842
3.52989682	1.2795
3.53816986	1.2769
3.5565961	1.2837
3.56847066	1.2924
3.57652413	1.2885
3.57473604	1.2841
3.59040962	1.2714
3.60727252	1.2544
3.61270297	1.2307
3.61884274	1.1885
3.64860738	1.1398
3.69733636	1.1044
3.73381673	1.0874
3.72420845	1.1019
3.67789325	1.1279
3.63220854	1.1561
3.60465526	1.1818
3.6031598	1.2028
3.61909225	1.223
3.63775839	1.242
3.67682221	1.2289
3.72601046	1.1991
3.77298986	1.1683
3.78939803	1.1672
3.75982222	1.1943
3.70273263	1.2431
3.64385123	1.2965
3.58413892	1.3442
3.53090056	1.3848
3.49322032	1.4178
3.4681985	1.4345
3.45943213	1.4126
3.46351688	1.3493
3.48498211	1.2645
3.52040342	1.1899
3.54842245	1.1305
3.57358211	1.0995
3.59835222	1.1045
3.61044186	1.1481
3.59241044	1.2107
3.5538889	1.2749
3.51177303	1.3168
3.49808513	1.318
3.51956708	1.2901
3.5608981	1.2456
3.60511126	1.19
3.63329267	1.1193
3.6399904	1.0778
3.64401206	1.0711
3.63648356	1.0989
3.59213223	1.1417
3.5250103	1.1828
3.46436115	1.2249
3.45513128	1.2617
3.49256494	1.293
3.54653852	1.3011
3.58122488	1.3039
3.60189289	1.3076
3.6197323	1.3103
3.62109886	1.3253
3.59542123	1.3284
3.54875128	1.3324
3.48771738	1.3305
3.44182761	1.3132
3.43627839	1.2724
3.47418927	1.2195
3.52263636	1.1541
3.57644275	1.1077
3.6236439	1.0772
3.65176884	1.0708
3.65372971	1.0956
3.62176264	1.1464
3.5525601	1.2142
3.47282176	1.2739
3.41601427	1.3053
3.40895029	1.302
3.46325062	1.2622
3.55968666	1.2025
3.65575265	1.1455
3.7223244	1.097
3.73952535	1.0821
3.70093117	1.107
3.63063927	1.1567
3.53359418	1.2182
3.4332686	1.2719
3.35853597	1.3083
3.32540715	1.3211
3.33565154	1.3009
3.3689895	1.2535
3.41194203	1.1935
3.45037956	1.1474
3.48074771	1.1447
3.49615917	1.1789
3.484069	1.2279
3.43848502	1.2818
3.39130635	1.3253
3.36612359	1.3521
3.37731131	1.349
3.40696429	1.3219
3.45399445	1.2797
3.51962677	1.2248
3.5908233	1.1819
3.63695127	1.1618
3.62643225	1.1662
3.55838989	1.1891
3.47599554	1.2236
3.41602933	1.2651
3.39014241	1.2914
3.39125892	1.2914
3.40645086	1.2842
3.4402715	1.2685
3.47140178	1.25
3.50155387	1.2244
3.51753624	1.1966
3.51550437	1.1704
3.48696977	1.1507
3.44143927	1.1701
3.4033465	1.2255
3.39598978	1.2903
3.42063941	1.3429
3.45367814	1.3792
3.4905336	1.3897
3.52159519	1.3896
3.52963868	1.3842
3.51662834	1.3754
3.48182731	1.3718
3.45855743	1.3679
3.45773927	1.3645
3.45996909	1.3628
3.47507272	1.3401
3.49694909	1.3102
3.53101598	1.274
3.57391067	1.2454
3.61195691	1.2266
3.62672605	1.2233
3.59338016	1.2429
3.53329547	1.2742
3.47657397	1.3144
3.43717638	1.3456
3.41520528	1.3584
3.40572228	1.3439
3.41244639	1.3057
3.44325996	1.2572
3.47214809	1.2095
3.48486354	1.1676
3.47398236	1.1468
3.43947264	1.153
3.41130508	1.1875
3.40220006	1.2523
3.39513494	1.3416
3.3944773	1.4342
3.40483725	1.5023
3.42839559	1.5229
3.46962492	1.5078
3.51043014	1.4675
3.52609462	1.4141
3.51799386	1.3615
3.49276893	1.3391
3.46117153	1.361
3.43457498	1.3941
3.4075742	1.4333
3.38512967	1.4515
3.36763063	1.4506
3.37071537	1.414
3.40686005	1.3572
3.46657711	1.2893
3.53536697	1.222
3.58439645	1.1668
3.59262986	1.1298
3.57140678	1.1384
3.55993452	1.199
3.56185569	1.2789
3.56842518	1.3414
3.58860153	1.3698
3.60870907	1.3656
3.64228368	1.3435
3.67643146	1.2907
3.69429505	1.221
3.70870301	1.1534
3.6866553	1.1082
3.64413853	1.0818
3.58868164	1.0713
3.56114804	1.077
3.5554274	1.1001
3.55264576	1.1415
3.55029945	1.181
3.54064419	1.216
3.53982777	1.2209
3.5455687	1.2112
3.555062	1.2102
3.56813215	1.22
3.59298759	1.2151
3.62420327	1.1955
3.64152442	1.1823
3.65814104	1.1923
3.6745788	1.2238
3.70241732	1.2476
3.73648315	1.2508
3.78570613	1.2394
3.82563962	1.2325
3.85041007	1.229
3.84944161	1.2429
3.82167439	1.266
3.77125212	1.3
3.70995252	1.344
3.65600191	1.3872
3.61506385	1.4157
3.59589048	1.4077
3.60847273	1.3652
3.64335832	1.3079
3.68880234	1.2511
3.7149095	1.2067
3.70764224	1.1675
3.67728999	1.161
3.64472376	1.1952
3.58785094	1.2654
3.50686164	1.3505
3.43891669	1.4128
3.40034075	1.4431
3.38748042	1.4328
3.41036933	1.407
3.4506619	1.3697
3.49284343	1.341
3.52536133	1.3158
3.54342049	1.3072
3.53262384	1.3256
3.48910343	1.3576
3.4237625	1.3899
3.3712779	1.4001
3.34623118	1.3809
3.35698041	1.34
3.39278048	1.2842
3.44871224	1.2149
3.50973632	1.1538
3.57737975	1.1232
3.59892694	1.1504
3.55952863	1.2118
3.48153579	1.2844
3.4074112	1.3505
3.37691928	1.3934
3.3893182	1.4087
3.43809611	1.3971
3.51451383	1.3499
3.60919798	1.2718
3.71556067	1.1949
3.80745237	1.1441
3.8182258	1.1276
3.73192858	1.1516
3.59334808	1.2125
3.46160861	1.3046
3.38331749	1.3931
3.35141898	1.4575
3.3523837	1.4837
3.38331556	1.4607
3.44108261	1.3904
3.53032394	1.2971
3.61293708	1.2088
3.64181443	1.138
3.59487982	1.0937
3.50260035	1.0887
3.41591112	1.1097
3.36763199	1.1507
3.35538862	1.1956
3.37211374	1.2359
3.42720922	1.2594
3.51980561	1.2733
3.63649894	1.2867
3.74194987	1.2981
3.7861084	1.3047
3.75998037	1.3157
3.68380674	1.3346
3.59472798	1.3721
3.52341569	1.3888
3.47721856	1.3863
3.45784382	1.3627
3.46498095	1.3133
3.49956529	1.2662
3.55089899	1.2276
3.59935973	1.1953
3.61280545	1.1815
3.58984638	1.1983
3.53127632	1.2494
3.45792459	1.3263
3.39635535	1.4097
3.36929867	1.4633
3.3725148	1.4896
3.40145567	1.4826
3.45534788	1.4457
3.53202134	1.3836
3.60101624	1.3212
3.64274141	1.2887
3.63763412	1.2949
3.58728338	1.3398
3.52443499	1.3852
3.46712628	1.4125
3.43636123	1.4189
3.42455829	1.4062
3.43321414	1.3686
3.45621384	1.3094
3.49302253	1.2428
3.52777698	1.1918
3.55076116	1.1702
3.53570087	1.1849
3.49626702	1.2362
3.45831496	1.313
3.43331653	1.3964
3.41660655	1.4649
3.42707976	1.4937
3.46069026	1.4868
3.51113913	1.4473
3.55932741	1.3815
3.59170844	1.3072
3.59941937	1.2419
3.58263859	1.2034
3.5598319	1.1866
3.52173234	1.1939
3.48392711	1.2478
3.4614489	1.3495
3.46724538	1.4288
3.48999329	1.4663
3.52379734	1.4804
3.54330744	1.4758
3.54320743	1.4537
3.52489954	1.4142
3.51114424	1.3844
3.50200819	1.3688
3.47297228	1.363
3.41190303	1.3614
3.38456925	1.3345
3.40001212	1.2979
3.43578063	1.288
3.47546519	1.2815
3.48845775	1.2936
3.48813817	1.2958
3.48300094	1.3147
3.4778434	1.3307
3.46083318	1.3155
3.42641456	1.274
3.41116192	1.2791
3.42051884	1.3349
3.45132873	1.3657
3.49399411	1.3609
3.52466291	1.3325
3.51822156	1.2968
3.4843242	1.2616
3.4514434	1.2412
3.42725399	1.2606
3.41279683	1.2915
3.38888571	1.3233
3.36322058	1.3486
3.35082405	1.3522
3.35922664	1.3406
3.37934789	1.3222
3.4012356	1.2881
3.41682105	1.2424
3.43382721	1.2068
3.45821198	1.2123
3.47597911	1.2515
3.48344364	1.3117
3.47541253	1.369
3.47429618	1.4059
3.48968385	1.4148
3.51576392	1.4027
3.55254261	1.3707
3.58518961	1.3283
3.59447995	1.2832
3.57762403	1.2603
3.54843549	1.2675
3.49710101	1.3196
3.43190826	1.3874
3.36785614	1.4479
3.32421692	1.4791
3.31233701	1.4788
3.32890445	1.4431
3.36745722	1.3862
3.4183259	1.3081
3.47973492	1.2172
3.52875658	1.152
3.56117315	1.1252
3.56639137	1.1473
3.54585872	1.2065
3.49991914	1.2762
3.46967388	1.3325
3.45876158	1.3787
3.4705548	1.4098
3.49802644	1.4073
3.51834068	1.3798
3.53385976	1.3502
3.55225405	1.3486
3.55062781	1.3768
3.51705892	1.4116
3.47035485	1.4391
3.42559695	1.4392
3.39458658	1.4162
3.38394774	1.3673
3.3863069	1.3017
3.4076347	1.2211
3.43879922	1.1514
3.49001017	1.1168
3.54539316	1.1198
3.57824042	1.1672
3.58047532	1.2498
3.54569325	1.3476
3.51355104	1.4144
3.48520395	1.4427
3.47620521	1.4382
3.48241959	1.4029
3.50389306	1.3326
3.54963263	1.254
3.6020457	1.1979
3.64820623	1.1923
3.68056423	1.2291
3.6903504	1.278
3.65977987	1.3171
3.59938914	1.345
3.54751201	1.3592
3.50269085	1.3666
3.48172221	1.3502
3.4875386	1.3011
3.52132585	1.2359
3.57507265	1.1705
3.61405932	1.1329
3.60871513	1.1423
3.56088037	1.1697
3.49785466	1.2035
3.4308592	1.2396
3.39494264	1.2882
3.39167409	1.3227
3.41844325	1.3324
3.47655561	1.3052
3.54567267	1.2697
3.62419834	1.236
3.68624935	1.2137
3.72524533	1.2069
3.72786689	1.2235
3.6826652	1.2531
3.6046745	1.307
3.52775057	1.3734
3.46491263	1.4312
3.43489817	1.448
3.44816622	1.4144
3.48215022	1.3565
3.5243659	1.3058
3.5642119	1.2581
3.59080003	1.2182
3.59226134	1.175
3.56225819	1.1422
3.5129433	1.138
3.47110207	1.162
3.45115757	1.202
3.4551527	1.2406
3.46954994	1.2723
3.50727207	1.2852
3.5530057	1.3027
3.59235308	1.3347
3.60169549	1.3703
3.5718419	1.3982
3.52237639	1.4122
3.47841377	1.4211
3.45960824	1.416
3.46480918	1.388
3.48698996	1.3364
3.51007062	1.2714
3.5346159	1.2102
3.55971408	1.1681
3.55992124	1.1603
3.53776765	1.1769
3.51075434	1.2271
3.49609852	1.3092
3.4850408	1.3951
3.4747342	1.452
3.47078972	1.4634
3.47996817	1.4367
3.49427445	1.3849
3.50611438	1.322
3.49931684	1.2663
3.46919833	1.2331
3.43511698	1.2412
3.42176477	1.2842
3.43365428	1.338
3.4483831	1.3801
3.4589291	1.4184
3.48229297	1.4482
3.52576518	1.4634
3.59306759	1.4433
3.65909434	1.3875
3.69063853	1.3232
3.66041737	1.284
3.59843547	1.2781
3.52347049	1.2981
3.45342965	1.317
3.40699204	1.3297
3.40685858	1.3381
3.45621569	1.3273
3.52679509	1.3063
3.60733475	1.2733
3.66822224	1.2457
3.68917575	1.2281
3.65231352	1.2372
3.57749768	1.2655
3.49709892	1.3245
3.44209053	1.3848
3.41490126	1.4474
3.42796977	1.4717
3.45981393	1.4745
3.5096617	1.4524
3.58327838	1.4204
3.65730089	1.373
3.69408951	1.3167
3.67206686	1.2732
3.61887906	1.2552
3.56003523	1.2921
3.5066828	1.3562
3.46240091	1.4011
3.42971405	1.3917
3.41573202	1.3508
3.42204062	1.3075
3.44914835	1.2891
3.48054671	1.281
3.50822175	1.2579
3.52321864	1.2431
3.52961487	1.2512
3.52848607	1.3037
3.52689122	1.3616
3.53416036	1.3819
3.54821152	1.3624
3.56853654	1.3302
3.57598481	1.3071
3.57090994	1.2898
3.55647169	1.2709
3.53686833	1.249
3.51942322	1.2441
3.49864651	1.2614
3.48738666	1.2909
3.49057725	1.3237
3.50144013	1.3316
3.50903458	1.3229
3.52195173	1.3084
3.53253981	1.285
3.54071918	1.2394
3.52704393	1.2001
3.47462457	1.1957
3.39727496	1.2226
3.32231972	1.2721
3.29038562	1.3268
3.29706005	1.3614
3.32833823	1.3797
3.36453329	1.3994
3.40452971	1.4161
3.44433531	1.4132
3.48577577	1.3731
3.50874528	1.3229
3.49941482	1.2883
3.45565803	1.2851
3.40087464	1.31
3.36343054	1.3484
3.34509335	1.3766
3.34182882	1.3973
3.3450735	1.4255
3.35352842	1.4477
3.36780446	1.437
3.39930163	1.3755
3.435533	1.3015
3.45147054	1.2467
3.43187666	1.2372
3.4012638	1.253
3.36635617	1.2852
3.33289756	1.3144
3.31112089	1.3424
3.30523275	1.3791
3.32262618	1.4146
3.3686102	1.4314
3.44220538	1.4106
3.52121777	1.3626
3.59482827	1.3078
3.6453022	1.2768
3.65921735	1.2624
3.61390767	1.2674
3.53186569	1.2817
3.43475955	1.3141
3.35542767	1.3498
3.30507941	1.3775
3.28911297	1.3702
3.30132222	1.3384
3.33997022	1.3078
3.41281821	1.2752
3.49229859	1.2506
3.54700594	1.2429
3.55135178	1.2538
3.51655893	1.29
3.46757914	1.344
3.41609809	1.3897
3.38067174	1.4055
3.36435269	1.3879
3.38005793	1.3523
3.4369703	1.3055
3.51667936	1.269
3.58344595	1.2515
3.62929248	1.2598
3.64116029	1.2875
3.62586392	1.3231
3.58496978	1.3569
3.51699313	1.3852
3.44721378	1.4002
3.40923065	1.3904
3.42282878	1.3351
3.4660665	1.2675
3.50424738	1.21
3.51960642	1.1744
3.53930393	1.1693
3.55979178	1.1869
3.57015739	1.221
3.54989722	1.2456
3.51102725	1.2667
3.49104889	1.2684
3.50870219	1.2567
3.55505626	1.2418
3.61265499	1.2352
3.6465999	1.242
3.65480781	1.2357
3.63528159	1.2363
3.5982586	1.2485
3.55415317	1.286
3.50793886	1.3305
3.46852467	1.3633
3.45152872	1.3764
3.45810928	1.365
3.49262506	1.3357
3.53650549	1.2907
3.57661427	1.244
3.60975936	1.2
3.60067209	1.1628
3.56383228	1.1534
3.51730246	1.1815
3.48068159	1.2258
3.45501114	1.2708
3.43515708	1.3044
3.44745748	1.314
3.4911688	1.3039
3.56416954	1.2814
3.66594836	1.2397
3.75123831	1.1884
3.78182112	1.1371
3.74832377	1.1038
3.685533	1.1056
3.6145337	1.1356
3.53843063	1.1837
3.48242333	1.2186
3.45451244	1.2528
3.46537394	1.2704
3.52365879	1.2833
3.62431072	1.2768
3.73562483	1.2532
3.80572505	1.2208
3.80763763	1.1975
3.74304567	1.2052
3.6546749	1.2413
3.57407973	1.2859
3.52019771	1.3169
3.50891002	1.3185
3.51741313	1.3138
3.54026743	1.2967
3.58191507	1.2716
3.64798237	1.2304
3.70193865	1.1998
3.72604643	1.1684
3.694807	1.1743
3.63729288	1.2315
3.57474705	1.3075
3.53531523	1.355
3.51535958	1.3631
3.50734726	1.3528
3.50929352	1.3185
3.52281821	1.2621
3.56444043	1.198
3.60891622	1.1513
3.62861945	1.1431
3.61592106	1.1653
3.59466064	1.2085
3.59574901	1.2546
3.59643809	1.2967
3.59856258	1.3091
3.60729878	1.2948
3.62265051	1.2432
3.6598699	1.1613
3.72267278	1.0946
3.77699332	1.0597
3.80000215	1.0674
3.7894719	1.1009
3.75314061	1.1541
3.70110856	1.2118
3.6557011	1.2698
3.62180913	1.3084
3.60362726	1.3237
3.60298589	1.308
3.61208227	1.2541
3.63735745	1.1903
3.6774399	1.1332
3.71638232	1.102
3.72615966	1.1046
3.70658046	1.1301
3.65616909	1.1782
3.60419048	1.2418
3.55994318	1.3011
3.53530199	1.3346
3.52137516	1.3417
3.52972182	1.3334
3.55656812	1.3201
3.59074575	1.295
3.6094768	1.2557
3.60496866	1.2308
3.5908669	1.2358
3.57225089	1.2689
3.53074661	1.3003
3.48303665	1.3007
3.4423548	1.2859
3.44029329	1.2635
3.47116319	1.2394
3.5213709	1.1991
3.56514926	1.1506
3.59204512	1.1135
3.60300657	1.1111
3.60175662	1.1506
3.56123211	1.2134
3.49384025	1.2745
3.42570229	1.3073
3.39160142	1.31
3.41017316	1.2928
3.4744171	1.2674
3.56297314	1.2437
3.65713436	1.2123
3.74120375	1.1908
3.79654225	1.1975
3.7795613	1.2333
3.69286699	1.2909
3.58156035	1.3491
3.48989859	1.3839
3.43964999	1.3783
3.41965217	1.3593
3.41216564	1.3357
3.42653934	1.3131
3.46611149	1.2799
3.5187722	1.2517
3.54599682	1.2526
3.5336268	1.2817
3.49330745	1.331
3.45237448	1.3826
3.42009004	1.4247
3.39980929	1.4498
3.38939489	1.4654
3.39514407	1.4568
3.41356498	1.4252
3.45601101	1.3728
3.5104889	1.3122
3.55170879	1.281
3.57649821	1.2767
3.59201705	1.2884
3.5992952	1.3097
3.5897909	1.3358
3.56856289	1.3513
3.54573634	1.3527
3.53173464	1.3371
3.5323048	1.3027
3.55844181	1.251
3.60058679	1.2144
3.64586883	1.1868
3.68875722	1.1687
3.71709055	1.1465
3.73326651	1.1332
3.72333643	1.1323
3.68802857	1.1446
3.64201306	1.1686
3.60126933	1.2092
3.58134245	1.2598
3.56170731	1.3127
3.55534882	1.3543
3.54885546	1.373
3.52573303	1.3748
3.50397624	1.3655
3.48703514	1.3751
3.48377192	1.3838
3.4899761	1.3876
3.49450215	1.3811
3.50154834	1.3717
3.53304051	1.3414
3.5626025	1.3092
3.57850557	1.2782
3.57528985	1.2645
3.55942475	1.2685
3.54379796	1.2721
3.53035047	1.2907
3.51150675	1.3111
3.49359624	1.32
3.4992637	1.3175
3.53097095	1.3054
3.57682321	1.2755
3.60515297	1.2397
3.60006226	1.2116
3.58683009	1.1969
3.5891566	1.2099
3.58058996	1.244
3.53495409	1.2902
3.47966064	1.3448
3.44341284	1.396
3.43632663	1.4315
3.44836134	1.4458
3.46942055	1.4442
3.48922312	1.4288
3.50594398	1.4179
3.52329494	1.4093
3.52960805	1.4046
3.51007096	1.4139
3.47836331	1.4223
3.4513064	1.4272
3.43254439	1.429
3.42587554	1.42
3.42936441	1.3967
3.4465081	1.3669
3.47652285	1.3304
3.5135475	1.2984
3.54911606	1.2837
3.57194852	1.2925
3.57938917	1.3144
3.57355715	1.336
3.55950347	1.3518
3.55467297	1.3588
3.55959417	1.3534
3.56625363	1.3374
3.5821396	1.3075
3.58761751	1.2703
3.58386475	1.2463
3.56438814	1.2488
3.53236433	1.2693
3.49522547	1.2887
3.44121735	1.3109
3.40688892	1.3326
3.39999357	1.3566
3.4117638	1.3764
3.42677806	1.3854
3.44264581	1.3671
3.44997497	1.3362
3.45863398	1.3125
3.46594997	1.3056
3.4646264	1.3088
3.46025224	1.3151
3.45842134	1.3278
3.45169788	1.3481
3.45268067	1.3599
3.45098167	1.3618
3.45188045	1.3523
3.45993176	1.3252
3.47241107	1.2905
3.48748707	1.2588
3.50618341	1.2363
3.50958611	1.2228
3.50405734	1.2161
3.48431693	1.2316
3.46266935	1.2635
3.4434088	1.3048
3.42168306	1.3237
3.39343416	1.3259
3.37815272	1.3243
3.38459892	1.3231
3.40862988	1.3173
3.42995468	1.3009
3.43686204	1.2869
3.42165657	1.2884
3.4010507	1.3171
3.40599198	1.3585
3.43424339	1.3829
3.47153817	1.3728
3.49083058	1.3559
3.50009959	1.3398
3.51256136	1.3111
3.52551748	1.2826
3.52755185	1.276
3.50628591	1.2884
3.46596527	1.3141
3.41813988	1.3419
3.40354857	1.3494
3.42225812	1.3324
3.45428645	1.3088
3.48357771	1.2873
3.52005744	1.2614
3.58683844	1.2276
3.66640226	1.201
3.7063162	1.2056
3.68222572	1.2344
3.60754404	1.2882
3.52767137	1.3413
3.48193553	1.3753
3.47364837	1.383
3.50683921	1.3574
3.57409216	1.2938
3.65454603	1.2208
3.71818979	1.1666
3.75511997	1.1292
3.77235385	1.1242
3.76373101	1.1485
3.71816315	1.2015
3.65444881	1.269
3.59113418	1.3265
3.53596612	1.3665
3.50533303	1.378
3.51277807	1.3775
3.56253025	1.3535
3.63266347	1.3167
3.71337995	1.285
3.78241968	1.2676
3.81359499	1.2635
3.77552506	1.2669
3.70475694	1.2805
3.63923445	1.3104
3.60065343	1.3511
3.57723646	1.3777
3.56042631	1.396
3.57152983	1.3973
3.61057553	1.3808
3.68814626	1.3446
3.76606055	1.3114
3.81013801	1.2874
3.79360103	1.2785
3.73951601	1.2781
3.68096985	1.2853
3.62943746	1.2943
3.58851129	1.299
3.57432023	1.2892
3.59416785	1.2722
3.63243527	1.2416
3.66389481	1.2068
3.67084724	1.1821
3.65664192	1.1875
3.63773064	1.2079
3.59751922	1.2406
3.54564346	1.2589
3.49366028	1.2949
3.4782564	1.3154
3.4970144	1.3172
3.54741305	1.3034
3.62089685	1.2957
3.66985637	1.3154
3.69631946	1.3297
3.69139875	1.3517
3.66462631	1.3826
3.62141797	1.4108
3.57220932	1.4288
3.5343223	1.4318
3.52274602	1.4206
3.545198	1.3911
3.59940693	1.3409
3.65161554	1.292
3.66535511	1.2577
3.63722285	1.2476
3.57725644	1.2677
3.51269535	1.3089
3.45180458	1.3627
3.40114636	1.4233
3.36510193	1.4624
3.36373608	1.4759
3.40569921	1.4563
3.47677103	1.4186
3.55849716	1.3805
3.63133223	1.3484
3.68146047	1.3145
3.6792443	1.2915
3.65636343	1.2929
3.63307201	1.3258
3.61663835	1.3674
3.59962643	1.4141
3.5757936	1.4556
3.54833855	1.4776
3.53147445	1.4762
3.52715282	1.4606
3.53469169	1.4351
3.53955327	1.4163
3.52815874	1.3972
3.4935527	1.3781
3.46534672	1.3643
3.46155354	1.3524
3.47750072	1.3443
3.50043323	1.3357
3.5238991	1.3091
3.5440124	1.2673
3.55074868	1.2192
3.54891012	1.1926
3.54167448	1.1898
3.52689893	1.222
3.50166755	1.2667
3.45164043	1.3369
3.40045283	1.3959
3.37620383	1.4373
3.38504035	1.4433
3.40799543	1.4246
3.43846891	1.396
3.46873336	1.3711
3.49959783	1.34
3.53293682	1.3009
3.56500208	1.2757
3.58850043	1.2713
3.57740339	1.3013
3.54987172	1.3466
3.52603171	1.3733
3.5156604	1.3785
3.52318154	1.3801
3.53726988	1.3843
3.55846611	1.3774
3.56950436	1.3522
3.56710661	1.305
3.56280547	1.2632
3.56212219	1.2533
3.56188717	1.2537
3.54630502	1.2498
3.52825361	1.2333
3.51238003	1.216
3.50633061	1.2203
3.5032258	1.2481
3.50314981	1.2749
3.49091157	1.2878
3.46965152	1.2939
3.46495763	1.2882
3.48487983	1.2863
3.51566047	1.2816
3.55047911	1.2481
3.58345037	1.1974
3.61687506	1.1561
3.63462038	1.1393
3.62958681	1.1496
3.6205705	1.1714
3.62068736	1.2097
3.61564351	1.2607
3.58985661	1.3054
3.55586142	1.3426
3.53425938	1.3542
3.54319465	1.3399
3.57773269	1.3093
3.62630436	1.2731
3.66804981	1.2399
3.68300748	1.2131
3.68756575	1.1893
3.67867471	1.2051
3.65618441	1.2562
3.61278738	1.3179
3.56787659	1.3641
3.5260907	1.3925
3.49827218	1.3947
3.48823644	1.3761
3.52220456	1.3442
3.57196793	1.3038
3.63340815	1.2528
3.67468511	1.2124
3.67584168	1.1981
3.64522654	1.2135
3.5928767	1.2561
3.53258573	1.3106
3.48814235	1.361
3.4633182	1.3975
3.45482537	1.4321
3.47349128	1.4601
3.50817737	1.4745
3.55101899	1.4693
3.59697464	1.4368
3.63591372	1.3876
3.65942718	1.336
3.66172677	1.2899
3.64897964	1.2594
3.63292659	1.2445
3.60706356	1.2425
3.58346512	1.2585
3.56860098	1.2693
3.56133786	1.2743
3.57269182	1.2686
3.60251486	1.255
3.65165143	1.2362
3.71225354	1.2123
3.7369596	1.2031
3.73372502	1.1995
3.70553541	1.2158
3.67377706	1.2437
3.65794799	1.2655
3.6453624	1.2858
3.64670246	1.3001
3.6803374	1.3021
3.74334021	1.2946
3.82840084	1.2824
3.89469873	1.2638
3.91349344	1.2378
3.87899928	1.2255
3.8067341	1.2294
3.72286613	1.2503
3.64233212	1.2906
3.56475401	1.3335
3.51095022	1.3546
3.48884415	1.3491
3.50414328	1.3132
3.53681228	1.2612
3.58091234	1.2143
3.61186718	1.1793
3.61817019	1.1642
3.61349468	1.1636
3.59728543	1.1824
3.57488611	1.2142
3.54025127	1.2375
3.49664347	1.2625
3.4735052	1.2727
3.48097859	1.2592
3.5230475	1.2247
3.57845693	1.1854
3.62956718	1.158
3.67991947	1.1424
3.730665	1.1314
3.76074226	1.1204
3.76590488	1.0978
3.73180157	1.0799
3.69195314	1.063
3.6584053	1.052
3.65144961	1.0395
3.66347878	1.0298
3.68128904	1.0344
3.69120634	1.0442
3.70937179	1.0738
3.72949324	1.1144
3.7497227	1.1576
3.72963468	1.2024
3.67844078	1.2454
3.63385237	1.2822
3.60162014	1.295
3.58862622	1.2771
3.58634698	1.2399
3.58026579	1.1969
3.57218496	1.1716
3.57832475	1.1584
3.59939283	1.1498
3.62723748	1.1424
3.63545923	1.1364
3.63105603	1.1283
3.6246832	1.1228
3.65013566	1.1053
3.70414614	1.0773
3.78948002	1.0361
3.86307767	0.9992
3.90863514	0.9883
3.89348274	1.0066
3.83594799	1.0246
3.76923652	1.0524
3.72069636	1.0897
3.66899734	1.1317
3.61986644	1.1696
3.59488569	1.1722
3.61252292	1.1536
3.6650904	1.1332
3.73741374	1.1085
3.7735811	1.1017
3.78358009	1.0887
3.75301748	1.0911
3.70379892	1.1172
3.64061095	1.1602
3.5640468	1.1998
3.49213306	1.2247
3.44150637	1.2213
3.43376927	1.1988
3.46587853	1.1736
3.53914975	1.1427
3.62043212	1.1077
3.68485667	1.0493
3.72196686	0.9912
3.74126655	0.9464
3.74835421	0.9156
3.72893819	0.9041
3.67207926	0.9
3.60407807	0.9129
3.55900143	0.9405
3.54518437	0.9886
3.53936837	1.0451
3.54670915	1.0946
3.57478908	1.1253
3.61854461	1.1528
3.67535921	1.17
3.73239657	1.1654
3.77365184	1.1492
3.79360383	1.1224
3.80457346	1.1076
3.80430876	1.1094
3.7899875	1.1242
3.74074805	1.1392
3.66938961	1.168
3.60915064	1.2014
3.57307667	1.2526
3.55301178	1.3074
3.55415909	1.3476
3.58378303	1.3671
3.63191016	1.3611
3.68386445	1.3429
3.72746868	1.3295
3.77003976	1.2985
3.80188755	1.2758
3.81155839	1.27
3.78451527	1.2751
3.73985174	1.2828
3.68617038	1.2898
3.65317886	1.2947
3.66700067	1.2971
3.71432384	1.2928
3.77532793	1.2788
3.82909518	1.2521
3.85815522	1.2219
3.86993843	1.1933
3.85660137	1.1824
3.79902961	1.1817
3.6982886	1.1966
3.60564784	1.2091
3.54098567	1.2267
3.5252647	1.2331
3.54068554	1.2269
3.59193888	1.2086
3.67446771	1.1955
3.78251737	1.2017
3.88573596	1.2182
3.93225482	1.2377
3.91731606	1.2591
3.85506071	1.2959
3.7993949	1.3385
3.76110787	1.3565
3.73217738	1.3453
3.70578336	1.3264
3.6921353	1.3173
3.69709977	1.3144
3.71956824	1.3153
3.75649143	1.324
3.7779423	1.3249
3.76145021	1.3209
3.72530456	1.3229
3.70248901	1.3229
3.69452886	1.3117
3.69756231	1.2807
3.67262906	1.2399
3.6237263	1.2017
3.59886814	1.1753
3.61900547	1.1619
3.65061985	1.1608
3.65209605	1.172
3.62539138	1.2011
3.58954246	1.2389
3.57812709	1.2773
3.58791357	1.3056
3.594246	1.3052
3.59455253	1.2929
3.58200826	1.2723
3.5708683	1.2356
3.57344146	1.179
3.58502902	1.1097
3.56519981	1.0562
3.51965343	1.0294
3.47555398	1.0313
3.45741188	1.0648
3.46843765	1.1281
3.48454124	1.2094
3.50168832	1.2831
3.51361804	1.3315
3.52524256	1.3531
3.52494948	1.3504
