3.66270108	1.4027
3.65663368	1.4386
3.64037488	1.4892
3.61323593	1.5199
3.5908929	1.5113
3.59881058	1.4891
3.63203796	1.4723
3.66831721	1.4497
3.69714245	1.4069
3.70727644	1.3602
3.70529635	1.3291
3.68973835	1.3253
3.65014617	1.3357
3.59746426	1.3625
3.57605621	1.4015
3.56181276	1.4565
3.56816064	1.5178
3.58440805	1.5513
3.60465199	1.5385
3.6444799	1.4703
3.69918234	1.3768
3.74589156	1.3003
3.7662844	1.2564
3.73573429	1.2489
3.68148933	1.2644
3.63354755	1.3018
3.60386155	1.3572
3.59359371	1.4084
3.58137405	1.4436
3.57804605	1.4524
3.59357775	1.4355
3.63935037	1.3958
3.67691692	1.357
3.68477788	1.3017
3.66801975	1.2671
3.65034857	1.2545
3.65134992	1.269
3.65012101	1.3041
3.63880316	1.3483
3.62320262	1.3863
3.62364524	1.4
3.64758782	1.398
3.67299188	1.3896
3.67051626	1.3748
3.62446703	1.3565
3.57356057	1.3474
3.52784233	1.3394
3.50080673	1.3419
3.45520695	1.3615
3.40557245	1.3863
3.36073898	1.4139
3.35996034	1.4235
3.39307302	1.4115
3.44777807	1.3976
3.50289736	1.3811
3.56125709	1.3459
3.60143529	1.2994
3.63279374	1.2571
3.64331988	1.2444
3.6359557	1.2583
3.60078003	1.2847
3.54982712	1.3057
3.49344973	1.3152
3.46188292	1.3252
3.45655174	1.3214
3.45304756	1.3141
3.45629298	1.3048
3.46643416	1.3096
3.49226612	1.3105
3.51118784	1.3242
3.50880438	1.3431
3.48193747	1.3691
3.44020613	1.3858
3.40629762	1.3948
3.39589719	1.4004
3.39756191	1.4011
3.3918596	1.4017
3.39265629	1.3914
3.40601692	1.3833
3.43676326	1.385
3.47893268	1.3858
3.49653232	1.3919
3.48942317	1.3921
3.46839685	1.3826
3.45469499	1.3616
3.44942316	1.328
3.44849651	1.2752
3.45262374	1.2108
3.46302989	1.1461
3.47555472	1.0943
3.49954514	1.0641
3.51040507	1.0717
3.49792407	1.1024
3.4788821	1.1444
3.47719811	1.1898
3.47472643	1.2437
3.46881399	1.2921
3.46609343	1.3294
3.4954217	1.3338
3.54620571	1.3019
3.59691639	1.2516
3.61386934	1.2039
3.57026577	1.1685
3.4988327	1.1407
3.44607063	1.1373
3.40766976	1.1607
3.39288489	1.204
3.38588911	1.2652
3.38526024	1.3319
3.39784515	1.3696
3.42591975	1.3841
3.4624612	1.3839
3.49284597	1.3718
3.51166296	1.3368
3.51867867	1.2675
3.51746519	1.2096
3.50697058	1.1743
3.48713789	1.1687
3.46748004	1.1719
3.45883795	1.1846
3.4721847	1.1866
3.51277376	1.1868
3.56518628	1.1939
3.61431373	1.2111
3.64549545	1.2156
3.65622087	1.2015
3.64468556	1.1949
3.61646715	1.2012
3.57440478	1.2185
3.52488436	1.2239
3.47435297	1.2199
3.4658552	1.2103
3.49147652	1.2087
3.53822041	1.2091
3.57233337	1.2097
3.58369409	1.2027
3.58257875	1.1861
3.58348361	1.1764
3.58636141	1.1837
3.56807654	1.1987
3.52739012	1.2073
3.48944924	1.1998
3.46326695	1.192
3.46085379	1.1817
3.47623569	1.1861
3.50130321	1.19
3.52742724	1.1946
3.54404955	1.1963
3.55345828	1.1953
3.56503779	1.2072
3.61066451	1.2192
3.64878088	1.2106
3.65347917	1.1958
3.63203846	1.1817
3.58967007	1.1853
3.55979124	1.1845
3.5368105	1.1707
3.51448326	1.153
3.47942723	1.1471
3.43377216	1.1583
3.41991609	1.1826
3.44922904	1.2035
3.50266357	1.2185
3.5530697	1.2346
3.58493644	1.247
3.59376029	1.2506
3.57807238	1.2379
3.56004305	1.213
3.54871743	1.1951
3.54618959	1.1812
3.54470109	1.1648
3.53947004	1.1573
3.54767593	1.149
3.58736773	1.1785
3.62570948	1.2365
3.63602864	1.3099
3.62320384	1.346
3.60647919	1.345
3.6071167	1.3077
3.6080303	1.2601
3.58707675	1.2073
3.53883919	1.15
3.50079886	1.0853
3.51747599	1.0477
3.58818447	1.048
3.66745806	1.075
3.70543426	1.1141
3.70870129	1.1562
3.71068503	1.2085
3.72284732	1.2548
3.71509496	1.3001
3.68132347	1.3446
3.6292116	1.3723
3.57939831	1.3628
3.58722886	1.3172
3.63798706	1.2724
3.69507783	1.2453
3.71931159	1.2242
3.72114251	1.1871
3.70244234	1.1533
3.69032747	1.1401
3.67937443	1.1647
3.6667714	1.2149
3.63594793	1.2688
3.59246445	1.3066
3.55488021	1.3217
3.53791454	1.3234
3.52883027	1.3311
3.51767272	1.3421
3.49845632	1.3343
3.47458624	1.33
3.46262704	1.3255
3.47056442	1.3254
3.49604398	1.3212
3.54434805	1.3067
3.59594837	1.2915
3.62768076	1.2978
3.62992568	1.3046
3.60496107	1.3083
3.55786334	1.317
3.51483626	1.3156
3.49360615	1.3188
3.50215315	1.3101
3.52268098	1.2956
3.56013052	1.2735
3.59374323	1.2518
3.62383856	1.2366
3.64048948	1.2381
3.65325833	1.2571
3.64790652	1.2811
3.61418177	1.2962
3.57361707	1.2954
3.54832006	1.2822
3.55422012	1.2585
3.59054572	1.2329
3.6281035	1.2073
3.6561871	1.1809
3.66709599	1.1663
3.65963094	1.1748
3.64995783	1.2066
3.62048295	1.2395
3.55921723	1.2704
3.45847282	1.315
3.36991456	1.3608
3.32181425	1.4029
3.31142953	1.4268
3.30423586	1.4278
3.29694318	1.4115
3.29204186	1.3865
3.30952293	1.3728
3.33067943	1.3595
3.35536169	1.3266
3.37966982	1.2783
3.40529178	1.2246
3.43820407	1.1875
3.47210967	1.1847
3.49114139	1.2067
3.48680255	1.2533
3.47087139	1.2999
3.44393685	1.337
3.4108599	1.3629
3.38109674	1.3778
3.36498482	1.3659
3.37467855	1.3336
3.42819977	1.2777
3.53485339	1.2119
3.65310718	1.1558
3.72409685	1.1058
3.7384275	1.0918
3.72309865	1.109
3.67475099	1.1548
3.61767193	1.2077
3.54551246	1.2574
3.4955703	1.2955
3.47894404	1.3268
3.48754856	1.3504
3.50671664	1.3748
3.53277504	1.385
3.54476919	1.3726
3.52686419	1.347
3.5065528	1.3154
3.49348234	1.2959
3.48185587	1.3091
3.47667825	1.3514
3.48255225	1.3786
3.48715057	1.3913
3.49854919	1.3853
3.50957794	1.3798
3.53091005	1.3711
3.54661121	1.3649
3.55781338	1.3515
3.55603471	1.338
3.57320164	1.3174
3.60338051	1.2959
3.61149079	1.2781
3.60285253	1.2467
3.58185662	1.2193
3.56340027	1.2046
3.55598829	1.2129
3.55470986	1.2394
3.54557289	1.2692
3.5335172	1.2994
3.53129013	1.3162
3.55034974	1.3279
3.58528204	1.3308
3.62526128	1.3096
3.67204868	1.2722
3.69302346	1.237
3.68266184	1.228
3.65261064	1.2421
3.60548397	1.2745
3.56056385	1.3031
3.51673572	1.324
3.48621188	1.3578
3.4482517	1.4101
3.42238365	1.4421
3.40272083	1.454
3.39468207	1.442
3.39942875	1.4281
3.41586821	1.4147
3.43877043	1.4086
3.46671833	1.3847
3.47601446	1.3378
3.47047953	1.2902
3.46320875	1.2719
3.46938723	1.2814
3.49898746	1.3052
3.53577514	1.3374
3.56855114	1.3825
3.59466147	1.428
3.61463595	1.4625
3.63614436	1.4577
3.63818793	1.4117
3.60787211	1.3496
3.55502721	1.2912
3.51877308	1.2367
3.50163527	1.1847
3.50077306	1.1375
3.50413127	1.1231
3.51626989	1.1452
3.54848288	1.2033
3.58799883	1.2724
3.6102385	1.3413
3.5725439	1.4177
3.50142658	1.4992
3.44186479	1.5548
3.40274927	1.5733
3.3802004	1.545
3.38311636	1.4863
3.40189628	1.4137
3.43740651	1.3543
3.47475296	1.3232
3.50790399	1.3233
3.53306709	1.3453
3.52502866	1.3937
3.49624465	1.4374
3.45361641	1.4847
3.42422047	1.504
3.41068343	1.4894
3.43335018	1.4402
3.4741202	1.3743
3.52504836	1.2981
3.57441922	1.231
3.62524918	1.1672
3.67639063	1.137
3.71292152	1.1621
3.70405692	1.2284
3.66005692	1.3075
3.60163819	1.3631
3.54119575	1.3957
3.50747022	1.4138
3.49139914	1.4322
3.49361855	1.4381
3.49795095	1.4287
3.50186703	1.4068
3.47565103	1.389
3.42533584	1.3911
3.37818977	1.4121
3.35393038	1.431
3.34751985	1.4363
3.34952457	1.4372
3.36661036	1.4411
3.39915611	1.4487
3.44317636	1.4377
3.49033357	1.424
3.51472665	1.4051
3.49633372	1.4115
3.45818529	1.4357
3.42321364	1.4639
3.39847535	1.4783
3.37365603	1.4754
3.36118556	1.4476
3.37170088	1.4074
3.39847633	1.3694
3.44792776	1.3202
3.49978813	1.2832
3.53522408	1.2786
3.52778734	1.3073
3.4919997	1.3554
3.43953793	1.3978
3.40576274	1.4177
3.40016102	1.4173
3.42588715	1.409
3.47422992	1.3815
3.54455284	1.3329
3.6282318	1.2737
3.68508582	1.239
3.71250387	1.2404
3.69365477	1.2895
3.63129868	1.353
3.53166235	1.4077
3.43336796	1.4338
3.35196336	1.4543
3.30265065	1.4574
3.29070611	1.4459
3.3230636	1.3999
3.37364417	1.3392
3.44217885	1.2864
3.49795551	1.2623
3.53182529	1.2747
3.54253485	1.3002
3.52937595	1.3381
3.50177749	1.3798
3.4837338	1.4169
3.47988319	1.4359
3.49708153	1.4268
3.53271679	1.3867
3.56427318	1.3311
3.5704653	1.2902
3.55781169	1.2651
3.52885972	1.2628
3.48907554	1.2659
3.46661354	1.2702
3.45667584	1.2769
3.45728599	1.2889
3.448358	1.3084
3.44643612	1.331
3.46760689	1.3533
3.50061725	1.3688
3.52430485	1.3944
3.52627253	1.4167
3.51922531	1.4264
3.5144248	1.4207
3.52195206	1.4151
3.53660877	1.4276
3.55129698	1.4487
3.56763845	1.4497
3.58817457	1.4286
3.61919265	1.3934
3.63255223	1.3754
3.60047192	1.3825
3.53686849	1.3924
3.47882572	1.4126
3.44999052	1.4224
3.41969182	1.4338
3.39403666	1.439
3.37674482	1.4489
3.38791264	1.4258
3.43588313	1.3964
3.49316756	1.3617
3.53915775	1.3447
3.57604886	1.3409
3.60916529	1.3456
3.63707022	1.3576
3.631846	1.384
3.59661451	1.4142
3.54997954	1.454
3.53118171	1.4812
3.54989258	1.4935
3.5811072	1.4838
3.60321901	1.4537
3.59643641	1.4108
3.56143794	1.3783
3.52378356	1.3609
3.51227771	1.3561
3.50468501	1.3634
3.47701133	1.3711
3.42953852	1.3719
3.39921215	1.3688
3.41024529	1.3525
3.45988028	1.3324
3.5258026	1.3092
3.56093153	1.2971
3.57281858	1.2917
3.58208954	1.2972
3.58923608	1.3382
3.57809459	1.3925
3.52869456	1.4543
3.46757867	1.4926
3.42812661	1.4956
3.42058156	1.4684
3.42468114	1.4378
3.42869417	1.4007
3.43405435	1.3659
3.44358418	1.3266
3.46450842	1.3
3.48093429	1.2718
3.50627959	1.2603
3.52000037	1.2593
3.51581716	1.2639
3.50842524	1.274
3.49742895	1.2951
3.50431609	1.3151
3.5125843	1.3251
3.52053267	1.3109
3.52230767	1.2858
3.51084936	1.2688
3.48667578	1.2649
3.46746147	1.2656
3.45502051	1.2842
3.43403822	1.3004
3.41416467	1.3067
3.41323718	1.3077
3.43355477	1.3018
3.48056713	1.302
3.53486088	1.2959
3.56216803	1.2882
3.55818311	1.2999
3.53644027	1.3458
3.5300459	1.4142
3.53436792	1.4668
3.52247168	1.4906
3.49493268	1.4652
3.48882377	1.4127
3.51666479	1.3548
3.5665641	1.3092
3.5922332	1.2767
3.57157349	1.25
3.51343619	1.2449
3.45361622	1.2769
3.42490479	1.331
3.4054083	1.3924
3.37967775	1.4489
3.35814827	1.4824
3.36339604	1.5098
3.40873953	1.511
3.46346986	1.493
3.49647803	1.4546
3.4971435	1.4197
3.49518161	1.4017
3.50045097	1.4005
3.49085341	1.4193
3.45027977	1.4442
3.40427541	1.4583
3.3809674	1.4533
3.40445691	1.4289
3.45943728	1.3891
3.52021345	1.3262
3.55871647	1.2581
3.56503119	1.2024
3.54357229	1.1787
3.49843634	1.2015
3.4347725	1.2687
3.38292306	1.3388
3.35547945	1.3885
3.3636469	1.3997
3.40391372	1.3959
3.46458759	1.3673
3.53211737	1.3179
3.59595074	1.2541
3.66688737	1.2053
3.70292302	1.1968
3.66380716	1.2418
3.57316209	1.3333
3.47528949	1.4455
3.40547589	1.5218
3.379905	1.557
3.38664502	1.5558
3.41260801	1.5249
3.44136056	1.4583
3.46412305	1.37
3.49414667	1.3005
3.51190233	1.2667
3.49804433	1.2829
3.46062394	1.3231
3.42523951	1.3771
3.41273664	1.4119
3.43026108	1.4306
3.47688478	1.4366
3.54703391	1.4234
3.63370265	1.3708
3.73410014	1.3093
3.81793996	1.2562
3.8285219	1.2379
3.75334281	1.2629
3.63428277	1.3184
3.5217945	1.3933
3.44893662	1.4503
3.41379067	1.4705
3.40904558	1.4579
3.44475796	1.4184
3.51506989	1.3442
3.5939979	1.2471
3.66003382	1.1822
3.70339195	1.1733
3.68569662	1.2197
3.61949422	1.292
3.53916284	1.3748
3.48603273	1.4914
3.46650884	1.585
3.46484875	1.6267
3.48661093	1.5972
3.52745598	1.5124
3.5734479	1.4044
3.61519469	1.3011
3.6371329	1.2304
3.62223352	1.2098
3.55590578	1.2401
3.47078581	1.3055
3.40766372	1.3804
3.37550733	1.4378
3.36966504	1.4571
3.37856736	1.4431
3.40046035	1.4171
3.4595229	1.3764
3.55434683	1.3485
3.65533601	1.3292
3.70108919	1.3181
3.68872273	1.3099
3.65242917	1.3425
3.60269916	1.4106
3.54467185	1.4702
3.48778861	1.4799
3.46056309	1.441
3.46964892	1.3737
3.52043248	1.3082
3.59566211	1.2556
3.63396566	1.2221
3.61334949	1.2221
3.56547085	1.2771
3.51480921	1.3731
3.46804848	1.4858
3.42712962	1.5689
3.40722713	1.6008
3.41127342	1.613
3.45069296	1.5963
3.53446627	1.5243
3.63595208	1.4196
3.70337855	1.3334
3.71801567	1.3116
3.69648665	1.3751
3.62357124	1.4908
3.51183355	1.6001
3.38028462	1.6663
3.27712598	1.6705
3.21990866	1.6289
3.21133495	1.5661
3.24652307	1.4713
3.31541647	1.3577
3.40492368	1.2645
3.49133235	1.2242
3.5494844	1.2392
3.54733073	1.3069
3.48821671	1.4291
3.4020718	1.5441
3.33851439	1.6181
3.31490229	1.6251
3.31642398	1.5839
3.33164902	1.5239
3.36515515	1.4572
3.42875672	1.4088
3.51889801	1.376
3.57001474	1.3872
3.52526313	1.4213
3.42020213	1.4828
3.33196707	1.5267
3.28535498	1.5405
3.2737021	1.5237
3.28343792	1.4974
3.30821211	1.4596
3.35368929	1.4202
3.43125695	1.3763
3.51979196	1.3532
3.57462749	1.3517
3.55999495	1.3691
3.48738315	1.4119
3.39378988	1.4719
3.3174005	1.5277
3.28527881	1.5505
3.27604532	1.5325
3.27624845	1.4823
3.29054523	1.4188
3.3283301	1.3536
3.38113907	1.312
3.43180259	1.2764
3.42436327	1.261
3.36330086	1.2627
3.28042327	1.2778
3.21217735	1.3042
3.17425054	1.3271
3.16110621	1.3496
3.15794574	1.3545
3.16371738	1.3466
3.19548692	1.3424
3.24938846	1.3626
3.28922178	1.4157
3.28673134	1.4833
3.25663782	1.5376
3.22751133	1.5623
3.21705254	1.5906
3.21570245	1.6176
3.21129709	1.6364
3.201648	1.6316
3.19833314	1.5962
3.22232809	1.5426
3.2701247	1.5011
3.31586471	1.4899
3.3460292	1.4998
3.35512049	1.5022
3.33184923	1.51
3.28712808	1.5336
3.24511054	1.5826
3.21495353	1.6061
3.19938087	1.5863
3.20052473	1.5327
3.22341863	1.4845
3.26385167	1.4488
3.30178677	1.4249
3.32947608	1.3886
3.31640395	1.3562
3.25636594	1.3627
3.18364083	1.3972
3.13060167	1.4301
3.10548962	1.4257
3.10810365	1.4015
3.12848804	1.3918
3.16066578	1.4239
3.19580549	1.438
3.23870195	1.4416
3.26679335	1.4181
3.2625588	1.4196
3.23638182	1.4516
3.21342249	1.4934
3.21004562	1.5336
3.22868998	1.5535
3.25422729	1.5444
3.27431957	1.5172
3.2928419	1.4614
3.312817	1.4114
3.33651468	1.3643
3.35074568	1.3358
3.33859358	1.3497
3.29917854	1.3967
3.25879555	1.4562
3.24180712	1.5217
3.24570593	1.5683
3.24760427	1.5628
3.24038538	1.5012
3.24372543	1.4053
3.30090847	1.3063
3.42071358	1.2328
3.53692053	1.2061
3.57504286	1.2091
3.52279488	1.2374
3.4244213	1.3001
3.33828146	1.3913
3.26799863	1.4738
3.21361476	1.5356
3.18432984	1.5628
3.18462179	1.5533
3.20784466	1.5252
3.2477284	1.484
3.30302963	1.4391
3.35797452	1.4051
3.37418233	1.3755
3.34397102	1.3648
3.28253756	1.3734
3.22419517	1.4282
3.19354831	1.4872
3.19132607	1.5293
3.20318958	1.5433
3.21719326	1.5268
3.24493884	1.5003
3.29293268	1.4715
3.35795661	1.4464
3.40880552	1.42
3.40456376	1.4033
3.35693142	1.4038
3.31106724	1.4428
3.28699369	1.5016
3.27712445	1.5515
3.26440864	1.5597
3.24840199	1.5273
3.24560125	1.4755
3.26455823	1.4258
3.2829928	1.3875
3.27654671	1.3629
3.24657873	1.3509
3.21996224	1.3696
3.21600604	1.4085
3.22005946	1.4677
3.22795115	1.5085
3.24349608	1.5125
3.26692623	1.4812
3.29281389	1.4455
3.32002249	1.4147
3.32917852	1.403
3.32254665	1.4049
3.30008538	1.4207
3.27101085	1.4541
3.24110579	1.4874
3.22420939	1.5031
3.22616493	1.4826
3.25057329	1.452
3.29352634	1.4171
3.33894734	1.3953
3.38555515	1.3811
3.41408197	1.3936
3.42216961	1.4297
3.38832069	1.505
3.32992339	1.5841
3.29204374	1.6217
3.27153318	1.6119
3.26383587	1.5981
3.27346946	1.5768
3.3087295	1.5352
3.36876587	1.4538
3.42551487	1.3547
3.45969102	1.285
3.46519426	1.2525
3.43532053	1.2643
3.40731868	1.2966
3.36055552	1.3414
3.31045035	1.3938
3.28381317	1.4486
3.29620226	1.4867
3.34640605	1.4891
3.4092723	1.4598
3.45929338	1.4188
3.48498779	1.377
3.48894928	1.3509
3.46632672	1.3605
3.40455169	1.3968
3.32698092	1.4477
3.25585805	1.5033
3.22481148	1.5332
3.22130813	1.5346
3.23816406	1.5073
3.26511027	1.4665
3.30315599	1.4167
3.34496834	1.382
3.40036834	1.3626
3.44222916	1.3497
3.45781891	1.3629
3.44014187	1.3891
3.40814165	1.4486
3.39021232	1.5144
3.38647533	1.5508
3.38395813	1.5432
3.3859069	1.4994
3.39782052	1.4435
3.4283786	1.3892
3.47430678	1.3409
3.51980853	1.3108
3.52698173	1.2921
3.48959673	1.3097
3.43347559	1.3632
3.39068662	1.4335
3.36110513	1.4958
3.33787455	1.5243
3.32809523	1.5115
3.34299257	1.4705
3.37671362	1.4235
3.42321146	1.3901
3.46035121	1.3586
3.48363054	1.3141
3.45865046	1.2951
3.41344827	1.3096
3.37971308	1.3527
3.36556674	1.3987
3.35136835	1.4105
3.3297315	1.3901
3.29244787	1.3648
3.25590373	1.3469
3.22241518	1.3334
3.2057657	1.3264
3.21320182	1.3166
3.23601068	1.3111
3.2676439	1.3173
3.29097071	1.3358
3.30544421	1.3377
3.31967826	1.3203
3.34150781	1.2961
3.36486015	1.2699
3.37353528	1.2537
3.36288649	1.2695
3.35097793	1.297
3.35240973	1.3492
3.36216075	1.4059
3.3734575	1.4355
3.37779096	1.4405
3.38263405	1.4235
3.37752738	1.3924
3.37157658	1.3341
3.36279958	1.2604
3.37243532	1.169
3.38938927	1.0934
3.39688634	1.0654
3.36317935	1.0784
3.31807169	1.1466
3.29171409	1.2441
3.27712239	1.3439
3.25620165	1.4079
3.22728142	1.4485
3.21885404	1.4574
3.24285978	1.4377
3.29674321	1.3813
3.36429475	1.273
3.43089128	1.1617
3.46404283	1.0976
3.45293946	1.1002
3.40933369	1.1622
3.34080172	1.243
3.26604225	1.3079
3.21067516	1.3517
3.19205841	1.3758
3.20834854	1.3858
3.24709811	1.3664
3.31038014	1.3037
3.3845064	1.2288
3.44690691	1.1867
3.45117456	1.2083
3.4222065	1.284
3.38695933	1.3785
3.3574617	1.4535
3.33499117	1.5106
3.32809687	1.5512
3.33541776	1.559
3.35659812	1.5186
3.4106695	1.4445
3.49207805	1.3626
3.55478121	1.3128
3.56310352	1.2897
3.54833637	1.2895
3.53358528	1.3062
3.5165797	1.3265
3.47835017	1.3514
3.4331954	1.377
3.41117753	1.3793
3.42494561	1.3514
3.46049612	1.3137
3.47929295	1.3036
3.48640249	1.3114
3.48877638	1.3404
3.49085267	1.3559
3.48408853	1.3552
3.44393044	1.3575
3.39874603	1.367
3.37934045	1.3843
3.38480642	1.3739
3.39238852	1.3293
3.39717398	1.2701
3.38921758	1.2397
3.37535933	1.2595
3.36802469	1.3104
3.35525437	1.3765
3.34004096	1.4416
3.33042818	1.5044
3.33116071	1.5555
3.35207871	1.5903
3.38590149	1.5916
3.42036318	1.5547
3.44882605	1.4942
3.47628899	1.4298
3.50123131	1.3843
3.51557677	1.3595
3.49014234	1.3504
3.44886513	1.356
3.41175047	1.378
3.3937921	1.3983
3.39231487	1.4139
3.39252769	1.4195
3.39073694	1.4205
3.41208324	1.4048
3.45241811	1.3848
3.48577976	1.3657
3.49674429	1.3634
3.47533029	1.3782
3.45075123	1.4143
3.42650187	1.4406
3.41007003	1.4445
3.40962995	1.4432
3.41780193	1.432
3.43052088	1.4019
3.44837228	1.346
3.46998671	1.2769
3.48628365	1.2452
3.48024616	1.2663
3.44278678	1.3344
3.40698236	1.4113
3.37592696	1.4696
3.35243771	1.5039
3.33709003	1.5065
3.33105452	1.4744
3.34968298	1.4096
3.40467331	1.3266
3.47803083	1.2516
3.5281984	1.1926
3.52445228	1.1764
3.51807651	1.2125
3.52725974	1.2971
3.51436189	1.4031
3.48502289	1.4898
3.4601051	1.5363
3.45840135	1.5373
3.48339002	1.5066
3.52931113	1.4537
3.57408983	1.372
3.59131311	1.2805
3.58901373	1.2078
3.58026498	1.1769
3.56157914	1.1922
3.52720143	1.2446
3.48193574	1.3132
3.44600098	1.3703
3.41774781	1.4208
3.41382827	1.4481
3.44432333	1.4505
3.50029398	1.4279
3.57363009	1.3646
3.6391286	1.3029
3.69619876	1.2511
3.7385449	1.2388
3.73701951	1.2598
3.68414316	1.3139
3.60031886	1.3795
3.5339525	1.4517
3.48634247	1.5135
3.4511276	1.5437
3.4185118	1.5315
3.40150515	1.494
3.39527923	1.4541
3.39896508	1.4238
3.41658307	1.3931
3.44228541	1.3548
3.48558937	1.3169
3.54617225	1.2717
3.60049572	1.2428
3.64200912	1.2322
3.67481577	1.2215
3.67394733	1.2275
3.62595917	1.2425
3.54147096	1.2924
3.4577439	1.3363
3.3984961	1.3688
3.36334191	1.3865
3.35271774	1.3841
3.36178016	1.3543
3.38079232	1.3013
3.40844789	1.2377
3.44684889	1.1805
3.49437073	1.1537
3.53894577	1.1496
3.55116227	1.176
3.52973448	1.238
3.49531524	1.3201
3.4664965	1.3813
3.4408234	1.4266
3.4179119	1.4435
3.39938176	1.448
3.39766155	1.4156
3.42161017	1.3585
3.47378283	1.2907
3.5320582	1.2388
3.57764728	1.2008
3.59686037	1.1724
3.58385953	1.1632
3.54746112	1.1852
3.50422826	1.2288
3.4563535	1.2923
3.41892715	1.3503
3.40685972	1.3821
3.43041924	1.3968
3.48388243	1.3989
3.55641105	1.3803
3.63576548	1.3286
3.71793002	1.2723
3.80488915	1.2266
3.85636372	1.2091
3.86267143	1.2088
3.79801309	1.2247
3.69230479	1.2562
3.58024827	1.3107
3.50841542	1.3603
3.4606644	1.3909
3.43371319	1.3974
3.42856662	1.3973
3.45399447	1.3922
3.4958957	1.3914
3.54139868	1.3786
3.56233675	1.372
3.56126613	1.3788
3.53153699	1.4073
3.49462675	1.4296
3.4792809	1.4121
3.4868795	1.3669
3.50245993	1.3265
3.52421656	1.2908
3.5466782	1.2637
3.56679039	1.2508
3.58411357	1.2505
3.58242707	1.2796
3.54777339	1.3342
3.5061045	1.3961
3.48008578	1.4406
3.47619753	1.4494
3.49058971	1.4291
3.52055935	1.3851
3.56183924	1.3192
3.59132492	1.255
3.60550732	1.1981
3.60453822	1.165
3.59694087	1.1623
3.58095683	1.196
3.56052644	1.2445
3.53518846	1.3
3.51432665	1.337
3.50552454	1.3527
3.51754513	1.3398
3.53992354	1.3141
3.56153847	1.259
3.57029154	1.1811
3.55481379	1.124
3.53440885	1.1128
3.51480277	1.1402
3.50115824	1.1936
3.47565268	1.2472
3.44971631	1.3042
3.42126592	1.3464
3.40370493	1.3784
3.40669388	1.391
3.4068658	1.3899
3.40749139	1.379
3.40724792	1.3718
3.40979659	1.3638
3.41722076	1.3537
3.4366641	1.3402
3.45018218	1.3297
3.44786815	1.3139
3.43886204	1.3011
3.44838057	1.3067
3.47096166	1.3167
3.48669493	1.3477
3.48013836	1.3864
3.44761563	1.4279
3.41189897	1.4649
3.37640544	1.4794
3.35388579	1.4688
3.34170677	1.4324
3.33983033	1.3745
3.35045188	1.3217
3.38485651	1.2813
3.43913161	1.2399
3.4719601	1.2164
3.48098259	1.2133
3.47955381	1.2437
3.45807252	1.3147
3.42943169	1.3899
3.40098859	1.4475
3.39116394	1.4804
3.40390826	1.4796
3.43537674	1.4615
3.47506438	1.4185
3.5178787	1.3458
3.5600178	1.2706
3.5889194	1.2146
3.59608911	1.21
3.59581561	1.2354
3.58832958	1.2775
3.57985085	1.321
3.56309715	1.3541
3.52578837	1.3747
3.48081445	1.3599
3.43326293	1.3199
3.38256614	1.271
3.33802225	1.2216
3.3039102	1.1858
3.29463856	1.17
3.30274512	1.1752
3.31055513	1.1874
3.31898224	1.1958
3.32719792	1.1891
3.3576107	1.1831
3.3940285	1.1909
3.42349955	1.2291
3.44467739	1.2789
3.45146824	1.331
3.4668429	1.38
3.4836743	1.4151
3.47734386	1.4299
3.45120844	1.4317
3.43139237	1.4152
3.4491229	1.3866
3.50062872	1.3588
3.55273364	1.3315
3.59159969	1.2936
3.61825566	1.2507
3.6463109	1.2192
3.64930177	1.2159
3.61589064	1.2305
3.56144354	1.2651
3.512785	1.2874
3.49287754	1.3082
3.50188812	1.3144
3.54556402	1.305
3.60408309	1.2786
3.67994692	1.2408
3.76307688	1.193
3.80751096	1.1393
3.81353687	1.0881
3.79056979	1.067
3.74145497	1.077
3.67058379	1.1265
3.57599581	1.1768
3.46283542	1.1995
3.37989619	1.2143
3.34478204	1.2197
3.3616794	1.2198
3.39886157	1.2274
3.43659954	1.236
3.47526832	1.2423
3.53259537	1.2397
3.60029462	1.225
3.66856214	1.208
3.70204462	1.1971
3.69798865	1.1961
3.65641144	1.2124
3.62037277	1.2107
3.61809279	1.2138
3.63880387	1.2293
3.64475733	1.2498
3.62144757	1.2777
3.59039449	1.2918
3.55827425	1.3016
3.54721789	1.3059
3.56474435	1.3112
3.58134541	1.3133
3.59318652	1.3072
3.60380624	1.2905
3.61310294	1.2651
3.61885177	1.2421
3.62085107	1.2229
3.60363033	1.2319
3.57401461	1.2559
3.53041425	1.3043
3.49649611	1.3514
3.4727879	1.3942
3.47650936	1.4246
3.51738641	1.4355
3.59144033	1.4249
3.65894919	1.3981
3.68844035	1.3553
3.67867237	1.2981
3.65900534	1.2409
3.63302924	1.2161
3.5873497	1.2221
3.52794171	1.2457
3.46689396	1.2733
3.44302827	1.3017
3.4524213	1.3279
3.48174687	1.3468
3.51686681	1.3463
3.5468521	1.3272
3.56220867	1.3063
3.58048628	1.2905
3.60019168	1.2749
3.61547576	1.2469
3.58959432	1.2062
3.54688601	1.1752
3.50659366	1.1555
3.47953723	1.1508
3.47350929	1.1567
3.49391407	1.1719
3.54467113	1.1968
3.59397376	1.2295
3.64020518	1.2567
3.67684211	1.2811
3.68775242	1.2925
3.67553965	1.2838
3.66744495	1.2653
3.66827654	1.2519
3.65645989	1.2532
3.62546263	1.2727
3.5915285	1.2935
3.5763398	1.3129
3.59171646	1.326
3.62887291	1.3325
3.66040276	1.3295
3.67402702	1.3124
3.65775804	1.2917
3.64871353	1.2678
3.6497379	1.2543
3.65516928	1.259
3.64002836	1.2765
3.59277943	1.3035
3.55071638	1.2978
3.54258281	1.3014
3.55911239	1.3105
3.581214	1.3288
3.5911912	1.3393
3.59148301	1.3366
3.60150969	1.3207
3.63123384	1.308
3.64484745	1.3105
3.62800016	1.3197
3.57561842	1.3157
3.51540918	1.3038
3.49142675	1.2678
3.50673345	1.2439
3.54256824	1.2281
3.56623917	1.2237
3.56490741	1.2156
3.56435682	1.2151
3.58615296	1.2348
3.6184728	1.2804
3.61172891	1.3438
3.56648175	1.3914
3.51715114	1.4039
3.48277743	1.3886
3.45812422	1.3699
3.45798918	1.3387
3.47592984	1.3041
3.50635288	1.2666
3.55221018	1.2339
3.59451989	1.2177
3.61652025	1.2192
3.62527388	1.2385
3.63082054	1.2832
3.64133902	1.3406
3.62961631	1.3712
3.58193478	1.3759
3.52344051	1.3626
3.48615203	1.3497
3.5034459	1.3215
3.55011386	1.2856
3.58063015	1.246
3.58359785	1.218
3.59441368	1.2147
3.62766858	1.2339
3.68072634	1.2523
3.72067558	1.2533
3.74162276	1.2535
3.73860474	1.2526
3.72379931	1.2701
3.70763101	1.2982
3.70231409	1.3356
3.69886892	1.378
3.67820958	1.4119
3.63671623	1.4313
3.59250733	1.4292
3.56647213	1.4147
3.5646787	1.3854
3.59302255	1.3482
3.62711932	1.3165
3.65772845	1.2951
3.66020711	1.2864
3.62636602	1.2802
3.57142954	1.289
3.51470082	1.322
3.49368585	1.3639
3.51774311	1.3878
3.57084839	1.4018
3.62153453	1.3971
3.66131775	1.3825
3.70838747	1.3704
3.78078119	1.3614
3.83451881	1.362
3.83910425	1.3614
3.78994866	1.3621
3.71625602	1.3708
3.64799812	1.3815
3.59995139	1.3905
3.57334229	1.3886
3.57112133	1.3689
3.57316094	1.3444
3.5810029	1.3331
3.60087702	1.3175
3.61859966	1.3119
3.63045694	1.3132
3.62951187	1.3256
3.61064323	1.3555
3.58258716	1.3967
3.54768995	1.4098
3.50408401	1.415
3.46417379	1.4155
3.43903585	1.4196
3.43419275	1.4177
3.43740987	1.3921
3.42851414	1.3422
3.40483245	1.2894
3.39282128	1.2598
3.4051439	1.2358
3.45509712	1.2001
3.51704691	1.1813
3.55804957	1.1841
3.56447398	1.2246
3.56164131	1.275
3.57156558	1.3148
3.56609633	1.3386
3.53535551	1.3534
3.48639728	1.3809
3.45550446	1.4025
3.45656851	1.3881
3.47961109	1.359
3.51117852	1.3291
3.54766975	1.2942
3.58931277	1.2595
3.62274895	1.2286
3.63776302	1.2027
3.63502169	1.1911
3.61402991	1.2012
3.59475962	1.2318
3.556656	1.2848
3.51960218	1.344
3.49878132	1.3957
3.49515131	1.4429
3.4954923	1.4787
3.50624129	1.484
3.52918376	1.4576
3.57379621	1.4118
3.61392427	1.3614
3.6376323	1.3152
3.63079444	1.2836
3.60564672	1.2764
3.5738341	1.2737
3.54080506	1.2941
3.49632903	1.3254
3.45125335	1.3646
3.42153473	1.415
3.43199533	1.466
3.47032869	1.5022
3.52562437	1.5018
3.58324796	1.4709
3.63646517	1.4221
3.6539788	1.3718
3.63548477	1.3253
3.57784517	1.2966
3.50844863	1.2803
3.44128689	1.2749
3.38506151	1.2887
3.35260123	1.3108
3.36631825	1.3105
3.39909365	1.2957
3.43719811	1.2678
3.47350964	1.2516
3.49862096	1.2411
3.50999875	1.2453
3.50840347	1.2571
3.49238047	1.2825
3.45916818	1.3147
3.42403331	1.3384
3.40880101	1.3449
3.41944898	1.3267
3.45473745	1.288
3.49991224	1.2537
3.56166159	1.2257
3.62379846	1.2115
3.66405683	1.2006
3.65318168	1.1992
3.57443811	1.2312
3.4626437	1.2888
3.37702944	1.3437
3.32499013	1.3811
3.31122628	1.3962
3.32660908	1.4014
3.36404655	1.3984
3.42890739	1.3791
3.51229537	1.351
3.58575421	1.3167
3.61171677	1.3162
3.58856223	1.3497
3.52863333	1.4249
3.46018043	1.4858
3.40270591	1.5331
3.3619194	1.5683
3.33639376	1.5921
3.31207338	1.5957
3.28720728	1.57
3.26819688	1.5249
3.26730308	1.4965
3.29777732	1.4923
3.34173728	1.5032
3.36103142	1.5134
3.35044801	1.5249
3.32811693	1.543
3.31783281	1.5647
3.32986079	1.5656
3.35860845	1.5337
3.3920083	1.4824
3.42736961	1.4289
3.44518955	1.3902
3.43653439	1.373
3.42931514	1.3745
3.43804769	1.3882
3.4348322	1.401
3.40829198	1.4041
3.37527495	1.4043
3.36376086	1.3928
3.37456385	1.3529
3.41903218	1.2849
3.48535834	1.2287
3.54225206	1.2021
3.54883035	1.2067
3.51318591	1.2314
3.45160049	1.2764
3.38148786	1.3309
3.34551896	1.3806
3.35535977	1.403
3.40619629	1.3938
3.4880187	1.3589
3.56372225	1.3166
3.61254654	1.2751
3.6219264	1.2524
3.61182233	1.2533
3.56918622	1.2899
3.48473361	1.3385
3.38435983	1.4105
3.32005063	1.4758
3.3038762	1.5128
3.31734306	1.5098
3.35332484	1.4729
3.40870997	1.4069
3.47552159	1.332
3.54859917	1.2755
3.60594896	1.2569
3.61255918	1.2747
3.56180797	1.3256
3.48546713	1.3851
3.41604715	1.4421
3.38319021	1.4649
3.36416647	1.4662
3.36691796	1.4398
3.3926074	1.4008
3.45254014	1.3514
3.54706146	1.3082
3.6322705	1.2866
3.6527412	1.2975
3.61185908	1.3434
3.54211467	1.3908
3.47776731	1.4221
3.42048343	1.4357
3.3691585	1.4445
3.33314913	1.4446
3.3128971	1.4383
3.32925875	1.4326
3.37023884	1.4321
3.41492715	1.4392
3.44500827	1.4552
3.45823093	1.4813
3.47690691	1.5052
3.51091475	1.5199
3.52682418	1.5175
3.5071862	1.4984
3.47266023	1.4719
3.446299	1.453
3.44806476	1.4361
3.45809549	1.431
3.45367631	1.4281
3.42275439	1.4451
3.38151833	1.4695
3.35892931	1.4768
3.36040205	1.4712
3.384005	1.4305
3.41054291	1.3637
3.43228048	1.2949
3.44887194	1.2311
3.46160129	1.1848
3.47526327	1.1636
3.47684479	1.1785
3.46543769	1.2288
3.44957559	1.2988
3.4472553	1.3662
3.44975856	1.4158
3.46715322	1.4218
3.48929639	1.3921
3.51180088	1.3381
3.54265629	1.2737
3.57496423	1.2126
3.60590343	1.1723
3.61039981	1.1547
3.55962889	1.1653
3.4718704	1.2143
3.40624002	1.2846
3.37199523	1.3615
3.35832818	1.4158
3.36398402	1.4327
3.38445477	1.4261
3.42890402	1.3984
3.50034332	1.3572
3.57583607	1.3105
3.62724949	1.2675
3.62343627	1.252
3.57533316	1.2571
3.5038089	1.2879
3.41673642	1.3195
3.34833456	1.3598
3.3146713	1.3957
3.32239513	1.4168
3.34814146	1.4201
3.37820513	1.4083
3.41741861	1.3904
3.46951737	1.3769
3.51367318	1.3706
3.54483144	1.3587
3.55951675	1.3343
3.56077183	1.3131
3.56097103	1.309
3.56409716	1.3215
3.56531614	1.3315
3.56737423	1.3243
3.56776315	1.3052
3.55840676	1.3024
3.56006767	1.3247
3.56965555	1.3279
3.55386742	1.3296
3.53262864	1.312
3.49803114	1.2925
3.46850516	1.2756
3.44851166	1.264
3.44462159	1.2425
3.4446918	1.2194
3.45594162	1.1871
3.47823036	1.1749
3.51541423	1.1647
3.54602267	1.153
3.54408147	1.15
3.52817438	1.1649
3.52927033	1.187
3.56841884	1.2145
3.60649055	1.2443
3.62244274	1.2698
3.60024613	1.2894
3.56524774	1.2892
3.54470562	1.2863
3.53132302	1.2813
3.50782358	1.2711
3.47138918	1.2658
3.44018135	1.2716
3.43820339	1.2864
3.46020447	1.3084
3.48586048	1.3255
3.48645598	1.3437
3.4707382	1.3517
3.46294626	1.3534
3.46641093	1.3425
3.45742241	1.3457
3.43492193	1.3583
3.41201344	1.3797
3.39618212	1.3929
3.40335763	1.4115
3.42807094	1.4206
3.47674261	1.4204
3.53984905	1.4285
3.59397757	1.4305
3.61986807	1.4214
3.61229265	1.3947
3.57615311	1.3752
3.53217217	1.3694
3.48956789	1.3816
3.464944	1.3882
3.45314761	1.3899
3.46115079	1.3886
3.49121165	1.3895
3.54467765	1.3818
3.61838137	1.3465
3.68280604	1.2978
3.72285434	1.2566
3.7362868	1.2396
3.72493818	1.2381
3.66516181	1.2616
3.57613167	1.3016
3.4879062	1.3364
3.41445227	1.3745
3.36883219	1.3936
3.36145624	1.3949
3.38609159	1.3732
3.44390732	1.3247
3.52368078	1.2641
3.6040869	1.2069
3.66780953	1.162
3.71012398	1.1288
3.7142634	1.1255
3.67877252	1.1669
3.61026811	1.233
3.5438919	1.2987
3.49069088	1.3599
3.43779161	1.3962
3.39462007	1.4168
3.36954451	1.4298
3.37662473	1.4163
3.41366616	1.3907
3.47271795	1.3403
3.53520466	1.2758
3.60704125	1.2145
3.66023911	1.1677
3.68085922	1.1577
3.66315278	1.1656
3.59326998	1.1828
3.51371286	1.2207
3.45340387	1.2802
3.41287061	1.3272
3.38645783	1.3749
3.38714031	1.3973
3.40246302	1.3903
3.43052254	1.3671
3.4553132	1.3309
3.46090897	1.2965
3.46129555	1.2667
3.44313856	1.2446
3.4190631	1.2315
3.39132871	1.2296
3.36877086	1.2361
3.3605724	1.2593
3.38406359	1.2829
3.42919954	1.2928
3.4617333	1.307
3.46430975	1.3432
3.45213573	1.4041
3.44201068	1.4567
3.44244113	1.4848
3.44255987	1.4909
3.45048426	1.4819
3.47629997	1.4542
3.51749117	1.4121
3.55681717	1.3599
3.5758316	1.3108
3.57573352	1.2946
3.5676183	1.3134
3.54943921	1.3658
3.51039324	1.4218
3.45734243	1.4756
3.41469271	1.5138
3.40005229	1.532
3.41112137	1.531
3.43874633	1.505
3.47052663	1.4405
3.50368816	1.3666
3.53755712	1.2944
3.5695752	1.2432
3.58804423	1.2376
3.57425721	1.2733
3.51829619	1.3341
3.45533482	1.382
3.42932347	1.4055
3.44072263	1.4014
3.47367879	1.386
3.51868417	1.3679
3.55303017	1.3444
3.57593919	1.3061
3.59707349	1.2523
3.59616302	1.2137
3.54639865	1.2061
3.46734126	1.2257
3.40051973	1.2566
3.37764834	1.288
3.4099049	1.2914
3.46688739	1.2865
3.51818697	1.2797
3.54021791	1.2668
3.55353454	1.2436
3.56993154	1.2138
3.57707164	1.1778
3.55469732	1.1668
3.51767257	1.1756
3.49288473	1.1852
3.48714148	1.1977
3.48605822	1.1938
3.48344165	1.1832
3.48876616	1.1689
3.51071394	1.1691
3.52770586	1.1832
3.51306377	1.2151
3.48340772	1.2417
3.46328551	1.2729
3.47157406	1.2947
3.48115259	1.3017
3.47507266	1.2915
3.46725005	1.2758
3.46618363	1.2397
3.49133917	1.204
3.55317591	1.1735
3.59884231	1.1717
3.6139698	1.185
3.60917721	1.2237
3.60652457	1.2859
3.59593009	1.3571
3.5758717	1.3999
3.54063587	1.4152
3.50455675	1.4356
3.46631111	1.4493
3.43597334	1.4311
3.42214887	1.3743
3.43122633	1.3136
3.45095843	1.2698
3.46279474	1.2476
3.49262093	1.2379
3.52756075	1.2447
3.56524905	1.278
3.57985336	1.3437
3.55185979	1.4153
3.50429384	1.4991
3.45171646	1.5527
3.41577832	1.5707
3.39903838	1.5701
3.40419704	1.5474
3.42222488	1.5066
3.46305557	1.4379
3.53404064	1.3689
3.62439812	1.3343
3.68687733	1.3346
3.69850154	1.3396
3.65976839	1.3481
3.60140686	1.3578
3.52503882	1.39
3.45030695	1.4352
3.38781662	1.4695
3.35887415	1.4589
3.3593147	1.4236
3.38124376	1.3852
3.40016733	1.3655
3.408918	1.3543
3.41658962	1.337
3.42367088	1.3158
3.42675694	1.3035
3.42603783	1.3103
3.42474059	1.325
3.42836277	1.3258
3.4369771	1.3092
3.44370189	1.2892
3.44963595	1.2829
3.4635318	1.283
3.47449641	1.2786
3.47087551	1.2679
3.46856988	1.2556
3.47093696	1.2643
3.49464598	1.2735
3.51710159	1.2715
3.52435179	1.2593
3.52843306	1.2565
3.53159425	1.2743
3.52704938	1.285
3.49718645	1.2883
3.45048074	1.2844
3.40421805	1.283
3.36945409	1.2932
3.34027981	1.3131
3.31604186	1.3144
3.31184105	1.3018
3.33643101	1.2833
3.40955155	1.2703
3.49548464	1.2758
3.54844745	1.2919
3.5591044	1.3044
3.54272419	1.3151
3.5181366	1.3378
3.48811503	1.3637
3.4452653	1.3931
3.39679309	1.4105
3.36322907	1.3976
3.37019014	1.367
3.41921252	1.329
3.47880337	1.3089
3.52139567	1.2973
3.53523248	1.2887
3.54220027	1.2799
3.56533763	1.2761
3.5769726	1.3004
3.55839614	1.3395
3.52048881	1.3742
3.49026275	1.3915
3.48127613	1.3915
3.4791776	1.3978
3.46859483	1.3895
3.43385589	1.381
3.38800926	1.3766
3.35478294	1.3728
3.34966272	1.3817
3.3559557	1.3938
3.36338825	1.405
3.38611506	1.3928
3.43090053	1.3904
3.49577799	1.3747
3.56141589	1.3681
3.59213267	1.3671
3.59401682	1.3489
3.5687006	1.3401
3.52366156	1.3465
3.47015236	1.371
3.40319759	1.4046
3.35236555	1.4264
3.32733717	1.4296
3.34020725	1.4202
3.37809684	1.4028
3.42204243	1.3749
3.4707688	1.3228
3.52642646	1.2623
3.58915172	1.2332
3.63008578	1.231
3.61753498	1.2505
3.5614132	1.2692
3.50421395	1.2878
3.49364796	1.3095
3.52350893	1.3366
3.56650738	1.3562
3.58874052	1.3636
3.60509603	1.3384
3.62943244	1.2925
3.67611832	1.2638
3.71561719	1.2492
3.70958035	1.241
3.6515097	1.2375
3.56926805	1.237
3.50732298	1.2577
3.48536526	1.2836
3.46903165	1.3226
3.46946326	1.3448
3.47098017	1.3627
3.48814199	1.3771
3.51082095	1.3937
3.5271684	1.3963
3.53246512	1.3964
3.54504592	1.3833
3.55918206	1.3601
3.57635947	1.3275
3.59712928	1.3008
3.61062791	1.2904
3.60237162	1.2834
3.56999442	1.2705
3.52826465	1.2594
3.48681457	1.2679
3.46094203	1.3021
3.44002739	1.3502
3.41314773	1.3992
3.38964683	1.4364
3.38914922	1.4559
3.41845454	1.4449
3.48123015	1.3938
3.55139066	1.317
3.58878946	1.2421
3.58233948	1.1863
3.55897711	1.1712
3.55623208	1.1925
3.53533714	1.2403
3.47747619	1.3355
3.41523744	1.4295
3.39115437	1.4931
3.40108407	1.524
3.44046893	1.5206
3.48892028	1.48
3.51731038	1.4135
3.52212077	1.34
3.52332864	1.2881
3.52791901	1.2681
3.51163457	1.2734
3.47424806	1.2993
3.43229896	1.3342
3.41383499	1.3644
3.41482943	1.3822
3.43870534	1.3802
3.49096323	1.3574
3.5466675	1.3367
3.60097389	1.3217
3.63283228	1.3155
3.60885053	1.3106
3.55792312	1.2993
3.52500977	1.2909
3.52153333	1.3022
3.52354851	1.3188
3.52879617	1.3287
3.52025448	1.3136
3.51670324	1.2715
3.541791	1.2253
3.58807636	1.202
3.62453141	1.1995
3.60841341	1.2149
3.56893475	1.2369
3.52932596	1.2725
3.49054553	1.3066
3.45527599	1.3277
3.43113864	1.3333
3.41482483	1.3186
3.40962233	1.2855
3.43051435	1.2578
3.47742852	1.2329
3.52246851	1.2315
3.54577446	1.2481
3.53960106	1.281
3.51126614	1.3077
3.46448404	1.3414
3.3954807	1.3749
3.3255633	1.3934
3.26999122	1.3818
3.2436838	1.3483
3.25656605	1.2929
3.30345957	1.2402
3.37951492	1.1922
3.47945531	1.1611
3.59007409	1.1534
3.67401008	1.1637
3.69065792	1.1851
3.63685785	1.2201
3.56070658	1.2575
3.49484407	1.2897
3.46608851	1.3008
3.46924955	1.2893
3.49004981	1.2589
3.51774715	1.2201
3.55057866	1.2103
3.57569473	1.2236
3.58586601	1.2595
3.56342508	1.2983
3.51872595	1.3257
3.46861546	1.3526
3.44038872	1.361
3.42578515	1.3633
3.42253866	1.3558
3.42728978	1.324
3.43647526	1.2805
3.44548459	1.2457
3.45121726	1.2337
3.44472755	1.2438
3.44293864	1.2619
3.45772028	1.2767
3.48974244	1.287
3.53063625	1.2742
3.57633593	1.2537
3.63406508	1.231
3.68482823	1.2094
3.69984391	1.199
3.66233944	1.1905
3.57983423	1.1826
3.49119453	1.1883
3.42301542	1.2116
3.37893672	1.237
3.34967371	1.2549
3.34308401	1.256
3.37019951	1.2548
3.45083089	1.2403
3.56995625	1.2225
3.67513344	1.1817
3.71238543	1.1458
3.67793269	1.1139
3.59820476	1.0894
3.52700886	1.0694
3.47531784	1.0677
3.44320859	1.077
3.42333299	1.1035
3.42673841	1.1464
3.4452871	1.1893
3.46070877	1.2189
3.46527045	1.234
3.46802927	1.2439
3.46467939	1.251
3.46083095	1.2489
3.45512538	1.2338
3.45502157	1.2219
3.45577778	1.2229
3.44884429	1.2328
3.45086753	1.2212
3.4610753	1.1962
3.47924431	1.171
3.49441769	1.1607
3.50977891	1.1676
3.52316246	1.1689
3.53907999	1.1629
3.56351784	1.1557
3.57506628	1.1598
3.57129272	1.1592
3.53751973	1.1675
3.49116766	1.1665
3.43682011	1.1669
3.407694	1.1584
3.38996378	1.1602
3.38653367	1.1653
3.38741443	1.1737
3.40477343	1.1875
3.44575883	1.1967
3.49238091	1.2065
3.53580392	1.21
3.57435321	1.2021
3.62668691	1.1815
3.6759789	1.1603
3.69359685	1.1369
3.69564984	1.1249
3.6897722	1.1284
3.68184521	1.1157
3.66551331	1.0942
3.63980228	1.0968
3.61718177	1.1279
3.59435452	1.182
3.57472409	1.2072
3.56749396	1.1969
3.57245296	1.1655
3.58235249	1.1446
3.58397225	1.1127
3.58293409	1.0599
3.57534086	1.0023
3.54614236	0.9697
3.50430155	0.9737
3.48520979	0.9968
3.48495898	1.0334
3.48666225	1.0697
3.47539773	1.1176
3.47009809	1.164
3.47122777	1.2133
3.48254794	1.2504
3.49148932	1.2671
3.49778853	1.2582
3.50716516	1.2193
3.52396077	1.1586
3.54194911	1.0944
3.55647121	1.0312
3.56406457	0.9736
3.57724354	0.9215
3.59556446	0.8889
3.63194137	0.8751
3.65300973	0.8943
3.6426096	0.9408
3.60638243	0.9902
3.57780529	1.0318
3.54803374	1.0827
3.5040807	1.1437
3.45708471	1.1824
3.42627066	1.1973
3.43514212	1.1793
3.49548364	1.1354
3.57368442	1.0866
3.61419474	1.0392
3.61954553	1.009
3.62896323	1.005
3.63274524	1.0209
3.59743626	1.0555
3.53704836	1.0954
3.49357271	1.1199
3.48245303	1.1344
3.49909399	1.1426
3.51090626	1.154
3.50827192	1.1699
3.49299372	1.1974
3.47548726	1.2372
3.46681304	1.2799
3.45867939	1.3251
3.45134024	1.36
3.45100914	1.3814
3.46305404	1.3722
3.49276031	1.3501
3.54305523	1.3128
3.59366953	1.2671
3.62639057	1.2075
3.64525519	1.1711
3.66759157	1.1553
3.69510051	1.1565
3.70135583	1.1765
3.68668162	1.1995
3.66530169	1.2144
3.65088857	1.2241
3.65148733	1.2298
3.67268354	1.2433
3.69492373	1.2463
3.72210456	1.2103
3.76064975	1.1661
3.8100254	1.1354
3.83634771	1.1283
3.83046735	1.1351
3.79528661	1.1273
3.74675592	1.1238
3.71277818	1.1249
3.69550094	1.1307
3.6980362	1.1422
3.7166435	1.1528
3.72553218	1.1647
3.70804709	1.1867
3.67866293	1.2074
3.66239441	1.2384
3.63683857	1.2858
3.60130731	1.3286
3.54760563	1.3646
3.49614041	1.3739
3.46003548	1.3534
3.4638375	1.3068
3.50992734	1.2395
3.57407452	1.1629
3.63550498	1.0994
3.70647013	1.0568
3.78977155	1.0607
3.83669853	1.1204
3.8046125	1.2106
3.72261114	1.2962
3.63360808	1.3539
3.57390115	1.3779
3.5522528	1.3651
3.56869028	1.3152
3.59615164	1.2432
3.64748951	1.1506
3.73523842	1.0758
3.83204784	1.039
3.8639928	1.039
3.79320626	1.0516
3.65816748	1.0783
3.52889693	1.1152
3.45155698	1.1682
3.42143581	1.2254
3.41343967	1.2635
3.43490066	1.2703
3.4872886	1.2396
3.57568688	1.1909
3.6727676	1.1611
3.72601134	1.1488
3.70398419	1.157
3.62148264	1.1826
3.53062126	1.2303
3.46904826	1.2861
3.42780462	1.3358
3.40913943	1.3763
3.41937831	1.3632
3.46962512	1.3281
3.55813958	1.2665
3.62655115	1.2064
3.65122793	1.1722
3.64083594	1.1758
3.59505771	1.2056
3.54361163	1.2581
3.49594648	1.3126
3.47391661	1.3626
3.47078803	1.3952
3.48757099	1.4091
3.52053217	1.4196
3.57834367	1.4136
3.63459539	1.4131
3.66278303	1.4087
3.65855608	1.3858
3.63838744	1.3511
3.635119	1.3141
3.64204944	1.294
3.64346899	1.2789
3.62804829	1.255
3.59416823	1.2348
3.5718681	1.2265
3.56544835	1.2343
3.55127011	1.2468
3.51880237	1.2753
3.49399442	1.2923
3.48007613	1.3207
3.47169769	1.3584
3.48368054	1.3657
3.52127957	1.3586
3.54730004	1.3151
3.54672051	1.2664
3.53930998	1.2349
3.53222392	1.2178
3.52813214	1.2011
3.53713652	1.1825
3.54716852	1.1815
3.55934937	1.1947
3.55843002	1.2145
3.55174663	1.2277
3.55334754	1.238
3.55513184	1.2357
3.55659925	1.2363
3.55526036	1.2254
3.57697723	1.2323
3.6125767	1.2503
3.62486255	1.2462
3.62176318	1.241
3.6028733	1.2403
3.59126638	1.2519
3.58604354	1.2659
3.59103351	1.2837
3.59130093	1.2923
3.5803305	1.2985
3.56463306	1.307
3.54901878	1.3078
3.53804607	1.2917
3.53396825	1.2726
3.55382258	1.2505
3.58005156	1.2446
3.59215884	1.256
3.57630452	1.2761
3.55413335	1.29
3.54805021	1.292
3.55052557	1.291
3.55047138	1.2892
3.54682188	1.2666
3.56420822	1.2164
3.62004321	1.1702
3.68206695	1.1523
3.69487525	1.1556
3.63674747	1.1832
3.56174676	1.2201
3.51171701	1.2607
3.47219782	1.3058
3.4480897	1.3378
3.44011469	1.3488
3.46883042	1.3306
3.54236524	1.281
3.6563181	1.2153
3.755937	1.1743
3.81744064	1.1544
3.82170544	1.1526
3.76045857	1.1745
3.66169963	1.2078
3.57760283	1.2468
3.53781837	1.2956
3.52708041	1.3186
3.53567168	1.3094
3.55186319	1.2789
3.57606927	1.2391
3.61128552	1.2031
3.63808503	1.1713
3.64763119	1.1518
3.63541445	1.1328
3.60300743	1.1415
3.58116805	1.1593
3.56808737	1.1708
3.58341566	1.1625
3.62121991	1.1347
3.68265462	1.0989
3.74634447	1.0777
3.77940846	1.0726
3.78726302	1.0831
3.77126367	1.1021
3.72888211	1.1371
3.67628499	1.1634
3.64061969	1.1829
3.62508343	1.2073
3.64000488	1.215
3.67961954	1.2018
3.74317223	1.1718
3.78738255	1.1531
3.77867345	1.1489
3.72468178	1.169
3.65936874	1.2155
3.58299267	1.2696
3.52078745	1.3072
3.48061463	1.3331
3.46696094	1.3479
3.50633451	1.3281
3.6074357	1.2738
3.74251406	1.2095
3.84176518	1.1656
3.85354084	1.1584
3.77495958	1.1892
3.66762788	1.2478
3.57941586	1.3089
3.51174649	1.356
3.46996531	1.382
3.46384887	1.3878
3.49921567	1.3641
3.55666546	1.2963
3.64225911	1.2211
3.70766532	1.1689
3.71720633	1.132
3.67674513	1.1339
3.61782096	1.1535
3.54540714	1.197
3.47570565	1.261
3.42241325	1.3327
3.41014751	1.3761
3.45057367	1.3824
3.51941649	1.3503
3.58158385	1.2919
3.60055171	1.2358
3.59427466	1.1909
3.58591197	1.1662
3.57635533	1.1675
3.54679365	1.1839
3.48663008	1.2141
3.42814723	1.2531
3.41790096	1.2931
3.44732785	1.3345
3.47200671	1.3594
3.47944866	1.3733
3.47980418	1.3686
3.49081246	1.3476
3.49940606	1.3098
3.49573375	1.2659
3.47018327	1.2314
3.4274499	1.2242
3.40906576	1.2089
3.42427773	1.1887
3.46497161	1.176
3.50332635	1.1719
3.52609693	1.1858
3.53586684	1.2082
3.55248139	1.217
3.58311971	1.2127
3.60891428	1.2084
3.6188581	1.2164
3.63057067	1.2398
3.64311596	1.2392
3.63839528	1.2136
3.6095199	1.1907
3.5757698	1.1695
3.54485251	1.1494
3.53618874	1.1229
3.56279419	1.1018
3.61590795	1.0958
3.66967756	1.0965
3.70296126	1.1111
3.70674482	1.1276
3.70320158	1.1667
3.69943885	1.2053
3.68581898	1.2511
3.64878526	1.2804
3.60875564	1.2924
3.57897123	1.292
3.57713752	1.2703
3.58136309	1.2376
3.58354095	1.2139
3.58999267	1.2059
3.61472376	1.2056
3.65137246	1.2011
3.67547339	1.1885
3.67186871	1.1893
3.637283	1.2077
3.5815222	1.2526
3.52126127	1.2789
3.47358988	1.2891
3.45072296	1.2788
3.45911896	1.2633
3.49761402	1.2321
3.56763219	1.175
3.65593171	1.0977
3.72584699	1.0314
3.75123202	0.9902
3.72099211	0.9735
3.65729313	0.9613
3.59597456	0.9623
3.56209728	0.9744
3.56420169	1.0015
3.58370992	1.0202
3.61458017	1.0117
3.67226581	0.9784
3.7433935	0.94
3.77300737	0.9027
3.75603753	0.8611
3.70918621	0.8223
3.67030561	0.8112
3.65226841	0.8336
3.64441394	0.8758
3.65203639	0.9348
3.67940229	1.0035
3.70015496	1.0653
3.71603323	1.1033
3.70107475	1.1156
3.66997118	1.102
3.63236325	1.0839
3.61638384	1.0834
3.60030044	1.1066
3.55400724	1.1416
3.49922431	1.1803
3.4605507	1.2035
3.45263938	1.2216
3.46908756	1.2344
3.47713279	1.2471
3.47338511	1.233
3.45888604	1.2173
3.45025796	1.2208
3.46627688	1.2316
3.49482416	1.2405
3.50233298	1.2549
3.52150366	1.2626
3.5579257	1.2599
3.60127195	1.251
3.64405057	1.2301
3.67456381	1.2065
3.70353448	1.1905
3.72807261	1.1783
3.73001307	1.1716
3.69988093	1.1801
3.65291688	1.1946
3.62001469	1.213
3.6086501	1.2268
3.61521439	1.2072
3.63113345	1.1616
3.6398186	1.1066
3.65292152	1.0552
3.69360988	1.0132
3.7768545	0.9819
3.8625214	0.9715
3.89793586	0.9969
3.86030433	1.0633
3.77096359	1.1672
3.71680844	1.272
3.69438319	1.3411
3.68375187	1.372
3.66399886	1.3569
3.63787417	1.3083
3.63219375	1.2393
3.64897433	1.1904
3.6645686	1.1809
3.64560787	1.1969
3.60003324	1.233
3.55957894	1.2787
3.52605191	1.3239
3.490571	1.3544
3.46221384	1.3675
3.44703299	1.3514
3.45543895	1.3154
3.49076226	1.2723
3.53014221	1.2319
3.55850691	1.2144
3.58232145	1.2368
3.59807866	1.2922
3.58583894	1.3737
3.55371687	1.4351
3.51478934	1.4606
3.50397529	1.4527
3.51740316	1.4049
3.54505773	1.3426
3.55959344	1.2789
3.54531707	1.2329
3.51647923	1.213
3.4856533	1.2171
3.45316663	1.2626
3.41136969	1.3248
3.35895923	1.3722
3.32037918	1.404
3.30353169	1.4263
3.30565404	1.4253
3.3165175	1.4152
3.33984813	1.3646
3.37768565	1.312
3.41568101	1.2873
3.44179237	1.297
3.43907696	1.3282
3.429615	1.3481
3.4324895	1.3591
3.4530478	1.3681
3.46902207	1.3822
3.4872313	1.3723
3.51095368	1.3424
3.53753862	1.3209
3.55601484	1.305
3.55604431	1.2961
3.53289808	1.2935
3.5035308	1.2947
3.47320618	1.2959
3.45327481	1.2892
3.46191876	1.2613
3.49887867	1.2084
3.57520461	1.137
3.67722105	1.0728
3.77570595	1.04
3.83401249	1.0529
3.83940717	1.1034
3.80076262	1.1777
3.71832111	1.2611
3.62380317	1.3349
3.54862817	1.3816
3.50514231	1.3916
3.51789298	1.3578
3.5981231	1.2845
3.73623758	1.1906
3.88648113	1.1045
4.00965316	1.048
4.0430866	1.0516
3.97513863	1.1173
3.82435951	1.2365
3.65824259	1.3608
3.53723681	1.4583
3.48272466	1.5044
3.48905522	1.4985
3.55341322	1.4474
3.66841533	1.369
3.79989273	1.2805
3.89620453	1.2053
3.93081408	1.1662
3.89957557	1.1725
3.81993259	1.2169
3.70061761	1.2697
3.57633779	1.3299
3.50041794	1.3745
3.49333074	1.3899
3.54819809	1.3565
3.64427439	1.2951
3.75932361	1.2255
3.87365637	1.1658
3.91652365	1.1324
3.8782686	1.12
3.78295721	1.1298
3.65999896	1.1535
3.53926199	1.1977
3.45149749	1.2606
3.41640176	1.3108
3.44288121	1.3197
3.51349156	1.2861
3.61227989	1.2352
3.69327779	1.1909
3.71692809	1.1623
3.67720696	1.142
3.59531448	1.1275
3.51431256	1.1161
3.45048324	1.1244
3.4179243	1.144
3.44143643	1.143
3.51770801	1.1123
3.6111429	1.0882
3.68164655	1.0796
3.71699143	1.0952
3.71332987	1.1279
3.6488638	1.1617
3.51863278	1.202
3.37326391	1.254
3.27627647	1.2878
3.24019994	1.2986
3.26347887	1.2743
3.32880417	1.2193
3.41296667	1.1522
3.51862534	1.0929
3.62623194	1.0781
3.71470357	1.0982
3.73176648	1.1466
3.67197535	1.1932
3.57640532	1.2324
3.47597716	1.2681
3.39238047	1.3104
3.35114834	1.3404
3.35359743	1.3313
3.4003243	1.2869
3.48073552	1.225
3.55556746	1.1805
3.58887681	1.1741
3.57810018	1.1857
3.54784432	1.1964
3.51465835	1.2184
3.48218332	1.2472
3.44501155	1.2796
3.41461743	1.3036
3.41471042	1.3017
3.43840914	1.278
3.47691196	1.2333
3.51373129	1.1721
3.53729056	1.1142
3.53801668	1.0688
3.51783395	1.0519
3.47969702	1.0698
3.44372636	1.1189
3.39637322	1.1544
3.36001887	1.1655
3.36192755	1.1618
3.41651441	1.1446
3.47589202	1.1197
3.49457845	1.1055
3.47732637	1.0861
3.45803267	1.0703
3.45260014	1.084
3.45377437	1.1228
3.43323022	1.177
3.39824339	1.231
3.37090041	1.2639
3.37596459	1.2905
3.40792959	1.3054
3.43958228	1.3156
3.46237365	1.312
3.47241037	1.2841
3.48794122	1.2381
3.49549366	1.2033
3.50061739	1.1686
3.50836088	1.1323
3.52873205	1.0835
3.55836465	1.0541
3.60838066	1.0496
3.65449637	1.0657
3.67944237	1.0956
3.67970598	1.1158
3.65135586	1.1363
3.59888452	1.1558
3.5475893	1.1712
3.51953295	1.1624
3.51426767	1.136
3.52760324	1.0928
3.56022025	1.0568
3.60396393	1.0269
3.63468657	1.0005
3.65423851	0.9614
3.63218661	0.9363
3.58102996	0.922
3.51732613	0.9267
3.46164978	0.9304
3.43727063	0.9248
3.44123089	0.9104
3.47112858	0.903
3.53809289	0.9031
3.61868245	0.9204
3.67587798	0.9444
3.66187509	0.9784
3.61173103	1.0266
3.55422367	1.1147
3.51470762	1.2167
3.48656744	1.3041
3.46946837	1.367
3.47228965	1.3873
3.50733073	1.3626
3.57575222	1.3074
3.64873032	1.2352
3.68551462	1.1582
3.67221501	1.0911
3.63669284	1.0624
3.60645395	1.0756
3.57605049	1.118
3.5475821	1.1722
3.51647869	1.2263
3.46642501	1.2857
3.42792592	1.3377
3.41507252	1.3782
3.41351716	1.4103
3.41256732	1.4323
3.40627294	1.4301
3.39417052	1.4091
3.39892294	1.3665
3.43199496	1.3143
3.48023787	1.2695
3.52601459	1.2345
3.57411578	1.2051
3.64177119	1.1848
3.69995129	1.1888
3.71451816	1.2095
3.6814193	1.2432
3.63534733	1.2826
3.58630083	1.3209
3.53402325	1.3489
3.4739733	1.3626
3.43091229	1.3556
3.43873008	1.3233
3.49340316	1.2843
3.58120588	1.2453
3.65576477	1.2257
3.71490066	1.2252
3.74907821	1.236
3.75872129	1.2602
3.72715118	1.3026
3.6360162	1.3554
3.52157801	1.4024
3.43625453	1.4209
3.40638172	1.4182
3.41844366	1.3968
3.44247412	1.3519
3.47464722	1.3141
3.51616476	1.2828
3.55385176	1.2629
3.59730261	1.2555
3.630677	1.246
3.65225293	1.2477
3.67449279	1.2855
3.69758993	1.3386
3.71660035	1.3893
3.73097491	1.399
3.72124219	1.3743
3.70138278	1.3277
3.67285939	1.2839
3.6363345	1.237
3.61391981	1.2087
3.60990836	1.1984
3.64011612	1.218
3.66050806	1.2608
3.65890886	1.2948
3.64300811	1.3188
3.63058042	1.3437
3.61258934	1.3562
3.57797045	1.3641
3.54278291	1.349
3.52213704	1.3082
3.5383055	1.2646
3.56454035	1.242
3.58631793	1.2446
3.59126351	1.2402
3.58700833	1.2299
3.58973169	1.238
3.58848752	1.2682
3.57364852	1.3053
3.54963053	1.3399
3.51998266	1.3593
3.49720718	1.3695
3.48360774	1.3764
3.48430611	1.3668
3.49112162	1.3459
3.50452056	1.311
3.5107459	1.2894
3.51563599	1.2854
3.51521942	1.2855
3.51931989	1.2821
3.5244736	1.2756
3.52590083	1.2745
3.5103079	1.2861
3.49346261	1.3012
3.49181912	1.3117
3.51539315	1.3187
3.55524595	1.3167
3.59827698	1.3203
3.6169629	1.329
3.60515451	1.34
3.57506997	1.3356
3.55472431	1.3147
3.55277692	1.3014
3.55616555	1.296
3.5561773	1.2979
3.54607441	1.2974
3.53252511	1.2857
3.53518255	1.269
3.55276748	1.2677
3.56770295	1.2431
3.56151538	1.2295
3.55285345	1.2194
3.55161542	1.2234
3.57305356	1.2477
3.58845056	1.2843
3.5837168	1.3063
3.55333143	1.3154
3.51051286	1.3223
3.48267643	1.332
3.47764228	1.3393
3.49189333	1.3346
3.51662247	1.3151
3.55000665	1.2926
3.57622341	1.2852
3.58781771	1.2866
3.59331278	1.2811
3.59367789	1.2618
3.57451277	1.2552
3.52436263	1.2728
3.46458009	1.3114
3.42839435	1.3379
3.40939268	1.3424
3.40286109	1.3286
3.39267321	1.313
3.38299598	1.2898
3.40345131	1.2502
3.46307233	1.2043
3.53936889	1.1638
3.60101333	1.1476
3.63310402	1.1535
3.6393684	1.1621
3.62953126	1.1711
3.59127449	1.1898
3.53841073	1.2339
3.51207282	1.2795
3.52032533	1.312
3.54981923	1.3068
3.58120517	1.3087
3.59772162	1.3179
3.60795669	1.3194
3.61114191	1.3078
3.60191489	1.2906
3.56601279	1.2809
3.52253527	1.2763
3.50005582	1.2752
3.49557337	1.26
3.4961595	1.2373
3.49429586	1.2078
3.49825793	1.1744
3.52041529	1.1547
3.53953991	1.163
3.53121688	1.2026
3.49264664	1.2605
3.45571228	1.3472
3.44472188	1.4283
3.44959695	1.4718
3.46685394	1.452
3.48712028	1.3969
3.52240431	1.319
3.56780612	1.2469
3.61852594	1.1919
3.639035	1.1646
3.61822023	1.1542
3.57677341	1.1785
3.53257582	1.2247
3.49867877	1.2836
3.48689879	1.3335
3.4884193	1.3669
3.50867641	1.3646
3.53032131	1.3502
3.5644457	1.309
3.61101304	1.2578
3.6551595	1.2021
3.65961459	1.1642
3.61725715	1.1455
3.55046994	1.151
3.50415126	1.1741
3.47322645	1.2103
3.45930213	1.2397
3.45729101	1.2725
3.49438378	1.2901
3.56658324	1.2895
3.66260267	1.2589
3.74211482	1.2095
3.78350604	1.1717
3.77044479	1.1693
3.70858807	1.1796
3.61867737	1.2002
3.52974867	1.227
3.47586206	1.2532
3.45282331	1.2795
3.4556049	1.2936
3.50383961	1.2714
3.5775244	1.2223
3.65530289	1.1655
3.71178782	1.1325
3.74095157	1.1258
3.74613477	1.1286
3.71884873	1.1434
3.65025702	1.16
3.57070584	1.1878
3.50572012	1.2139
3.46712935	1.2317
3.47096321	1.242
3.51139032	1.2439
3.58733586	1.2286
3.69066952	1.2235
3.77426563	1.2281
3.79867793	1.2401
3.77163622	1.2347
3.72200163	1.227
3.66179152	1.2201
3.61706536	1.1993
3.57535723	1.1662
3.54764984	1.1361
3.55144527	1.1236
3.56680098	1.1488
3.58035294	1.1956
3.57099685	1.2582
3.57030207	1.325
3.56748787	1.3903
3.5490625	1.4437
3.51521552	1.4659
3.47246378	1.4518
3.4377935	1.3868
3.4318552	1.2961
3.44928279	1.2095
3.4669252	1.1548
3.47035892	1.134
3.47158188	1.1334
3.49313296	1.1648
3.52513503	1.2358
3.53845143	1.3238
3.53859741	1.4066
3.52766316	1.4609
3.51005869	1.4824
3.49656825	1.4632
3.50134628	1.4059
3.51616851	1.3279
3.52977219	1.2588
3.53996171	1.1991
3.54296087	1.1617
3.53407133	1.1595
3.53069607	1.1732
3.55281878	1.1945
3.57437349	1.218
3.57824305	1.2594
3.56005464	1.3108
3.54103052	1.3598
3.55115939	1.3998
3.57890055	1.4251
3.59131671	1.4285
3.57780137	1.4363
3.55351213	1.4359
3.53477944	1.4156
3.5465046	1.3909
3.57687791	1.3641
3.61064593	1.3356
3.65450002	1.3018
3.73120488	1.2649
3.82975295	1.2257
3.87194175	1.193
3.82643373	1.1809
3.72525199	1.2138
3.63956069	1.2606
3.59562	1.2819
3.57040774	1.2667
3.54769344	1.2219
3.53889	1.205
3.57144767	1.1986
3.6405461	1.2039
3.71233078	1.1924
3.75451164	1.1687
3.76682676	1.1568
3.73874758	1.1742
3.71150678	1.1912
3.68189514	1.1994
3.64676676	1.193
3.62800934	1.1623
3.63576857	1.134
3.67532229	1.1029
3.71211363	1.0822
3.71523919	1.0777
3.67843279	1.1049
3.62964554	1.1633
3.57609118	1.2425
3.52283593	1.3221
3.4788029	1.3992
3.44912951	1.4363
3.4420291	1.44
3.46142386	1.4008
3.48354028	1.3128
3.50427919	1.2123
3.49367193	1.1369
3.46461936	1.1115
3.44422679	1.1391
3.43371809	1.2016
3.4244431	1.2858
3.42166416	1.37
3.42689433	1.4518
3.45458741	1.4936
3.48977825	1.4821
3.52017005	1.4286
3.53896051	1.3567
3.5387087	1.2857
3.52363689	1.2356
3.49067611	1.2159
3.42445439	1.2365
3.35248277	1.2881
3.30466964	1.352
3.32455799	1.3922
3.3930627	1.404
3.48458699	1.3815
3.59830036	1.326
3.7030859	1.2539
3.77314291	1.1889
3.796352	1.1412
3.73234496	1.1344
3.61509138	1.1786
3.49172973	1.2543
3.39181164	1.3458
3.34406522	1.4193
3.3494769	1.459
3.38985173	1.471
3.46495555	1.4341
3.55126362	1.358
3.63464506	1.2578
3.66952869	1.1649
3.62990596	1.109
3.53512174	1.1108
3.4267724	1.1485
3.32601326	1.2047
3.2671402	1.2606
3.2578906	1.3048
3.29005236	1.3337
3.35705191	1.346
3.44416272	1.3524
3.54273475	1.3503
3.62167574	1.3271
3.64930649	1.2863
3.62110858	1.2667
3.56393071	1.2707
3.49502692	1.2842
3.45948974	1.2794
3.45914607	1.2549
3.47659303	1.2166
3.48394926	1.198
3.49290182	1.201
3.52693992	1.2309
3.56236506	1.2722
3.55425958	1.3102
3.50570742	1.3415
3.46178268	1.3649
3.44222888	1.3837
3.46104944	1.3861
3.48996269	1.3785
3.52904949	1.3156
3.57346598	1.1951
3.64844134	1.0685
3.73101952	0.9999
3.74750307	0.99
3.67092724	1.0381
3.55244336	1.1241
3.46287706	1.2243
3.42991292	1.3157
3.42836461	1.3862
3.44948518	1.4347
3.47924472	1.4398
3.51642322	1.3656
3.55476947	1.2364
3.598308	1.1112
3.60710678	1.0513
3.56584184	1.0625
3.47807771	1.135
3.39432943	1.2277
3.34665984	1.3229
3.33093054	1.3937
3.34454896	1.4413
3.39226839	1.4582
3.44701529	1.4315
3.50531105	1.3461
3.55562893	1.2515
3.58383381	1.1983
3.57049598	1.2135
3.50872077	1.2735
3.42124034	1.3403
3.35829751	1.3806
3.3309401	1.3963
3.34197364	1.4048
3.39308315	1.3862
3.49208862	1.3139
3.61919405	1.1929
3.75423794	1.0695
3.86810747	0.9891
3.90364475	0.9855
3.81019816	1.0359
3.62600426	1.1138
3.44688682	1.2081
3.34300123	1.2969
3.30425838	1.3612
3.3060116	1.4086
3.33853985	1.4329
3.40031026	1.3914
3.49752372	1.2951
3.62581768	1.2118
3.69784219	1.1854
3.671661	1.2035
3.5863818	1.2307
3.49480713	1.2579
3.42561809	1.2758
3.38691486	1.2979
3.37831586	1.3137
3.40028493	1.3034
3.46060973	1.271
3.56462163	1.2446
3.67260784	1.253
3.73678894	1.2965
3.74389548	1.3505
3.70788599	1.3927
3.66019634	1.422
3.61131643	1.4293
3.57497662	1.4016
3.53871359	1.3479
3.52188568	1.2691
3.53002721	1.1894
3.57295021	1.1301
3.62674764	1.0942
3.67469575	1.104
3.71670399	1.1433
3.72988691	1.1995
3.7256506	1.2384
3.70573605	1.2619
3.71236462	1.2715
3.74581539	1.2657
3.80508991	1.2422
3.86427082	1.2024
3.88421521	1.1646
3.85059928	1.1386
3.77831933	1.1322
3.70565603	1.1491
3.64447375	1.1784
3.58885436	1.2046
3.55835067	1.2223
3.56224786	1.224
3.62003548	1.2027
3.72485147	1.1692
3.82683635	1.1358
3.87930688	1.1206
3.85538706	1.1035
3.75315656	1.11
3.62896254	1.1552
3.52546548	1.2207
3.44511389	1.3047
3.39897578	1.3721
3.38969012	1.399
3.43111045	1.3926
3.51839336	1.3505
3.63224599	1.2844
3.7250629	1.2089
3.75525965	1.1395
3.74521411	1.1168
3.71285166	1.1529
3.63857717	1.2281
3.53304079	1.2953
3.43215444	1.3516
3.3835053	1.3909
3.3988536	1.3979
3.46443499	1.3741
3.55558427	1.3235
3.64051463	1.255
3.71382497	1.1905
3.77429477	1.1569
3.80804085	1.1631
3.77109131	1.2019
3.67565957	1.249
3.5716603	1.2843
3.49081508	1.3055
3.45370471	1.3026
3.44772281	1.291
3.47065085	1.2743
3.51875467	1.262
3.57850178	1.2462
3.63811244	1.2443
3.6800085	1.2585
3.67648698	1.2794
3.623563	1.295
3.54223634	1.3008
3.47664255	1.2957
3.44420769	1.2782
3.4372769	1.2416
3.45059294	1.2096
3.48571555	1.1846
3.53758111	1.1729
3.57153772	1.1837
3.58184243	1.2215
3.57306764	1.2935
3.54889673	1.3824
3.51184174	1.4591
3.47880299	1.5061
3.45421385	1.507
3.4468463	1.4569
3.47147079	1.3892
3.52895457	1.3072
3.57948417	1.2327
3.61535691	1.1765
3.64952065	1.1471
3.68673339	1.1459
3.70607766	1.1742
3.69554581	1.2051
3.66454223	1.2436
3.63823441	1.2857
3.6230461	1.3411
3.61129321	1.3854
3.58864644	1.4197
3.57681162	1.4157
3.56950196	1.3896
3.56021112	1.3514
3.54303163	1.3013
3.51380175	1.2635
3.50119751	1.2202
3.50815517	1.189
3.52502561	1.1693
3.54168799	1.1716
3.55210734	1.1943
3.56607359	1.2381
3.56654043	1.2763
3.56130394	1.306
3.55652718	1.3117
3.54882243	1.3134
3.5478328	1.3087
3.5390404	1.3063
3.52471814	1.2919
3.50751204	1.2616
3.50198085	1.2281
3.52215341	1.1981
3.54054836	1.1908
3.5541666	1.2065
3.56501367	1.2308
3.56082085	1.2593
3.53240938	1.2834
3.48117847	1.3054
3.42943276	1.3261
3.40600905	1.338
3.40888501	1.3453
3.42510555	1.3468
3.44495534	1.3419
3.4665951	1.3372
3.50361274	1.316
3.55594858	1.2963
3.59312879	1.293
3.58928014	1.2924
3.53862534	1.3046
3.46659556	1.3078
3.40927072	1.3146
3.36531863	1.3174
3.32323845	1.3181
3.29811395	1.3038
3.30036202	1.2725
3.34475582	1.2332
3.42119719	1.1883
3.49965265	1.1652
3.5353483	1.168
3.52467723	1.1895
3.50070689	1.2452
3.47081123	1.3262
3.41570614	1.3996
3.35312726	1.4413
3.30736327	1.4436
3.30310634	1.4121
3.3348907	1.3539
3.41161553	1.2737
3.51613104	1.1873
3.60957465	1.1036
3.68048344	1.0358
3.71278346	1.0107
3.70264078	1.0596
3.62818558	1.1641
3.50695146	1.3054
3.40084766	1.4195
3.34615674	1.4949
3.33417349	1.5082
3.34785634	1.4951
3.38660643	1.4362
3.43253983	1.349
3.47766838	1.2582
3.50953629	1.1989
3.53447548	1.2007
3.55722153	1.2387
3.56502805	1.2802
3.55188044	1.3033
3.52643671	1.3189
3.50607066	1.3185
3.48329682	1.3165
3.47747696	1.2956
3.48793944	1.2676
3.52401343	1.2466
3.55447043	1.259
3.55770209	1.3064
3.52798926	1.3569
3.4867043	1.3918
3.45272863	1.3952
3.43222702	1.3705
3.44166048	1.3258
3.49474153	1.2583
3.56058039	1.1842
3.60910616	1.1243
3.6307914	1.0901
3.62524882	1.0993
3.59805785	1.1506
3.55041408	1.2332
3.47975447	1.3299
3.41380708	1.4075
3.36905692	1.4616
3.35093623	1.487
3.34960613	1.471
3.36345115	1.3985
3.39815574	1.2957
3.44803341	1.211
3.4788439	1.1738
3.46024745	1.1615
3.3991221	1.1928
3.33549562	1.2437
3.30866054	1.2956
3.32885484	1.3438
3.36588659	1.3789
3.41026771	1.3762
3.45819032	1.3283
3.52020857	1.2637
3.58264786	1.2174
3.62454265	1.2008
3.6117573	1.2
3.54397878	1.1979
3.4479159	1.1979
3.35610739	1.214
3.29719027	1.2343
3.2857612	1.2543
3.32953593	1.2432
3.39721332	1.2267
3.45354594	1.2203
3.49303004	1.2335
3.52671809	1.2648
3.56493252	1.2853
3.57017594	1.2899
3.53020311	1.2883
3.47899981	1.3081
3.45162411	1.351
3.4582864	1.3579
3.48511123	1.3262
3.49856386	1.2986
3.49401665	1.2868
3.46640768	1.2881
3.42675389	1.2886
3.37747542	1.2764
3.32909757	1.2809
3.29029254	1.3078
3.26507485	1.3355
3.25752128	1.3552
3.25639876	1.3558
3.26165031	1.3364
3.28347725	1.3037
3.3163093	1.2824
3.35165817	1.2891
3.36962248	1.3168
3.37082619	1.3419
3.370504	1.367
3.36355913	1.3877
3.33335958	1.4065
3.2943977	1.4157
3.25637466	1.3884
3.23961966	1.3341
3.24776097	1.266
3.27989167	1.2133
3.32129955	1.1831
3.36605615	1.1728
3.39866539	1.1625
3.42146195	1.166
3.43323536	1.1807
3.44253595	1.2011
3.44462456	1.2182
3.42756618	1.229
3.39937065	1.2297
3.3736613	1.2273
3.37539103	1.2306
3.40045915	1.2232
3.40857628	1.2007
3.39438958	1.1729
3.37462769	1.1543
3.39206737	1.1418
3.43814672	1.1329
3.48149885	1.1144
3.47473493	1.1157
3.43434413	1.1486
3.395651	1.1985
3.38047233	1.2566
3.37296857	1.3054
3.34947447	1.342
3.32320538	1.3689
3.29474862	1.3861
3.27444323	1.3786
3.27284572	1.3467
3.27683483	1.3009
3.27511293	1.2512
3.27800642	1.2038
3.3214031	1.1552
3.39893941	1.1166
3.45073507	1.0985
3.44828385	1.1029
3.42473974	1.1364
3.40454726	1.2106
3.38066417	1.2803
3.35588754	1.3154
3.33179795	1.3116
3.30856739	1.2929
3.28571999	1.2828
3.28831938	1.2663
3.32544311	1.2293
3.3723925	1.1791
3.41764631	1.129
3.46432985	1.0835
3.51383943	1.066
3.55826307	1.0805
3.54435779	1.1139
3.47704466	1.171
3.39547182	1.2432
3.33408369	1.3196
3.30450485	1.3837
3.31061504	1.4278
3.33794262	1.4544
3.37506821	1.4561
3.42413994	1.4119
3.49606936	1.333
3.56143154	1.2456
3.59003424	1.1765
3.5849571	1.1318
3.55042605	1.1194
3.4901939	1.1371
3.40363503	1.1942
3.32984659	1.2707
3.30308462	1.3379
3.32095749	1.395
3.34819018	1.4253
3.37534732	1.4286
3.39256059	1.4007
3.41834694	1.3528
3.46526417	1.292
3.50682398	1.2504
3.5111671	1.2296
3.46891266	1.2252
3.41658254	1.2247
3.38739188	1.2466
3.37768085	1.2617
3.35588461	1.2853
3.33363707	1.3036
3.32601041	1.3206
3.33812376	1.3285
3.36646902	1.329
3.39123691	1.3299
3.41430197	1.3222
3.43517983	1.3318
3.46426558	1.3452
3.47337298	1.3744
3.45254349	1.4031
3.41169539	1.4164
3.37746341	1.4101
3.36083344	1.393
3.3544526	1.363
3.33900128	1.3388
3.32655854	1.3273
3.35244218	1.3042
3.42379776	1.2788
3.50193707	1.2601
3.53513834	1.265
3.52794318	1.2889
3.51356688	1.3147
3.50525532	1.3343
3.48892616	1.3426
3.44623592	1.3492
3.401233	1.3636
3.38025085	1.3739
3.3789812	1.366
3.39487561	1.3342
3.41555378	1.3009
3.43241226	1.2838
3.4425717	1.29
3.44502412	1.3209
3.44996223	1.3499
3.44218338	1.3775
3.42293922	1.396
3.39763981	1.4107
3.39223964	1.4114
3.39809507	1.3958
3.40314206	1.3652
3.39950375	1.3383
3.39212892	1.3212
3.38245271	1.3206
3.36520633	1.3197
3.34673371	1.3233
3.31981751	1.3486
3.29548659	1.3886
3.27852303	1.4388
3.27085285	1.4545
3.27636915	1.4307
3.28956499	1.3976
3.30769897	1.3808
3.3291294	1.3765
3.35658518	1.3645
3.38860504	1.3492
3.40287789	1.3489
3.39769882	1.3682
3.38563621	1.3915
3.37726818	1.4059
3.38511072	1.4007
3.40062142	1.3763
3.42194455	1.3467
3.447924	1.3215
3.48046025	1.2924
3.501033	1.2535
3.49856015	1.2165
3.45494206	1.1965
3.40172515	1.2144
3.35902306	1.2735
3.32755931	1.3323
3.3227923	1.3887
3.34303966	1.4171
3.36692122	1.4428
3.3929409	1.4525
3.4159375	1.4406
3.43728258	1.4055
3.45362058	1.3605
3.45253754	1.3264
3.43544366	1.3216
3.41794293	1.3299
3.40189473	1.3479
3.39108928	1.3699
3.38951091	1.4032
3.40189101	1.4264
3.42160156	1.4469
3.44232601	1.4401
3.45339612	1.4335
3.45537689	1.4262
3.44882505	1.4247
3.44306507	1.4428
3.43336843	1.4396
3.38872418	1.4279
3.32692142	1.4059
3.29803553	1.3759
3.33067073	1.3289
3.41545387	1.2783
3.50128332	1.2417
3.56032095	1.2205
3.6044658	1.2041
3.63126559	1.2069
3.61968458	1.2639
3.54106604	1.354
3.43061486	1.4595
3.34878947	1.5145
3.30414147	1.5138
3.28095884	1.4923
3.29503998	1.4644
3.3388876	1.4206
3.3988827	1.3316
3.45830727	1.2343
3.49593601	1.1679
3.47886451	1.1714
3.4159861	1.2323
3.33466682	1.3405
3.27750449	1.4491
3.2475517	1.5221
3.24389617	1.5428
3.26206185	1.5204
3.28806484	1.4593
3.31403167	1.3737
3.34213765	1.2672
3.39099928	1.1747
3.42206341	1.1433
3.38711299	1.1765
3.32085206	1.2593
3.26813188	1.3441
3.23567381	1.4113
3.21684664	1.4476
3.20228872	1.4625
3.20804817	1.4557
3.24591972	1.4151
3.30446268	1.3619
3.35611871	1.3288
3.38444453	1.3269
3.39718219	1.3526
3.40834681	1.3957
3.42609529	1.4307
3.44127902	1.4384
3.4530845	1.4181
3.46194836	1.3773
3.49170936	1.3078
3.54318565	1.2342
3.61337664	1.1837
3.63232649	1.1733
3.56289692	1.2003
3.46102639	1.2563
3.39022656	1.3249
3.36021665	1.3898
3.34237434	1.427
3.32521657	1.4579
3.31828443	1.474
3.33897301	1.4667
3.40556114	1.4295
3.49928163	1.3761
3.55331634	1.3367
3.52080143	1.315
3.42849535	1.3165
3.35589141	1.3361
3.33551643	1.3637
3.33370216	1.3873
3.32470371	1.4017
3.32679243	1.4112
3.35778404	1.3954
3.44972335	1.3554
3.60029012	1.3021
3.70603902	1.2664
3.71165028	1.2413
3.63312756	1.2627
3.53291843	1.335
3.44026619	1.4191
3.36419086	1.4762
3.29276133	1.4936
3.24187973	1.4811
3.22354447	1.4587
3.24764957	1.4244
3.31856584	1.3631
3.40901143	1.2828
3.48167148	1.2227
3.5260345	1.2174
3.54375425	1.2727
3.53397493	1.3562
3.48021234	1.45
3.4160023	1.5153
3.37160915	1.5443
3.35702666	1.5463
3.37026218	1.5182
3.40507825	1.4617
3.44637405	1.3878
3.47781895	1.3166
3.48948551	1.2637
3.49923793	1.2367
3.49572711	1.2498
3.4567473	1.2954
3.40059719	1.3564
3.37570126	1.4006
3.38295756	1.4152
3.39710824	1.4196
3.4039988	1.427
3.41233258	1.4315
3.43636641	1.4276
3.47370909	1.4056
3.50292536	1.3909
3.51283584	1.3941
3.50389548	1.4033
3.48287682	1.3932
3.46678467	1.3544
3.44886664	1.3103
3.43041738	1.2755
3.41669973	1.25
3.42703909	1.2479
3.46282796	1.2557
3.50726811	1.2728
3.53796147	1.3111
3.52906246	1.3718
3.49044013	1.4401
3.45059522	1.4877
3.42391125	1.5037
3.41189866	1.4864
3.40539367	1.4351
3.39193072	1.3727
3.39625659	1.3032
3.42509711	1.2617
3.44727327	1.2486
3.43498844	1.2555
3.39569058	1.2741
3.35223305	1.3079
3.32337105	1.3529
3.31657101	1.3786
3.31830514	1.3892
3.32290883	1.3805
3.33691786	1.3738
3.36932839	1.3711
3.41056138	1.3573
3.42498667	1.3448
3.418983	1.3192
3.40685272	1.2948
3.3952026	1.2755
3.37319219	1.2847
3.3482984	1.3027
3.33125553	1.3379
3.33746307	1.3583
3.36305058	1.375
3.38453914	1.4067
3.40230719	1.444
3.42265627	1.4696
3.4462844	1.4717
3.46455941	1.4711
3.46297983	1.4571
3.43257414	1.4456
3.39575859	1.422
3.35923227	1.376
3.33250751	1.3276
3.31821861	1.2893
3.32453671	1.2803
3.36361258	1.2701
3.42929668	1.2475
3.4995756	1.2379
3.54512623	1.2433
3.54019557	1.27
3.50424846	1.2975
3.46715039	1.3227
3.43627287	1.3524
3.41658094	1.3943
3.41350766	1.4461
3.44068707	1.4707
3.48879305	1.4556
3.53684911	1.4042
3.58360822	1.3289
3.62126978	1.2663
3.63544227	1.2038
3.61771182	1.1473
3.55920198	1.1188
3.49931754	1.1304
3.45440762	1.1849
3.42339644	1.2576
3.3962685	1.3135
3.37734284	1.3335
3.3862517	1.3204
3.4305068	1.2986
3.48920331	1.2769
3.54053752	1.2399
3.56746291	1.1776
3.56819764	1.1122
3.54511852	1.0612
3.50195954	1.0461
3.45708961	1.0599
3.42889768	1.0863
3.41406887	1.0976
3.41355977	1.0978
3.43250225	1.0909
3.46005287	1.091
3.48355459	1.0995
3.4833032	1.1098
3.45107455	1.1394
3.41490103	1.2134
3.38100147	1.3284
3.36096265	1.4126
3.3448345	1.4338
3.34612227	1.4062
3.37339106	1.363
3.41324271	1.3016
3.4557934	1.2151
3.49128095	1.1217
3.50188748	1.0528
3.4795926	1.0342
3.43101271	1.0821
3.39297054	1.1612
3.36468144	1.2587
3.36262688	1.3192
3.37650512	1.3445
3.40289281	1.3459
3.44398937	1.3191
3.4759841	1.2733
3.49889141	1.2107
3.50607086	1.1705
3.51484633	1.1791
3.50347442	1.2195
3.47258898	1.2652
3.41725888	1.2955
3.37223146	1.3061
3.36658676	1.3011
3.40885311	1.2773
3.4690975	1.2277
3.53375673	1.15
3.59379553	1.069
3.62694119	1.0239
3.61073385	1.0343
3.56213748	1.1005
3.50077096	1.1865
3.4466384	1.2663
3.4049643	1.3113
3.39667514	1.3329
3.41528431	1.3335
3.44797727	1.3032
3.49888928	1.2295
3.56163918	1.1413
3.61080295	1.0923
3.60623535	1.0898
3.54021164	1.1113
3.45257674	1.1342
3.36477633	1.1684
3.29556579	1.2068
3.26550908	1.2402
3.27546385	1.2628
3.3355177	1.2617
3.4194253	1.2458
3.49173828	1.2341
3.52505597	1.2204
3.51826935	1.2059
3.4836032	1.1951
3.43624078	1.2002
3.38750044	1.2257
3.33709102	1.2461
3.30582596	1.2385
3.29277014	1.2017
3.28823828	1.1609
3.29643104	1.1135
3.31106597	1.0696
3.33674699	1.0301
3.37280292	0.9972
3.41028	0.987
3.41882839	1.0006
3.39371478	1.0327
3.34589713	1.0702
3.28504437	1.1002
3.22543855	1.1157
3.18398931	1.1128
3.16091396	1.0962
3.16864735	1.0923
3.20565931	1.1024
3.27282982	1.1268
3.35474217	1.1527
3.42174804	1.1706
3.43826904	1.1905
3.41099593	1.2206
3.37118189	1.2424
3.34216634	1.2366
3.31793333	1.2106
3.28831493	1.1837
3.27446578	1.167
3.30227558	1.1612
3.34110281	1.1676
3.35366558	1.1829
3.33206364	1.2059
3.30509886	1.2413
3.29628275	1.2697
3.31242294	1.2886
3.33029382	1.3046
3.33717802	1.324
3.3460998	1.3281
3.35553031	1.3095
3.37819687	1.2815
3.39350071	1.2529
3.39103977	1.2342
3.37840313	1.2165
3.36626442	1.2217
3.35406548	1.2555
3.32856494	1.3212
3.28410238	1.3999
3.25060803	1.467
3.23461606	1.5049
3.22271399	1.5074
3.21444364	1.4869
3.20693638	1.4558
3.20461355	1.42
3.20853853	1.3819
3.22591647	1.3473
3.25157751	1.3219
3.27211494	1.3155
3.27161892	1.3152
3.26250195	1.3212
3.26110369	1.327
3.28040209	1.3309
3.30766449	1.3358
3.33951376	1.3381
3.3642682	1.3425
3.36674976	1.3341
3.3539415	1.3078
3.33180446	1.2745
3.3159623	1.2531
3.30666739	1.2301
3.30103405	1.2226
3.30967631	1.2174
3.35163316	1.2094
3.41980463	1.1907
3.48614489	1.1773
3.53347786	1.1662
3.55102149	1.1636
3.53750791	1.1652
3.50085081	1.1853
3.46767339	1.2253
3.43226756	1.2667
3.38756971	1.309
3.33373616	1.3425
3.30216845	1.3597
3.29710577	1.352
3.31342078	1.3208
3.33791943	1.2924
3.35519667	1.2767
3.36451395	1.2776
3.37507147	1.2693
3.38025146	1.262
3.37400857	1.267
3.36248005	1.2846
3.35836725	1.2964
3.39029167	1.2874
3.46522982	1.261
3.54262615	1.2377
3.58571044	1.2327
3.61176	1.2323
3.62775371	1.2416
3.61905232	1.2686
3.57071458	1.3038
3.48157833	1.3554
3.40143348	1.4053
3.35052448	1.4341
3.33943434	1.4258
3.35553598	1.3991
3.37860723	1.3718
3.41119377	1.3319
3.45114315	1.2755
3.49721185	1.2162
3.52244595	1.1626
3.51811004	1.1526
3.51886059	1.176
3.5309931	1.233
3.51434993	1.2808
3.45963272	1.3317
3.41341879	1.3786
3.40598337	1.4149
3.42114336	1.4352
3.44166981	1.4237
3.4560906	1.384
3.46057407	1.3521
3.48450395	1.3374
3.52615577	1.3321
3.5557802	1.3238
3.53261745	1.3096
3.47773268	1.2958
3.42459494	1.305
3.39374249	1.3271
3.37725949	1.3546
3.36759422	1.377
3.37217991	1.3905
3.3927143	1.3923
3.42137184	1.3849
3.43724456	1.3745
3.45222555	1.3823
3.46531742	1.3817
3.4736959	1.352
3.48194048	1.2995
3.4833828	1.2553
3.47155927	1.2382
3.45245176	1.2432
3.43258216	1.2515
3.41405667	1.2602
3.40804002	1.2889
3.41129666	1.3221
3.41610352	1.3605
3.42903647	1.3726
3.45544459	1.373
3.48610504	1.3711
3.51385637	1.3703
3.53814576	1.3766
3.55134868	1.3873
3.54625096	1.3937
3.53501508	1.3927
3.52557977	1.3868
3.54094219	1.3636
3.57063151	1.3318
3.58388608	1.2958
3.56701746	1.2742
3.54802859	1.2671
3.54667667	1.2628
3.54529554	1.2643
3.51543029	1.2632
3.46083676	1.2866
3.39829532	1.3162
3.36116546	1.3394
3.35618798	1.3366
3.36828899	1.3075
3.37934975	1.2757
3.37972869	1.2463
3.38939209	1.2293
3.4483521	1.2116
3.53975947	1.2
3.61618746	1.2093
3.65247715	1.2421
3.65930106	1.2743
3.65488029	1.2997
3.64007726	1.3098
3.61039268	1.3182
3.56925442	1.352
3.54616862	1.3936
3.54201331	1.4128
3.53179921	1.4101
3.49913857	1.3911
3.45109557	1.3808
3.4132945	1.3901
3.39232829	1.4111
3.38995331	1.4151
3.39316883	1.3865
3.3919465	1.3671
3.40336855	1.3518
3.43102039	1.3401
3.46667	1.3197
