3.58486657	1.4242
3.51710324	1.4691
3.46624528	1.4873
3.44757944	1.4777
3.46578445	1.4252
3.51994565	1.3385
3.58602182	1.2574
3.64244857	1.1863
3.68500405	1.1647
3.71050654	1.1845
3.68386257	1.2356
3.5997147	1.2916
3.50401428	1.3384
3.43012669	1.3621
3.39304206	1.3604
3.39314582	1.3444
3.41523105	1.3182
3.44843381	1.2874
3.49979108	1.2541
3.55611531	1.2483
3.59679659	1.2697
3.60364951	1.3082
3.60716789	1.3357
3.62511363	1.3439
3.65182217	1.3251
3.65671099	1.3099
3.65017701	1.2958
3.63208174	1.3053
3.6158685	1.331
3.59373793	1.3464
3.54423948	1.3688
3.49986447	1.3853
3.47034677	1.3848
3.46809368	1.3435
3.49704597	1.2693
3.53832522	1.1752
3.57656185	1.0923
3.6228168	1.0501
3.68944533	1.0482
3.73167618	1.0698
3.70632685	1.1245
3.6275133	1.2042
3.55543026	1.2919
3.50155883	1.3653
3.476703	1.3863
3.4757833	1.3644
3.49792268	1.3053
3.55357316	1.2246
3.66100962	1.1198
3.79708269	1.0303
3.89591057	0.9939
3.90668105	0.9985
3.83149976	1.0403
3.74274583	1.1143
3.67105672	1.1996
3.59268604	1.2807
3.52002122	1.3398
3.4700963	1.3691
3.47195486	1.3618
3.51696222	1.3334
3.58845661	1.2887
3.64670318	1.246
3.67490086	1.1982
3.698776	1.1628
3.72719464	1.1669
3.73684162	1.1751
3.71223954	1.1764
3.66940047	1.1943
3.64231936	1.2338
3.63965283	1.2949
3.6350927	1.3314
3.624165	1.3306
3.62167556	1.3153
3.6309227	1.3085
3.64163485	1.3172
3.64446021	1.315
3.63047552	1.2747
3.62119765	1.2225
3.62268032	1.1845
3.62968688	1.1657
3.62653691	1.1551
3.60212224	1.1363
3.55066911	1.1269
3.48336313	1.1616
3.42694781	1.2307
3.39402519	1.3139
3.38251971	1.3797
3.37835842	1.4305
3.3912855	1.4549
3.41442132	1.448
3.45326973	1.4168
3.5093773	1.3851
3.56909911	1.3487
3.60184912	1.3193
3.6113014	1.2981
3.59468764	1.3112
3.56617625	1.3523
3.53412719	1.3945
3.51253948	1.4108
3.50169115	1.409
3.51305332	1.3942
3.53589366	1.3808
3.5803858	1.351
3.63176447	1.301
3.67368335	1.2382
3.67842876	1.1908
3.63386222	1.1883
3.57371541	1.2142
3.51775827	1.2421
3.47414014	1.2666
3.45165092	1.2877
3.4706507	1.3081
3.53116668	1.3168
3.61496722	1.2993
3.68761104	1.2623
3.71976542	1.2241
3.70803137	1.2059
3.67037112	1.2161
3.63379567	1.2423
3.58734134	1.2699
3.54144513	1.2903
3.51092537	1.2934
3.51125496	1.2791
3.54976154	1.2519
3.59766675	1.2218
3.62286463	1.1909
3.59990285	1.1799
3.56531066	1.2059
3.52036227	1.2646
3.47659281	1.3397
3.4298748	1.3869
3.40036968	1.422
3.40714089	1.429
3.45599294	1.4275
3.5344	1.4064
3.6173001	1.3542
3.68538695	1.2804
3.74203635	1.2151
3.77284888	1.1848
3.75533881	1.1912
3.67350972	1.2184
3.56470867	1.2481
3.47066564	1.288
3.41025892	1.33
3.38532524	1.3585
3.38379408	1.3577
3.40220707	1.3303
3.43188458	1.3038
3.46597709	1.2789
3.50315417	1.2427
3.53123399	1.2097
3.53695001	1.2013
3.5317629	1.23
3.51615916	1.2647
3.50009021	1.2871
3.46832126	1.3101
3.45267176	1.3389
3.44058587	1.3598
3.42819454	1.3625
3.42037553	1.3354
3.41723758	1.3103
3.4318686	1.3018
3.4572956	1.311
3.47779334	1.3074
3.47388824	1.3051
3.45861967	1.3014
3.45078875	1.3037
3.45774156	1.3068
3.46857021	1.2946
3.46393198	1.2795
3.44605605	1.2794
3.43838318	1.318
3.44237403	1.3664
3.44864714	1.4151
3.45295226	1.4472
3.46182442	1.4706
3.48062972	1.4646
3.49924694	1.4413
3.52126629	1.3813
3.53205684	1.3201
3.5186459	1.2778
3.48448468	1.2638
3.44156407	1.2837
3.40212203	1.3317
3.3695519	1.3959
3.34583081	1.4398
3.33032166	1.4649
3.33476465	1.474
3.3630358	1.4734
3.40565181	1.4388
3.46521532	1.3606
3.54130505	1.2605
3.61962212	1.1492
3.67287166	1.0727
3.71042537	1.0552
3.72270318	1.1006
3.68444925	1.1828
3.60766341	1.2692
3.52171285	1.3469
3.4686812	1.3931
3.45769993	1.4175
3.48066494	1.4049
3.52861252	1.3532
3.59881568	1.2944
3.66857667	1.2395
3.72342243	1.2124
3.75024759	1.2189
3.73384375	1.2586
3.68294252	1.3149
3.61269571	1.366
3.5470159	1.3962
3.50169444	1.3947
3.48439716	1.3693
3.48836765	1.3303
3.50903228	1.2905
3.54073509	1.2462
3.5911995	1.2048
3.6263716	1.1899
3.63618599	1.2038
3.60896363	1.239
3.57097084	1.2656
3.54217649	1.277
3.53114222	1.2922
3.53552057	1.3142
3.55295616	1.3071
3.58123788	1.2712
3.63654539	1.2379
3.69381397	1.2239
3.73222991	1.2263
3.7347368	1.225
3.71437112	1.2076
3.67602006	1.1873
3.63450763	1.1757
3.59193264	1.1819
3.56033985	1.1827
3.54113776	1.1774
3.54934044	1.1553
3.56105851	1.1377
3.55377366	1.1354
3.5343652	1.1405
3.50196247	1.1518
3.47872058	1.1624
3.45751035	1.1613
3.43159624	1.1514
3.41429605	1.1554
3.42960267	1.1665
3.46435012	1.1803
3.50382674	1.1643
3.53202185	1.1447
3.55253898	1.1464
3.57344087	1.1807
3.58768006	1.2272
3.57330481	1.2778
3.53123944	1.3316
3.48982078	1.3913
3.48041805	1.4279
3.48662435	1.4313
3.48561359	1.4009
3.46976146	1.3571
3.45125952	1.3168
3.4467172	1.2759
3.45481651	1.2403
3.44905941	1.2203
3.44347548	1.2054
3.45096154	1.1898
3.47967694	1.172
3.52001782	1.1502
3.54368961	1.1476
3.54312913	1.1637
3.52223333	1.1964
3.4889706	1.2346
3.4572509	1.2893
3.41985038	1.357
3.40099084	1.4227
3.40028689	1.4618
3.43195639	1.4514
3.49470385	1.3896
3.57435278	1.308
3.64876028	1.2384
3.69711724	1.1774
3.68583014	1.1273
3.60138868	1.1041
3.47896858	1.1381
3.37734086	1.2422
3.31464507	1.3686
3.28604364	1.4708
3.27745955	1.5234
3.28389034	1.5296
3.31613553	1.4997
3.36849297	1.429
3.41601998	1.3231
3.44417368	1.2014
3.46127964	1.1076
3.46968476	1.0791
3.47430378	1.1213
3.45470047	1.2318
3.4333737	1.349
3.42622452	1.4398
3.43917165	1.4887
3.45982446	1.5022
3.47975546	1.474
3.50015068	1.398
3.5258813	1.2914
3.55657028	1.1951
3.56051509	1.1433
3.52699425	1.1533
3.47077449	1.2011
3.41593837	1.2694
3.38805751	1.3385
3.38657038	1.4145
3.3971869	1.4779
3.41428131	1.5172
3.4294721	1.5215
3.43823564	1.4964
3.44131216	1.4507
3.43875577	1.3948
3.44551251	1.3347
3.46276866	1.2866
3.47845747	1.2539
3.49742665	1.2429
3.51578887	1.2469
3.54754859	1.2573
3.56803934	1.2626
3.55060146	1.2662
3.50489451	1.2894
3.47874437	1.3301
3.46806521	1.3824
3.45601288	1.4243
3.43832017	1.4335
3.43847913	1.414
3.47207074	1.3812
3.5344029	1.3396
3.60225975	1.2815
3.64268023	1.2241
3.65499237	1.1753
3.66048583	1.1647
3.65761245	1.2014
3.63175286	1.2769
3.58393286	1.35
3.53367715	1.4135
3.506937	1.448
3.51025105	1.4407
3.52752509	1.3965
3.53537513	1.3357
3.51899065	1.2827
3.4964525	1.2613
3.49808088	1.2603
3.51979131	1.2742
3.53298968	1.3052
3.52190261	1.3488
3.51463197	1.3789
3.53658654	1.3812
3.58625401	1.3447
3.64687242	1.2886
3.70763395	1.2191
3.75815298	1.1632
3.78130595	1.1371
3.76294786	1.1749
3.69345409	1.256
3.60986582	1.3495
3.54032039	1.4224
3.49939631	1.4537
3.49155552	1.4467
3.50869452	1.4334
3.54512008	1.3966
3.61414264	1.3218
3.7049046	1.2313
3.76713219	1.1674
3.75886981	1.16
3.67787187	1.2103
3.57302373	1.2893
3.47546477	1.3636
3.41519956	1.4154
3.39738541	1.4425
3.40879454	1.4542
3.44103853	1.4435
3.4739019	1.4025
3.50184204	1.3304
3.53152198	1.2726
3.56510555	1.2472
3.56041832	1.2643
3.52055574	1.2956
3.46276775	1.3245
3.41286921	1.347
3.39194207	1.355
3.39611473	1.3295
3.41554133	1.276
3.46363788	1.1949
3.56544634	1.1045
3.70429816	1.035
3.82497608	1.0005
3.88783364	0.9979
3.89769753	1.0308
3.86438968	1.0703
3.78920036	1.119
3.68374415	1.1757
3.58079932	1.2279
3.52665154	1.2626
3.52263515	1.2734
3.55932278	1.2647
3.60610584	1.251
3.63894417	1.2383
3.66288782	1.2221
3.67954431	1.1882
3.69780205	1.1556
3.71516541	1.1354
3.71231281	1.1354
3.69287346	1.1422
3.67614536	1.1472
3.66454992	1.153
3.65927841	1.1685
3.65500266	1.2005
3.6259358	1.2489
3.57757582	1.2891
3.53526827	1.3167
3.52287492	1.3316
3.54126865	1.336
3.56864903	1.3255
3.59070179	1.2882
3.61011786	1.2196
3.64627897	1.1618
3.6866599	1.146
3.69371929	1.1656
3.64051163	1.2151
3.54435133	1.277
3.46413179	1.34
3.42425196	1.4013
3.41723715	1.4423
3.42822567	1.4407
3.46903134	1.3918
3.53763191	1.3111
3.61288632	1.2385
3.67698379	1.2026
3.70388343	1.212
3.68332353	1.243
3.62452698	1.2987
3.5557045	1.362
3.49077543	1.4246
3.44110462	1.4643
3.41285485	1.459
3.41406325	1.4151
3.44363071	1.3557
3.48833022	1.31
3.54568595	1.2918
3.59897994	1.2907
3.63039406	1.3044
3.60798353	1.3371
3.55184186	1.38
3.48851115	1.4231
3.43993116	1.4411
3.41684464	1.428
3.41314921	1.3969
3.41885041	1.367
3.4234213	1.3529
3.41956782	1.3443
3.40611313	1.3385
3.38724017	1.3311
3.35858118	1.3434
3.33390843	1.3708
3.32401277	1.3987
3.32392691	1.4121
3.3299966	1.3997
3.35642507	1.3631
3.39951156	1.3228
3.45480087	1.2815
3.49100359	1.2498
3.5001173	1.2362
3.48632931	1.2441
3.47253133	1.2807
3.46184665	1.3381
3.44781578	1.404
3.44232493	1.4536
3.44014605	1.468
3.4552971	1.4399
3.50206924	1.375
3.57090965	1.3186
3.64290448	1.2765
3.68676127	1.2353
3.69086968	1.2021
3.64570336	1.2234
3.56812435	1.3225
3.49273497	1.4251
3.44734545	1.4877
3.42340106	1.5057
3.42607339	1.5001
3.43882875	1.4747
3.45562078	1.4199
3.49477044	1.3335
3.58012422	1.2582
3.66504322	1.2395
3.68025609	1.2662
3.61857158	1.3123
3.53876277	1.3486
3.47684477	1.3771
3.44795283	1.4053
3.43870707	1.4463
3.45213199	1.4762
3.47616791	1.48
3.49804606	1.4485
3.49663185	1.4174
3.47954213	1.4229
3.46977127	1.4481
3.47916068	1.467
3.48615116	1.4603
3.48751691	1.4434
3.48513182	1.4209
3.48234353	1.3957
3.48258577	1.3669
3.48839901	1.3382
3.47265241	1.3234
3.42390462	1.3337
3.38059429	1.3602
3.36438091	1.4051
3.38147666	1.4387
3.39555679	1.4529
3.39790635	1.4467
3.40130839	1.4173
3.41806851	1.3673
3.45353628	1.3161
3.48531208	1.272
3.49364261	1.2639
3.46768529	1.301
3.42995862	1.3855
3.39948158	1.4938
3.38024641	1.5742
3.35672839	1.6097
3.33953551	1.5889
3.32737788	1.5294
3.32258285	1.4343
3.33570986	1.3299
3.37817281	1.2412
3.41320421	1.1852
3.41577073	1.1748
3.39922225	1.1997
3.37391285	1.2474
3.35111141	1.2941
3.33059099	1.3461
3.33814832	1.3927
3.38087045	1.4262
3.45753683	1.4325
3.54562303	1.4076
3.61466817	1.3792
3.65537993	1.3549
3.67464515	1.3603
3.67493504	1.3827
3.66202786	1.3953
3.63992201	1.3844
3.62669223	1.3493
3.62897057	1.3057
3.63689254	1.26
3.62856879	1.2112
3.57264068	1.1752
3.48189937	1.157
3.39966605	1.1867
3.3441986	1.2645
3.31819371	1.3648
3.30552886	1.4463
3.3115149	1.4838
3.34012694	1.4806
3.39624524	1.4384
3.4723742	1.3503
3.54034253	1.2366
3.57856274	1.1448
3.57126819	1.1156
3.53679961	1.1287
3.47854863	1.1839
3.41623501	1.2737
3.35823581	1.3737
3.31803234	1.4517
3.31632432	1.496
3.35368895	1.5054
3.42370676	1.4768
3.50258889	1.4199
3.56237792	1.3518
3.59630556	1.2967
3.59835303	1.2751
3.59197197	1.2814
3.57358861	1.3019
3.5419722	1.3226
3.51010444	1.3378
3.48956842	1.3444
3.4835677	1.3446
3.49256001	1.3425
3.49973126	1.3445
3.49621681	1.3402
3.46214964	1.3478
3.41319449	1.3726
3.37096503	1.4195
3.35229546	1.4529
3.34554227	1.4599
3.35411255	1.4505
3.38293011	1.4219
3.4356373	1.3729
3.50757079	1.3096
3.56957414	1.2488
3.59173372	1.2042
3.55781413	1.1895
3.48425161	1.2183
3.41688618	1.265
3.37504042	1.3085
3.35318812	1.3374
3.36342973	1.3385
3.42264817	1.299
3.51888535	1.2291
3.63559188	1.1486
3.71764038	1.094
3.72711832	1.0789
3.66791043	1.1375
3.56346123	1.2544
3.46322951	1.3686
3.38136591	1.4424
3.33036777	1.4703
3.30573662	1.4795
3.31294794	1.4419
3.35127572	1.3361
3.43312721	1.1944
3.56128381	1.0674
3.67104822	0.9986
3.70724002	1.0214
3.6654008	1.1228
3.57645384	1.2548
3.48840684	1.3812
3.40875606	1.4716
3.35472804	1.5072
3.3276441	1.4815
3.33393906	1.3911
3.39530963	1.2514
3.49649541	1.1111
3.58458879	1.012
3.63116697	0.9663
3.64570829	0.9717
3.62874413	1.0199
3.57670473	1.093
3.51025284	1.1611
3.45791614	1.2112
3.45545862	1.236
3.49286242	1.2303
3.53337205	1.2019
3.55144796	1.176
3.55479424	1.1914
3.55414045	1.2228
3.53819991	1.2614
3.49279763	1.2908
3.42978924	1.3018
3.3705804	1.2952
3.34231003	1.2674
3.35705539	1.2262
3.40291543	1.1592
3.44880343	1.0863
3.48123957	1.0383
3.50439269	1.0306
3.49228323	1.0836
3.45865194	1.1785
3.41421486	1.2866
3.37790591	1.387
3.35356563	1.457
3.34801633	1.4859
3.38465234	1.4541
3.46840108	1.3846
3.58615363	1.2922
3.69270472	1.2051
3.78076273	1.1492
3.82853663	1.1337
3.81146868	1.1418
3.72420162	1.1549
3.59272544	1.1581
3.48095258	1.15
3.43192609	1.1278
3.46089063	1.0969
3.54123807	1.0701
3.65370329	1.0612
3.74470451	1.0802
3.78863615	1.1216
3.75489286	1.1756
3.65736226	1.2237
3.54307381	1.255
3.45035704	1.2784
3.383612	1.3155
3.35531461	1.3295
3.367079	1.3027
3.4290646	1.2388
3.54544642	1.1782
3.66154689	1.1568
3.72955902	1.1537
3.7241611	1.1728
3.67273548	1.2199
3.59981568	1.269
3.51881421	1.3115
3.45254023	1.3295
3.41476842	1.3182
3.43317261	1.2704
3.50507572	1.1949
3.59448723	1.1249
3.65105883	1.0762
3.6597936	1.062
3.65400877	1.0801
3.63734886	1.1247
3.60643388	1.1781
3.57015017	1.2167
3.53288336	1.238
3.50438304	1.2255
3.51974891	1.1791
3.59694062	1.1259
3.72783924	1.0864
3.83187175	1.0789
3.87492598	1.0716
3.83935235	1.0952
3.7818899	1.144
3.71235381	1.2144
3.61678115	1.2849
3.50428779	1.3385
3.41529979	1.3651
3.38233291	1.3582
3.39945687	1.3311
3.43788932	1.3027
3.46956107	1.2829
3.48491726	1.249
3.48893869	1.2209
3.49165724	1.2047
3.50047402	1.2017
3.50918406	1.211
3.5322744	1.234
3.56011392	1.2749
3.57068582	1.3266
3.57058846	1.364
3.56336852	1.3805
3.55474548	1.3815
3.5420895	1.3762
3.52331932	1.3698
3.50384873	1.3641
3.51131377	1.3499
3.55879354	1.3365
3.6267477	1.3311
3.66991795	1.3183
3.67774791	1.3141
3.67170334	1.297
3.65933824	1.2901
3.61648771	1.2971
3.52617422	1.3308
3.42237354	1.3797
3.35182624	1.4176
3.32762615	1.4309
3.33377197	1.4332
3.35578508	1.4239
3.40771718	1.3982
3.50557115	1.3623
3.63334028	1.331
3.75380295	1.319
3.80919603	1.3297
3.78910644	1.3655
3.71484724	1.4284
3.62665065	1.4941
3.54159645	1.5383
3.47677598	1.5355
3.44644716	1.4885
3.46742918	1.4105
3.53904686	1.3172
3.62813889	1.2304
3.70822696	1.1731
3.75654718	1.1482
3.7547411	1.1488
3.69001652	1.1845
3.59032836	1.2614
3.50304708	1.3548
3.46410477	1.4232
3.46197173	1.4619
3.48487838	1.4676
3.52393258	1.4489
3.57360427	1.4032
3.62072948	1.3432
3.64787021	1.2944
3.64564842	1.2903
3.62336868	1.3254
3.60125788	1.3742
3.58001944	1.4171
3.55662787	1.4464
3.53991663	1.461
3.5354381	1.4481
3.54732263	1.3979
3.5586296	1.3211
3.54316439	1.243
3.50935359	1.2001
3.48372421	1.2059
3.47690241	1.2573
3.47132122	1.3422
3.44757448	1.4243
3.42281416	1.4806
3.41068174	1.4982
3.41674373	1.4899
3.4365329	1.4595
3.4476809	1.4053
3.43509237	1.3372
3.39988821	1.2948
3.36946029	1.306
3.35513308	1.344
3.34316875	1.4025
3.32349759	1.4596
3.29966659	1.503
3.30081661	1.5354
3.33169551	1.558
3.37656399	1.5467
3.40950361	1.4915
3.41949616	1.3971
3.4351302	1.2947
3.44819559	1.2206
3.46117454	1.1667
3.44854846	1.1503
3.42913855	1.1736
3.42180957	1.2139
3.43788482	1.2575
3.46752834	1.2956
3.49858989	1.3202
3.53701284	1.3136
3.57268982	1.2869
3.61139889	1.2528
3.62481888	1.2333
3.6159137	1.2459
3.58644795	1.2737
3.55596013	1.3055
3.52305369	1.323
3.48941308	1.3255
3.46599404	1.3368
3.46932011	1.3415
3.50918484	1.3382
3.57608825	1.3333
3.62878222	1.3399
3.65492359	1.355
3.65390081	1.3681
3.63283049	1.3749
3.59571547	1.3749
3.55969536	1.3683
3.53004275	1.3392
3.5268274	1.3005
3.56083755	1.2703
3.61814952	1.2594
3.67497687	1.2624
3.71281428	1.2697
3.72626266	1.2785
3.72852917	1.2886
3.70494189	1.317
3.65872	1.3549
3.61133351	1.3815
3.59484323	1.3718
3.63534265	1.3188
3.70519944	1.2481
3.76123674	1.1966
3.78504884	1.1787
3.77753624	1.1967
3.74422446	1.2448
3.70460129	1.3086
3.63723043	1.3914
3.56403919	1.4805
3.50802136	1.5426
3.47541547	1.5601
3.46954218	1.5233
3.47840386	1.4462
3.51122349	1.3466
3.56295252	1.258
3.61520653	1.2056
3.65367636	1.2007
3.67496106	1.2441
3.68009767	1.3013
3.66032567	1.3691
3.61177965	1.4287
3.55409201	1.4813
3.52384949	1.5092
3.53452955	1.5039
3.57355606	1.468
3.62214764	1.3919
3.66735913	1.3132
3.71158291	1.2561
3.74087557	1.2273
3.73014528	1.2236
3.66693776	1.2194
3.57572948	1.205
3.49951018	1.1925
3.47348352	1.2005
3.49050186	1.2218
3.51953296	1.2405
3.52585475	1.2611
3.53872021	1.285
3.56265941	1.3147
3.59075598	1.3601
3.61293897	1.4155
3.62933662	1.4583
3.63774605	1.4833
3.64309888	1.4888
3.66112797	1.4729
3.69925832	1.4419
3.74222106	1.4151
3.77079996	1.3874
3.76931845	1.3644
3.737602	1.3395
3.68359308	1.3283
3.62841957	1.3282
3.57614639	1.3516
3.54781418	1.3789
3.52861514	1.4094
3.5225202	1.4236
3.52204115	1.4164
3.52686207	1.3898
3.55388749	1.3549
3.59341977	1.3212
3.62830764	1.2874
3.64973338	1.2505
3.6379806	1.2294
3.60654935	1.2198
3.57267603	1.2316
3.53549729	1.2625
3.51826242	1.2884
3.52649606	1.3062
3.55983548	1.2943
3.59428729	1.2808
3.60774858	1.275
3.60367909	1.2751
3.58983368	1.2777
3.56486761	1.3011
3.54443034	1.328
3.52137781	1.3695
3.50217108	1.3982
3.50560456	1.3993
3.52695593	1.3812
3.56336073	1.3569
3.58593703	1.3365
3.59339532	1.3292
3.58338103	1.3235
3.57523187	1.3241
3.5670759	1.3469
3.56113755	1.382
3.54182368	1.4177
3.53351837	1.4168
3.54562953	1.3857
3.57834298	1.3287
3.61895551	1.2711
3.64945334	1.2175
3.65010134	1.181
3.62583127	1.1736
3.58938081	1.1841
3.56561771	1.2103
3.5605155	1.232
3.56592653	1.2412
3.59095341	1.2197
3.64648609	1.1595
3.72355378	1.084
3.80720152	1.0108
3.86252891	0.9564
3.8497234	0.9471
3.78767964	0.9723
3.66296584	1.0528
3.54550328	1.1686
3.47470648	1.2828
3.45668916	1.37
3.46627778	1.4083
3.47910646	1.4138
3.4891057	1.3912
3.49696681	1.3517
3.50962741	1.2712
3.52072788	1.1872
3.52232825	1.1096
3.50328486	1.0667
3.45769782	1.0868
3.42959853	1.1439
3.44703472	1.2051
3.49473212	1.2493
3.5431109	1.2749
3.57479309	1.2854
3.57510021	1.2825
3.55587956	1.2633
3.54121518	1.231
3.53271841	1.1917
3.52543446	1.1485
3.50021341	1.1306
3.47393775	1.1223
3.46217002	1.1049
3.49430626	1.0675
3.56870046	1.0329
3.6191194	1.0276
3.62300848	1.0362
3.59524297	1.0561
3.5750118	1.0955
3.56687358	1.151
3.53749954	1.2213
3.50874026	1.2778
3.49573494	1.2984
3.49489199	1.2971
3.50948867	1.2712
3.51863031	1.2282
3.52398244	1.1945
3.5274302	1.1655
3.5115252	1.1714
3.483811	1.2042
3.45524642	1.2493
3.42698621	1.2803
3.39828116	1.2961
3.38373679	1.2943
3.39402208	1.2759
3.44144509	1.2411
3.52083049	1.1804
3.60882231	1.112
3.67201412	1.0647
3.72627708	1.046
3.74088808	1.0705
3.71810143	1.1219
3.64780972	1.2057
3.56541327	1.3014
3.51985754	1.3591
3.53191823	1.3726
3.57894625	1.3558
3.63274154	1.3067
3.65532009	1.24
3.65790487	1.1582
3.65609882	1.1015
3.64726943	1.0809
3.60750232	1.1015
3.54048359	1.1502
3.49232254	1.2012
3.46292125	1.2569
3.43883292	1.3103
3.41684239	1.3701
3.40468142	1.421
3.41643116	1.4498
3.4429668	1.4673
3.46461933	1.4614
3.47554876	1.4462
3.48628871	1.4292
3.49788763	1.4138
3.50191416	1.3826
3.49969107	1.3293
3.49997569	1.2832
3.50655354	1.2508
3.51179055	1.2417
3.51035977	1.2493
3.50721122	1.2768
3.50684066	1.3112
3.5177525	1.3419
3.53419256	1.3715
3.55201531	1.3855
3.56435357	1.3736
3.58295749	1.3439
3.61109889	1.3053
3.63544672	1.2601
3.64426484	1.2121
3.64373336	1.1742
3.64973955	1.1497
3.64344548	1.1553
3.63131456	1.1801
3.60617069	1.2162
3.58568418	1.2436
3.56977913	1.2737
3.56039682	1.2972
3.56133795	1.3229
3.56682678	1.3508
3.57771103	1.3539
3.59106105	1.3486
3.61803391	1.3275
3.65260794	1.3171
3.69966955	1.298
3.7230915	1.2819
3.72130235	1.2646
3.70046199	1.2519
3.67551307	1.246
3.65705449	1.244
3.61921279	1.2546
3.57324393	1.2782
3.54173823	1.3026
3.53441011	1.3265
3.52986107	1.3541
3.52059651	1.3822
3.51157642	1.4046
3.51541205	1.3986
3.53665365	1.3765
3.56864221	1.3523
3.60336708	1.3469
3.63576479	1.3338
3.66708836	1.3014
3.68614395	1.2655
3.69854015	1.2322
3.70392081	1.2104
3.69721844	1.1931
3.68182002	1.1716
3.65791178	1.1675
3.62928576	1.1831
3.61301666	1.1968
3.61261556	1.2077
3.62173264	1.2077
3.61064471	1.1971
3.5758683	1.1781
3.55635676	1.1683
3.56741548	1.1661
3.59584906	1.1738
3.61415889	1.1949
3.61800834	1.2319
3.62558014	1.2641
3.63095426	1.3058
3.62446578	1.3375
3.61765328	1.3615
3.61119589	1.3723
3.62452602	1.3517
3.64526813	1.306
3.65963845	1.2616
3.67470538	1.239
3.6821923	1.2385
3.65362656	1.26
3.58821678	1.2993
3.52106319	1.3536
3.46857093	1.4099
3.42429479	1.4651
3.39063307	1.4917
3.36897308	1.5001
3.36877296	1.4911
3.38767074	1.4612
3.42543258	1.4081
3.47568101	1.3287
3.52603482	1.261
3.59499012	1.232
3.67746317	1.2353
3.72467467	1.2527
3.69042782	1.2913
3.61235965	1.3326
3.53391899	1.3715
3.48063089	1.3974
3.44731725	1.3991
3.42034321	1.3727
3.41064397	1.3288
3.43429777	1.2907
3.49138989	1.2736
3.56001598	1.2615
3.60884882	1.2422
3.61620244	1.2344
3.58929209	1.2492
3.55165973	1.2746
3.51974518	1.3009
3.48479392	1.3368
3.45497352	1.4028
3.4419759	1.4672
3.43959352	1.5237
3.44521424	1.5492
3.45890842	1.5527
3.46655548	1.5568
3.46263992	1.5401
3.44660761	1.5096
3.42534544	1.4712
3.42144537	1.4259
3.42562971	1.4064
3.41656186	1.4073
3.3892147	1.428
3.35893667	1.4568
3.34722293	1.4905
3.34660297	1.5249
3.34837665	1.5362
3.34740823	1.5168
3.35817278	1.4667
3.3872117	1.3935
3.43927167	1.3093
3.49283437	1.2335
3.51139658	1.1614
3.49002262	1.1213
3.4540756	1.148
3.41446514	1.2359
3.36027591	1.3474
3.30548506	1.4364
3.26794334	1.4924
3.26236541	1.5148
3.28567945	1.5132
3.31759061	1.4794
3.35347355	1.4192
3.384012	1.3589
3.42734777	1.3269
3.48068892	1.3403
3.51308239	1.3866
3.51670598	1.4368
3.48436943	1.4799
3.43337604	1.5226
3.38402755	1.5549
3.3508515	1.5677
3.33590352	1.5536
3.33680344	1.5228
3.35023504	1.4802
3.37352501	1.4438
3.40416184	1.412
3.43075941	1.3713
3.4527038	1.3119
3.45685648	1.2524
3.43890436	1.2143
3.41798633	1.1983
3.42034235	1.2224
3.45561663	1.2554
3.49179753	1.2837
3.51785397	1.2947
3.54424275	1.3151
3.57084504	1.3497
3.57597592	1.3827
3.54757593	1.3945
3.49649464	1.3927
3.44615771	1.3952
3.41517292	1.4093
3.39630406	1.4268
3.3756129	1.4399
3.35890105	1.4403
3.34837412	1.4363
3.34778414	1.4344
3.351823	1.4347
3.36033936	1.4241
3.3817773	1.3998
3.40497156	1.3759
3.41351497	1.3787
3.3990594	1.4068
3.37846233	1.4468
3.36313287	1.4804
3.35285334	1.4869
3.34344259	1.4724
3.35724701	1.4491
3.405484	1.4144
3.49945564	1.3533
3.61316891	1.2694
3.72095737	1.1726
3.78674721	1.0844
3.79449862	1.0305
3.75097693	1.0141
3.64599798	1.0457
3.52148736	1.0852
3.42257534	1.1272
3.36183313	1.1646
3.33663428	1.2041
3.33548905	1.2271
3.34741698	1.2374
3.38198856	1.2243
3.43193986	1.2253
3.46029199	1.24
3.45990394	1.2577
3.45287289	1.2747
3.44998705	1.2921
3.4370528	1.2997
3.40764548	1.3046
3.3779612	1.2927
3.36506718	1.2706
3.37083193	1.2449
3.39128908	1.2576
3.41695237	1.2888
3.4450925	1.315
3.47481107	1.319
3.49859768	1.3052
3.52568751	1.2823
3.55532243	1.2592
3.59663254	1.2164
3.63048889	1.1638
3.65762578	1.1256
3.66123422	1.1424
3.66868448	1.1932
3.67148949	1.2412
3.64829819	1.2785
3.60183554	1.3016
3.56126937	1.319
3.54486309	1.3225
3.56006591	1.2997
3.57831101	1.2555
3.58708954	1.2096
3.58019407	1.1835
3.5750344	1.2055
3.55270679	1.2632
3.48333382	1.3337
3.39115917	1.3895
3.3252766	1.4323
3.30987765	1.4665
3.32852352	1.4918
3.36479622	1.4974
3.41639541	1.4576
3.49587506	1.3921
3.60284501	1.3064
3.71081613	1.2306
3.79322621	1.1837
3.82753591	1.1603
3.82108068	1.1598
3.77705383	1.2211
3.72455811	1.3031
3.67401695	1.3594
3.62203925	1.37
3.58528783	1.3166
3.55951804	1.2484
3.56367356	1.2036
3.60501883	1.1867
3.63979374	1.1901
3.64897888	1.1942
3.63365058	1.2057
3.62818804	1.239
3.6199975	1.2888
3.59825034	1.3091
3.5504545	1.2942
3.50898333	1.243
3.51404287	1.1989
3.54412281	1.1844
3.56841313	1.1858
3.55518114	1.2062
3.52478163	1.2282
3.51063016	1.2506
3.4931836	1.2974
3.46303323	1.3498
3.42857044	1.3735
3.41967331	1.3742
3.44340507	1.3557
3.47713915	1.3224
3.48677095	1.286
3.47059844	1.256
3.45243963	1.2499
3.4376741	1.2354
3.43057521	1.2313
3.41821513	1.2041
3.40987425	1.1849
3.42995368	1.1838
3.48330193	1.2135
3.54538464	1.2424
3.5707919	1.2652
3.56150586	1.2617
3.5221256	1.2628
3.47414562	1.2993
3.43661353	1.3391
3.41764269	1.3583
3.43502672	1.3528
3.47244668	1.3329
3.5291667	1.304
3.57853666	1.2759
3.61731571	1.257
3.6391965	1.2516
3.61947257	1.26
3.57156344	1.2783
3.52099196	1.2878
3.50398632	1.2979
3.52115103	1.3204
3.53602799	1.3344
3.54142011	1.3224
3.55648925	1.2942
3.5991178	1.2639
3.62467513	1.2616
3.6007287	1.2805
3.53064148	1.3213
3.47286847	1.3752
3.4504316	1.4221
3.43942306	1.459
3.4256747	1.4737
3.42245552	1.4407
3.45932649	1.3622
3.53736014	1.2465
3.63162341	1.1645
3.69525962	1.1233
3.69824955	1.1163
3.67919257	1.1488
3.6388042	1.2073
3.5750583	1.2986
3.50039912	1.4006
3.44893147	1.4856
3.43478286	1.5322
3.4485319	1.538
3.48624572	1.519
3.53640587	1.4821
3.59667118	1.4142
3.64136795	1.3314
3.6461405	1.2546
3.61243748	1.2101
3.54839147	1.2171
3.48472926	1.2756
3.44532472	1.356
3.4188657	1.4323
3.39048675	1.4795
3.36155008	1.5037
3.3511971	1.4934
3.36594724	1.4552
3.38822711	1.3974
3.39512197	1.3426
3.37631152	1.3041
3.3522767	1.2921
3.36006373	1.3022
3.3913238	1.3369
3.40856255	1.3684
3.39699869	1.4044
3.38299414	1.4341
3.37910927	1.4548
3.38568681	1.4584
3.37973324	1.4552
3.34805843	1.4515
3.30574296	1.454
3.27499421	1.4651
3.26213013	1.4618
3.26928305	1.4564
3.28197181	1.4323
3.30303618	1.404
3.33703893	1.3784
3.39486963	1.3479
3.46359969	1.3175
3.50907775	1.3025
3.50448187	1.3051
3.46872867	1.3257
3.45036895	1.3628
3.45027097	1.3984
3.45372796	1.4196
3.45126537	1.4247
3.46428596	1.4042
3.50124605	1.3782
3.5594827	1.3421
3.60627703	1.3175
3.62347947	1.2919
3.5937332	1.2708
3.53118348	1.2587
3.46159395	1.2646
3.39694096	1.2938
3.3755316	1.3123
3.38448907	1.3153
3.42418632	1.2995
3.4677641	1.2882
3.50399703	1.2878
3.53143174	1.2974
3.55177372	1.311
3.55826412	1.3209
3.5317626	1.3345
3.49587582	1.3629
3.47429125	1.4057
3.47031871	1.4425
3.4838551	1.4411
3.49834947	1.4107
3.51441728	1.3645
3.53171657	1.3021
3.54106407	1.2535
3.53970333	1.2314
3.51268812	1.2508
3.48128063	1.2842
3.4582192	1.3193
3.44313616	1.356
3.44824438	1.3933
3.47060087	1.419
3.50657532	1.415
3.54695752	1.3892
3.59505607	1.3534
3.6336287	1.3224
3.65291563	1.3121
3.63570156	1.3154
3.60199231	1.3193
3.5706677	1.339
3.54682869	1.3644
3.53763438	1.3811
3.54170584	1.3648
3.56165114	1.3279
3.59783528	1.2792
3.63754526	1.2493
3.66653829	1.2181
3.67631403	1.2258
3.67847292	1.2594
3.64893411	1.3287
3.61009602	1.4034
3.57101411	1.4699
3.54668132	1.5103
3.53527471	1.5128
3.52931118	1.4722
3.53340432	1.4125
3.55495264	1.3455
3.5818495	1.2894
3.60248324	1.2601
3.61156079	1.2402
3.60801835	1.2324
3.59872395	1.2514
3.59442184	1.2962
3.59756873	1.3426
3.60852691	1.3748
3.61505397	1.3911
3.62054061	1.3981
3.62687885	1.3797
3.62742127	1.357
3.62825613	1.3152
3.61762445	1.2818
3.61875936	1.2561
3.63122689	1.2269
3.66713503	1.201
3.7068539	1.1801
3.75103243	1.1723
3.77541099	1.1756
3.76811965	1.2019
3.73761835	1.2419
3.67504222	1.3123
3.60985335	1.3673
3.54323804	1.4164
3.49758149	1.4536
3.4704824	1.4858
3.46362728	1.4853
3.47477163	1.449
3.49822594	1.3864
3.53303405	1.3248
3.56943298	1.2853
3.59801754	1.2641
3.60752673	1.2796
3.6072778	1.3149
3.60353141	1.3518
3.59147152	1.3811
3.58082943	1.3924
3.57540361	1.3824
3.58278011	1.3625
3.58592719	1.3289
3.58655287	1.2924
3.56621285	1.2704
3.55650307	1.2736
3.56640008	1.3072
3.57650831	1.3417
3.56095806	1.3689
3.52187921	1.3699
3.49649902	1.3625
3.51172027	1.3468
3.55080738	1.3177
3.58054065	1.2867
3.58097351	1.2518
3.58018352	1.2351
3.61164101	1.241
3.6452607	1.2773
3.65460988	1.326
3.63319967	1.3757
3.6077725	1.4071
3.61365897	1.4026
3.6223408	1.3732
3.62046377	1.3277
3.59313482	1.2808
3.5579586	1.2437
3.53483087	1.215
3.50532811	1.195
3.4647836	1.1905
3.42178107	1.184
3.4190127	1.1985
3.44388707	1.2397
3.47822629	1.2749
3.50247489	1.3296
3.51906057	1.3825
3.53777554	1.4325
3.55764788	1.4562
3.57179841	1.4517
3.5846028	1.4228
3.58872689	1.3918
3.5856395	1.3588
3.57423377	1.3111
3.55244437	1.254
3.53267889	1.2035
3.51705219	1.1823
3.51659492	1.1812
3.53296592	1.2141
3.54456002	1.2661
3.55404432	1.328
3.56096352	1.3787
3.57520821	1.4034
3.57399024	1.3946
3.55965622	1.3571
3.53941216	1.3132
3.52284635	1.2708
3.51726133	1.2353
3.49575125	1.2287
3.45297081	1.2416
3.41368896	1.2896
3.40411181	1.3424
3.41499157	1.3928
3.4195308	1.4184
3.41605127	1.4249
3.41936236	1.4224
3.44676432	1.4186
3.47797246	1.4039
3.48557834	1.3868
3.45898442	1.3898
3.43074116	1.4069
3.42106191	1.4414
3.4166976	1.4679
3.40739786	1.4699
3.39660217	1.4474
3.40008035	1.4019
3.43864841	1.3459
3.49785752	1.2905
3.54362602	1.2414
3.5473397	1.2136
3.54489354	1.2083
3.53902971	1.2444
3.526999	1.31
3.49987509	1.3878
3.48062747	1.4503
3.47732096	1.4836
3.48789728	1.4824
3.51442114	1.4474
3.55284934	1.3842
3.58797891	1.3057
3.626688	1.23
3.66238156	1.1932
3.67077425	1.1849
3.64640666	1.1918
3.6148158	1.2165
3.58128822	1.2532
3.54832489	1.2864
3.52462945	1.316
3.5079603	1.344
3.5034565	1.3664
3.50192716	1.3902
3.49921741	1.4062
3.48718979	1.4199
3.47647975	1.4362
3.47467673	1.4558
3.4778145	1.4618
3.47784463	1.44
3.47608728	1.3905
3.48694941	1.3464
3.52753243	1.328
3.5747165	1.3257
3.59406973	1.3298
3.57914184	1.3389
3.55209376	1.3624
3.52997443	1.4081
3.51887476	1.4561
3.51949881	1.4862
3.52081679	1.4843
3.52097283	1.4515
3.54071748	1.408
3.58675612	1.3672
3.63073411	1.3262
3.66410348	1.2832
3.69762389	1.2472
3.72969361	1.2376
3.74013652	1.254
3.73052317	1.2813
3.70529349	1.3221
3.67816908	1.3734
3.66892329	1.4027
3.65971126	1.4265
3.65511674	1.4355
3.65866506	1.4333
3.67408269	1.4113
3.68320772	1.3863
3.67361653	1.369
3.63976149	1.3668
3.59224137	1.3795
3.54390777	1.3881
3.50863824	1.379
3.47268284	1.3674
3.45406037	1.3514
3.46452346	1.3385
3.50463704	1.3143
3.5447819	1.2817
3.56336874	1.2652
3.5682267	1.2729
3.56592029	1.2956
3.55003122	1.3191
3.52146746	1.3335
3.49267972	1.3451
3.47736361	1.3416
3.48379954	1.3219
3.51160492	1.2829
3.53878687	1.232
3.55168628	1.185
3.55356581	1.1537
3.54816368	1.1533
3.53339542	1.1833
3.49117822	1.2442
3.43712414	1.3107
3.40593754	1.3783
3.40072744	1.4291
3.40735572	1.4655
3.41604709	1.4697
3.43055498	1.4302
3.45432883	1.3744
3.48752901	1.3349
3.51619007	1.3181
3.51985331	1.3254
3.50495275	1.3431
3.49503045	1.3684
3.49195349	1.4053
3.49402548	1.4354
3.49594243	1.4567
3.50714175	1.4576
3.52953679	1.4461
3.55272484	1.4321
3.55576734	1.4177
3.54502695	1.394
3.52868137	1.3737
3.50930086	1.3667
3.47492216	1.3795
3.43567471	1.4052
3.4113571	1.4225
3.40415009	1.425
3.41046714	1.4146
3.41546003	1.3925
3.41920022	1.3674
3.43944507	1.3232
3.46775041	1.2868
3.49497822	1.2465
3.4980037	1.2377
3.48603345	1.2362
3.4697863	1.2686
3.45676605	1.3253
3.45048772	1.3885
3.44661039	1.4291
3.4477776	1.4391
3.45665462	1.4381
3.47146634	1.427
3.49457752	1.3949
3.52419299	1.34
3.56485217	1.2881
3.59997046	1.2643
3.6176833	1.2696
3.60765336	1.2814
3.5706607	1.2972
3.52633828	1.3094
3.47559861	1.3381
3.42930128	1.3852
3.39324012	1.4297
3.39382412	1.4518
3.42028503	1.4438
3.45482442	1.4119
3.48931286	1.3704
3.51311072	1.3266
3.52841159	1.2838
3.51140005	1.2425
3.45418935	1.2144
3.38499395	1.2186
3.34469685	1.2491
3.34686173	1.2791
3.38522459	1.2939
3.42955667	1.3152
3.45698325	1.3417
3.465359	1.3672
3.4641207	1.3896
3.46437287	1.3869
3.45584962	1.3586
3.43248454	1.3235
3.40616765	1.2972
3.38718452	1.2804
3.36402076	1.2715
3.34426058	1.2484
3.33386873	1.2322
3.3490304	1.2295
3.37405935	1.2461
3.37559201	1.2939
3.35393564	1.3414
3.33958047	1.3769
3.35038626	1.4007
3.37878849	1.4195
3.40026736	1.424
3.40142395	1.4171
3.39830256	1.4001
3.41308969	1.3858
3.44348216	1.3779
3.46344192	1.3779
3.44900052	1.3859
3.41950244	1.4015
3.39074151	1.4338
3.36216309	1.471
3.31647844	1.5035
3.25988933	1.5376
3.23515278	1.5557
3.24925692	1.5559
3.2744705	1.5392
3.28977812	1.5215
3.2921505	1.5148
3.29580908	1.51
3.30734379	1.5019
3.31547143	1.4889
3.30093288	1.4759
3.27854364	1.4769
3.27198525	1.4981
3.28569495	1.5029
3.30049329	1.4752
3.30611283	1.4305
3.31582166	1.4043
3.3339192	1.399
3.35093984	1.4039
3.35973233	1.4088
3.35748509	1.4189
3.35346492	1.4489
3.36295361	1.49
3.36928352	1.5189
3.36356413	1.521
3.34293567	1.5055
3.31832811	1.4907
3.2955251	1.4764
3.27040287	1.4542
3.24963056	1.4097
3.23846608	1.3644
3.24868241	1.3282
3.27284584	1.3188
3.3053035	1.3051
3.33410793	1.2826
3.36636912	1.2664
3.39076292	1.2495
3.39011387	1.2371
3.37031197	1.2392
3.35976468	1.2665
3.37675487	1.3066
3.40750336	1.3281
3.42091399	1.3231
3.41833015	1.3124
3.4151209	1.3174
3.41802614	1.3327
3.43165319	1.3284
3.4314813	1.3344
3.42872044	1.3383
3.42613791	1.3442
3.43249197	1.3421
3.43851411	1.3419
3.43393614	1.351
3.43664344	1.3659
3.44595612	1.3876
3.45600356	1.4093
3.45363187	1.4174
3.43823384	1.4331
3.42005873	1.4565
3.4116393	1.4595
3.39808286	1.4428
3.38807238	1.41
3.3876907	1.3792
3.41512118	1.3556
3.46422529	1.3339
3.50356307	1.3283
3.53102383	1.3283
3.53524163	1.3492
3.53056278	1.3776
3.51411356	1.412
3.49345388	1.4404
3.47470696	1.4674
3.46967554	1.4975
3.48857045	1.5042
3.51656884	1.4845
3.53659664	1.4457
3.53586867	1.3969
3.53783428	1.3462
3.54114503	1.2952
3.51566879	1.2689
3.45293668	1.271
3.39354172	1.3089
3.37645585	1.3501
3.39382028	1.3847
3.41731017	1.4061
3.43731875	1.4422
3.45889471	1.4687
3.49787299	1.4768
3.5420488	1.4626
3.57633266	1.4343
3.58760831	1.4007
3.59192201	1.3567
3.59304392	1.3118
3.57335868	1.28
3.53476589	1.2691
3.48483488	1.2967
3.46517152	1.332
3.46982608	1.3705
3.47863967	1.4097
3.46541842	1.4577
3.45100349	1.4882
3.4382486	1.5179
3.43647978	1.5209
3.42450502	1.5101
3.40441844	1.4707
3.38965533	1.4193
3.40067089	1.3447
3.44368792	1.2733
3.49445752	1.2169
3.53936025	1.1713
3.60663929	1.1414
3.68737123	1.1449
3.73200609	1.1833
3.69002081	1.2649
3.6120357	1.3603
3.55370405	1.4435
3.52562765	1.4735
3.50757787	1.4685
3.48706277	1.4444
3.48589612	1.3947
3.51323689	1.3175
3.56445737	1.225
3.60124173	1.1419
3.61249662	1.0957
3.60486474	1.0944
3.57864233	1.1396
3.5302811	1.2145
3.45493567	1.2969
3.39850565	1.373
3.37912762	1.4183
3.39438901	1.4353
3.42594748	1.4285
3.45003638	1.3972
3.46956525	1.345
3.50003058	1.2893
3.53156501	1.2514
3.52997505	1.2421
3.49649377	1.2408
3.45046911	1.2415
3.41972238	1.2369
3.40917734	1.2414
3.42149752	1.2624
3.45544578	1.2894
3.51383686	1.2878
3.57557459	1.27
3.60560906	1.2458
3.58110551	1.248
3.55478134	1.2696
3.55306724	1.2841
3.56984505	1.283
3.56624451	1.2818
3.5442881	1.3016
3.52907374	1.3318
3.55913074	1.3361
3.59035236	1.3187
3.57784603	1.3027
3.5204334	1.302
3.46198862	1.3169
3.44480756	1.3351
3.44112988	1.3466
3.41456659	1.3662
3.37967643	1.3786
3.36743358	1.3727
3.4076275	1.3452
3.48257345	1.3117
3.5542168	1.2834
3.59863812	1.2532
3.62541399	1.2244
3.65457414	1.1913
3.66367206	1.1635
3.60668739	1.1418
3.52480416	1.1266
3.47535779	1.0995
3.4910173	1.062
3.53785503	1.0382
3.5996199	1.0293
3.66912255	1.0336
3.73540107	1.0433
3.78265551	1.0639
3.77329443	1.0894
3.7195392	1.1112
3.64101116	1.1302
3.57467232	1.1557
3.53975938	1.1851
3.54636028	1.2155
3.56733141	1.232
3.59065981	1.2242
3.61417719	1.209
3.64814219	1.203
3.67765887	1.2121
3.70016414	1.2293
3.70307223	1.2399
3.6829505	1.2451
3.64115104	1.2613
3.59849622	1.2818
3.57879318	1.2929
3.55987202	1.2952
3.53220113	1.2874
3.48842505	1.2852
3.43999257	1.3018
3.40838567	1.3172
3.39850599	1.3292
3.3879164	1.3393
3.39522698	1.335
3.42305677	1.3253
3.47575856	1.291
3.53594707	1.256
3.5861203	1.2227
3.61839374	1.1943
3.64857572	1.1773
3.64339469	1.1854
3.59295742	1.2159
3.50245564	1.2749
3.42675179	1.3434
3.38103201	1.3947
3.35341123	1.4186
3.3331003	1.4081
3.33203947	1.3785
3.35177162	1.3315
3.39218915	1.2673
3.44056598	1.2104
3.46736901	1.1706
3.47728902	1.1545
3.48600988	1.1647
3.48717539	1.2266
3.4608401	1.3298
3.4199079	1.4335
3.39372752	1.5008
3.40995215	1.5296
3.45323438	1.5334
3.50255077	1.5234
3.54481243	1.4887
3.57430598	1.4216
3.59158802	1.343
3.59511566	1.2696
3.56218046	1.2344
3.49898734	1.2506
3.43875739	1.2888
3.39387483	1.3292
3.36823156	1.3546
3.3544616	1.3725
3.35735931	1.3667
3.38472933	1.3426
3.4253436	1.315
3.45461522	1.2962
3.4670389	1.2909
3.48983138	1.2862
3.5307636	1.2928
3.56856491	1.3212
3.57216594	1.3492
3.54529054	1.3562
3.52109486	1.3401
3.52622728	1.3047
3.54155151	1.2706
3.54627147	1.25
3.54907207	1.2458
3.57378686	1.2507
3.57162543	1.2826
3.52834431	1.33
3.46341605	1.3815
3.41423752	1.4211
3.39326544	1.4267
3.39810555	1.4034
3.41453637	1.3683
3.44813878	1.3148
3.51008397	1.2609
3.59541585	1.2271
3.67226877	1.2087
3.70760745	1.2026
3.69187328	1.2109
3.63434809	1.2208
3.56150132	1.2452
3.50338059	1.2481
3.47560115	1.2307
3.48388143	1.2037
3.52288695	1.1901
3.58105008	1.1915
3.64062575	1.2069
3.67674935	1.2386
3.68825085	1.2844
3.66587671	1.3382
3.63604006	1.3675
3.62131825	1.3569
3.62319991	1.3112
3.64211576	1.2409
3.67661932	1.1664
3.73983883	1.1101
3.79808314	1.0687
3.81041684	1.0623
3.75498205	1.1129
3.66064919	1.2171
3.57414524	1.338
3.50556674	1.4361
3.4689401	1.5017
3.47647273	1.5146
3.51916278	1.4662
3.60759396	1.3585
3.72541223	1.2361
3.82569668	1.1408
3.84167152	1.0973
3.78883498	1.1024
3.70162248	1.1571
3.5978006	1.2362
3.5127569	1.3086
3.47548133	1.351
3.50530459	1.3454
3.59777414	1.3053
3.73302865	1.2446
3.8566039	1.1883
3.92315167	1.1512
3.89534158	1.1498
3.78240516	1.189
3.63996948	1.2528
3.51155574	1.3205
3.42629894	1.3623
3.36880308	1.3819
3.34246368	1.3872
3.3559154	1.3854
3.43081502	1.3449
3.56118598	1.2728
3.67560572	1.2075
3.74853488	1.1677
3.77143249	1.1729
3.75626575	1.2095
3.69809822	1.2451
3.61549634	1.274
3.53780185	1.3118
3.50083772	1.3422
3.50490742	1.3423
3.5271372	1.3229
3.56247712	1.2858
3.60849679	1.2415
3.66388046	1.1935
3.7066849	1.1472
3.70804409	1.1015
3.63527946	1.0542
3.52835119	1.0191
3.45358534	0.9935
3.41676758	0.9933
3.38113213	1.0154
3.34234078	1.0623
3.34705559	1.1263
3.3894607	1.2137
3.44350157	1.3101
3.46962751	1.3967
3.47961394	1.4481
3.49426223	1.4542
3.52413405	1.4175
3.56641346	1.3434
3.58766664	1.2568
3.58592567	1.1662
3.58317856	1.0995
3.58715769	1.0583
3.55822837	1.0615
3.49054089	1.1129
3.41238026	1.2002
3.37280629	1.2918
3.36217644	1.355
3.36543913	1.3851
3.37779942	1.3984
3.40429346	1.3814
3.45392752	1.3113
3.51586727	1.2021
3.56745865	1.103
3.58171183	1.0483
3.55781974	1.048
3.50321069	1.0831
3.43896252	1.1258
3.38215257	1.178
3.36502213	1.2481
3.39126592	1.3096
3.44897137	1.3484
3.52386454	1.3381
3.61056683	1.2905
3.69087213	1.2334
3.73420205	1.1939
3.71386672	1.1805
3.65151823	1.1817
3.56725674	1.1922
3.50337832	1.2098
3.48192888	1.2344
3.49284115	1.2512
3.51164328	1.2625
3.55198291	1.2465
3.60062922	1.2246
3.65526104	1.2013
3.67403301	1.197
3.62910791	1.2043
3.54991959	1.2308
3.48740625	1.2681
3.44399802	1.3081
3.40845631	1.3411
3.39115222	1.3537
3.40961213	1.3408
3.47757978	1.297
3.57776854	1.2467
3.6795361	1.2095
3.74010505	1.1905
3.73751539	1.176
3.69649399	1.1662
3.65443912	1.1762
3.61865956	1.2087
3.56825173	1.2645
3.52961219	1.294
3.51426545	1.2799
3.5420556	1.2407
3.59162061	1.1997
3.63160696	1.1636
3.64113397	1.1323
3.62709808	1.1172
3.60071168	1.122
3.57529868	1.1575
3.55280791	1.2086
3.52952518	1.2593
3.5080082	1.2903
3.51135059	1.2911
3.5302119	1.2757
3.55627326	1.2392
3.58162265	1.1898
3.60180619	1.1433
3.63225273	1.1247
3.65517219	1.1515
3.6594765	1.2083
3.64647859	1.2649
3.62679671	1.2998
3.60319409	1.3103
3.58134205	1.3024
3.5494192	1.281
3.5008284	1.2472
3.44375336	1.209
3.38314574	1.1816
3.3438044	1.1676
3.32856424	1.1718
3.33078052	1.1971
3.35592382	1.2228
3.3895304	1.234
3.43870192	1.2369
3.50036525	1.2422
3.56503943	1.2508
3.59943983	1.2739
3.59275944	1.3161
3.56205231	1.3588
3.52307316	1.4046
3.49219763	1.4309
3.46931069	1.4347
3.45434833	1.4232
3.45856176	1.4037
3.49959592	1.3518
3.58708327	1.2759
3.69997752	1.1832
3.7963255	1.1055
3.81740348	1.0705
3.76911612	1.09
3.67098573	1.1695
3.55013819	1.2795
3.43799155	1.389
3.35529066	1.4735
3.30806315	1.5049
3.29548396	1.5043
3.31233537	1.4672
3.35685462	1.3978
3.43126496	1.2963
3.51944931	1.1887
3.58075637	1.1296
3.59739754	1.1339
3.57452171	1.2033
3.5285944	1.2981
3.47389647	1.3762
3.41648652	1.4327
3.36827295	1.4675
3.34452877	1.4842
3.35354041	1.4815
3.38325428	1.4696
3.41367052	1.4515
3.43973764	1.4255
3.47643943	1.3972
3.51263801	1.3569
3.51646978	1.3136
3.46328012	1.2833
3.38474135	1.2753
3.33562487	1.2582
3.30837592	1.234
3.29597877	1.215
3.28434315	1.2146
3.28399258	1.2406
3.31662076	1.2744
3.37009922	1.3176
3.42447436	1.3656
3.47195208	1.4064
3.51020729	1.4182
3.54271397	1.407
3.56052936	1.3771
3.56345082	1.3353
3.55171428	1.2945
3.55061026	1.2442
3.54503414	1.2102
3.51672761	1.1936
3.46758913	1.1966
3.44445027	1.2058
3.45806995	1.2132
3.49794539	1.2214
3.51702354	1.2465
3.50090102	1.2951
3.47423375	1.3583
3.46621999	1.4192
3.44986239	1.474
3.42197106	1.4987
3.39466006	1.5032
3.39692326	1.491
3.42604226	1.4585
3.46006159	1.421
3.48076322	1.3902
3.48391955	1.3671
3.49019138	1.3384
3.50525625	1.3045
3.50843649	1.2927
3.49503585	1.299
3.47703849	1.3046
3.46201484	1.2769
3.43882758	1.2427
3.39083096	1.2167
3.33468264	1.1944
3.29138144	1.1767
3.29078958	1.1665
3.31412594	1.1607
3.33125217	1.1708
3.34149535	1.1998
3.3536516	1.2368
3.38506934	1.2654
3.41467822	1.2934
3.43525846	1.3218
3.43275288	1.3537
3.41712453	1.3904
3.3809723	1.4205
3.33948433	1.4339
3.30995299	1.43
3.31007903	1.4352
3.34021517	1.4332
3.37984421	1.4339
3.41965931	1.4216
3.4530037	1.3916
3.48368964	1.357
3.47753559	1.3289
3.43557718	1.3047
3.36173165	1.2911
3.29254375	1.2829
3.25000202	1.277
3.23093815	1.2769
3.23792162	1.2837
3.2629949	1.2947
3.31784996	1.302
3.39418275	1.3035
3.47468694	1.3097
3.52826825	1.3335
3.54480864	1.3562
3.5275692	1.3827
3.49044804	1.3983
3.43716184	1.4045
3.37403936	1.4071
3.32816511	1.3877
3.30388163	1.3518
3.30785709	1.2878
3.32954442	1.2194
3.38650475	1.1548
3.47591937	1.1117
3.57095548	1.0802
3.62020723	1.0639
3.58737437	1.0951
3.51016428	1.1875
3.44402869	1.3157
3.39771436	1.4252
3.36276555	1.4834
3.33782558	1.4977
3.32444688	1.4821
3.33116459	1.4447
3.37041296	1.3711
3.42103423	1.2724
3.46071068	1.178
3.4933884	1.1233
3.52996796	1.1289
3.55021699	1.1975
3.53367255	1.2896
3.49204154	1.364
3.45570977	1.4124
3.42338518	1.4394
3.39818119	1.4507
3.37939259	1.4423
3.38135752	1.4084
3.41901466	1.3624
3.48047751	1.3117
3.54004925	1.2849
3.57362468	1.2727
3.57822653	1.2627
3.56181377	1.2394
3.53534018	1.2145
3.50924922	1.1954
3.47841474	1.1794
3.44394028	1.1643
3.39444966	1.1802
3.3495243	1.2146
3.32405286	1.2624
3.31798101	1.3152
3.32548032	1.3585
3.33546138	1.3899
3.35318131	1.3978
3.3797466	1.3881
3.41550982	1.3585
3.44535063	1.3243
3.4502776	1.2854
3.43674318	1.2611
3.41436365	1.2602
3.38248379	1.2815
3.33451732	1.3129
3.29137732	1.3426
3.27642381	1.3671
3.30680609	1.3755
3.3745089	1.3744
3.4588075	1.3621
3.52457382	1.3393
3.56097345	1.314
3.58040168	1.3015
3.57785003	1.2936
3.54277443	1.303
3.47955793	1.3143
3.41909354	1.3204
3.39815636	1.3065
3.41531912	1.2826
3.46118075	1.2542
3.53220547	1.2231
3.61369735	1.1917
3.68209069	1.1799
3.71945487	1.2176
3.69938584	1.2971
3.63508357	1.395
3.5625454	1.4755
3.50099105	1.516
3.4646721	1.5121
3.43138568	1.4843
3.40880051	1.4209
3.39215436	1.3424
3.39503297	1.2618
3.4211823	1.2136
3.43978445	1.1997
3.4372869	1.2454
3.42315525	1.3308
3.41037008	1.4221
3.40318221	1.4861
3.40294404	1.5112
3.4047588	1.5043
3.40566814	1.4706
3.41390932	1.4051
3.43840972	1.3377
3.46063004	1.2826
3.47278565	1.255
3.47701468	1.2712
3.47856989	1.3027
3.4532467	1.3415
3.40710752	1.365
3.34663889	1.3758
3.31073622	1.3716
3.30788417	1.3679
3.33456844	1.3428
3.36107434	1.3207
3.38026973	1.3066
3.40298046	1.3087
3.42857583	1.3272
3.44857606	1.3548
3.44902798	1.3951
3.43739305	1.4402
3.43472127	1.4765
3.44139451	1.4817
3.45126481	1.4796
3.44786189	1.4642
3.44154182	1.4283
3.44056972	1.3868
3.4436443	1.344
3.44388086	1.3167
3.43232451	1.3048
3.41616723	1.2978
3.41026036	1.2783
3.41431868	1.2672
3.43022468	1.2695
3.46219354	1.2788
3.48757126	1.2979
3.47856054	1.3495
3.45477071	1.4236
3.41811723	1.4929
3.38280578	1.5335
3.34873	1.5401
3.31823041	1.5248
3.30130078	1.4886
3.29651436	1.4201
3.32876261	1.3264
3.39826953	1.2171
3.45178614	1.129
3.47130578	1.0788
3.45947368	1.0967
3.44940847	1.1705
3.41499704	1.2775
3.34721048	1.4031
3.28602039	1.5007
3.25649601	1.5469
3.26593537	1.5362
3.30887536	1.4625
3.38664262	1.3441
3.47406976	1.2309
3.55927915	1.1459
3.62970977	1.1208
3.64529801	1.1682
3.60178026	1.266
3.52259477	1.3818
3.43829197	1.4801
3.3734837	1.5402
3.34848095	1.5514
3.36217056	1.5353
3.41482859	1.4815
3.48356028	1.4113
3.54960102	1.3489
3.58172216	1.3213
3.58411267	1.3196
3.57452502	1.3322
3.56610128	1.3507
3.5439889	1.3671
3.52329061	1.388
3.50709619	1.4014
3.51055826	1.39
3.53076586	1.3644
3.5421433	1.3391
3.52672195	1.3119
3.47806274	1.277
3.4242929	1.2556
3.39976712	1.2435
3.38046571	1.243
3.36985814	1.241
3.37118904	1.2311
3.39791938	1.2189
3.45713031	1.2193
3.53061531	1.2315
3.57006563	1.2665
3.56596097	1.3135
3.52750237	1.3687
3.48927438	1.421
3.46437766	1.4587
3.44793322	1.4772
3.44788617	1.4576
3.46581346	1.4229
3.50872335	1.3813
3.56579027	1.3504
3.62644979	1.33
3.67474911	1.328
3.69775251	1.3534
3.67051264	1.3951
3.60011085	1.4362
3.51149641	1.4542
3.43441737	1.4463
3.39102271	1.4224
3.3835203	1.3877
3.40626597	1.3447
3.45932481	1.2919
3.53001434	1.2388
3.59835137	1.2157
3.63771045	1.2137
3.61763044	1.2277
3.54971172	1.2518
3.46737442	1.2921
3.40738693	1.3351
3.35726491	1.3734
3.3269511	1.3836
3.32413283	1.3728
3.35345994	1.3642
3.4032263	1.3439
3.4499411	1.3161
3.47332336	1.2894
3.49007011	1.2741
3.49575835	1.2805
3.48322146	1.2972
3.44811907	1.3217
3.41979014	1.3377
3.42103106	1.3437
3.44553187	1.3532
3.47589158	1.3675
3.49900172	1.3649
3.52149356	1.3589
3.54029236	1.363
3.5357081	1.3814
3.50305938	1.4148
3.45787024	1.4422
3.43166054	1.4271
3.42853172	1.3923
3.44731429	1.3466
3.47209192	1.309
3.50640857	1.2688
3.56075476	1.2248
3.60432875	1.2011
3.6048895	1.1966
3.56866912	1.203
3.52946514	1.2249
3.49675775	1.2668
3.47645224	1.3085
3.45933854	1.3434
3.4687404	1.3515
3.51404924	1.3369
3.58264956	1.3198
3.6482323	1.3032
3.66703033	1.2877
3.64657557	1.2703
3.60289501	1.2592
3.5530082	1.2654
3.4995015	1.2897
3.46411666	1.3254
3.45555473	1.3533
3.47104555	1.3688
3.50192221	1.3695
3.53802376	1.362
3.57904473	1.3536
3.62727078	1.3512
3.66583694	1.354
3.67514839	1.3482
3.66574711	1.3429
3.66862094	1.341
3.6760917	1.3559
3.68348599	1.367
3.70088589	1.356
3.72307585	1.3281
3.74599993	1.2956
3.75871207	1.2581
3.74410678	1.227
3.70859056	1.2167
3.6796757	1.2298
3.66377022	1.2603
3.64532267	1.3026
3.61822451	1.3355
3.60884721	1.3499
3.62956565	1.3504
3.67482121	1.3438
3.73123963	1.325
3.76922576	1.2933
3.78866735	1.2514
3.79000551	1.2368
3.76419088	1.2501
3.69472494	1.2871
3.59998976	1.3186
3.51871378	1.3401
3.47412168	1.3448
3.46965729	1.3381
3.49306486	1.3274
3.53215477	1.3103
3.57088509	1.2901
3.60901544	1.2644
3.65052952	1.2464
3.68405213	1.2511
3.67703113	1.2969
3.63452	1.3653
3.57966555	1.4176
3.53198485	1.4294
3.50898829	1.4053
3.50080271	1.3706
3.50069726	1.3242
3.50063479	1.2709
3.51146732	1.2124
3.55246268	1.1732
3.59684962	1.167
3.621691	1.1863
3.61304041	1.218
3.59461429	1.2437
3.58712359	1.2707
3.58436864	1.3016
3.57673375	1.3272
3.56512822	1.3353
3.54934743	1.3258
3.53785874	1.3156
3.54534458	1.3007
3.56400007	1.2861
3.57864803	1.2671
3.59381094	1.2382
3.61143746	1.2108
3.64377885	1.1918
3.66985826	1.1938
3.67031442	1.2025
3.63857821	1.2264
3.58098423	1.263
3.52172371	1.325
3.4734082	1.3915
3.43923236	1.4401
3.41593339	1.4663
3.38823877	1.4787
3.37572345	1.4757
3.38448451	1.4598
3.41564634	1.4144
3.46636475	1.3415
3.53701713	1.2657
3.61730888	1.209
3.68319487	1.1849
3.7203785	1.1829
3.72257248	1.2043
3.68369959	1.254
3.618708	1.3168
3.56142902	1.3694
3.52508389	1.3889
3.50775444	1.3886
3.51041646	1.3709
3.53587518	1.3367
3.5769512	1.2961
3.62745102	1.2407
3.67549892	1.2049
3.70279112	1.2006
3.68084868	1.2283
3.62263871	1.2705
3.5735052	1.3078
3.54660858	1.3423
3.54391279	1.3676
3.55225844	1.3967
3.56343698	1.4112
3.60507092	1.3902
3.67168639	1.3512
3.73861545	1.3148
3.76204655	1.3033
3.7199313	1.3091
3.64404871	1.3202
3.57537116	1.3316
3.52897456	1.3484
3.50494192	1.3665
3.50042087	1.37
3.50308258	1.3507
3.51622007	1.3187
3.54285689	1.2846
3.58367199	1.2628
3.60552934	1.2676
3.58033012	1.2875
3.52795634	1.3324
3.47792411	1.3913
3.45347911	1.4407
3.45119359	1.4792
3.46279443	1.5049
3.49102034	1.4782
3.52990991	1.4197
3.57036931	1.3548
3.5956889	1.3018
3.59422124	1.2943
3.57473474	1.3048
3.55415083	1.3219
3.53990588	1.3312
3.52045004	1.3589
3.49833934	1.3973
3.48220167	1.4348
3.49155979	1.4465
3.51923231	1.4312
3.54579572	1.4095
3.55952213	1.4053
3.56057103	1.4031
3.54725867	1.3979
3.51686952	1.3928
3.46908606	1.3939
3.42569812	1.4091
3.39980274	1.4417
3.38937293	1.4563
3.37686572	1.4591
3.36575026	1.4511
3.36157094	1.4503
3.36881211	1.4549
3.36910671	1.4627
3.35479226	1.471
3.33509577	1.4712
3.31750976	1.4687
3.31553968	1.4646
3.32398134	1.456
3.33998884	1.4365
3.37136354	1.4023
3.4165254	1.3552
3.45683173	1.3197
3.47492585	1.3222
3.48086916	1.3423
3.49436512	1.3566
3.50666589	1.3511
3.50676786	1.3424
3.48486497	1.3527
3.44443908	1.3755
3.42382344	1.3979
3.4321037	1.4031
3.449358	1.4005
3.45314127	1.4145
3.44721857	1.4394
3.44559041	1.4578
3.45883447	1.448
3.46166405	1.421
3.44470593	1.4049
3.4181049	1.3903
3.4151378	1.3666
3.44562974	1.3293
3.4972095	1.2816
3.54048675	1.2632
3.57058277	1.2619
3.58744236	1.2895
3.58570205	1.3326
3.55653971	1.3946
3.50321988	1.4603
3.44720889	1.5231
3.41561738	1.57
3.40199626	1.5754
3.40254309	1.5392
3.41865468	1.478
3.45543657	1.4195
3.5119935	1.3641
3.56404642	1.3253
3.59981708	1.301
3.60613323	1.3018
3.58579327	1.3194
3.55814004	1.354
3.52725432	1.3904
3.50972496	1.4127
3.51525582	1.4236
3.54197786	1.4328
3.57036984	1.4406
3.58315489	1.4431
3.57935355	1.4438
3.58754133	1.4215
3.61148852	1.3894
3.61840453	1.3698
3.5978048	1.3608
3.57257496	1.3461
3.58000737	1.3289
3.61256666	1.3118
3.63156666	1.3118
3.61965427	1.3276
3.58908715	1.3522
3.56773942	1.3816
3.55384304	1.4035
3.5379454	1.4024
3.50537736	1.391
3.47158701	1.3686
3.45198986	1.3393
3.46347347	1.312
3.48358894	1.2963
3.49053263	1.2945
3.48249656	1.2875
3.46644202	1.2847
3.45593146	1.288
3.45615126	1.3092
3.45444189	1.3415
3.45453043	1.3766
3.44232093	1.4076
3.42060311	1.4191
3.4125149	1.4271
3.43768837	1.4458
3.48100868	1.4623
3.49934198	1.4626
3.49381052	1.4399
3.48807151	1.4027
3.50600358	1.3605
3.53585964	1.3274
3.52305506	1.316
3.47571329	1.3052
3.44523946	1.302
3.4575801	1.3156
3.49657792	1.3451
3.50852193	1.3951
3.49719079	1.4485
3.49120142	1.4695
3.49596673	1.476
3.50572217	1.4573
3.50067756	1.4473
3.49116203	1.4275
3.50312423	1.4102
3.53306867	1.3961
3.56427392	1.3881
3.57457526	1.401
3.56363042	1.42
3.54144841	1.4229
3.51521627	1.4056
3.47928906	1.3746
3.44415229	1.3323
3.42772899	1.3077
3.46065911	1.2897
3.50671661	1.2827
3.5392033	1.273
3.54663727	1.2597
3.56312771	1.2394
3.59505372	1.216
3.60855748	1.1962
3.5783907	1.186
3.52634582	1.1843
3.49480424	1.203
3.49127308	1.2323
3.49285667	1.2668
3.48880877	1.286
3.47953623	1.2936
3.47214302	1.2989
3.49033961	1.2888
3.49922151	1.2739
3.4922469	1.2571
3.48727957	1.253
3.49605174	1.2789
3.50038079	1.329
3.49305887	1.375
3.48377248	1.4001
3.47107077	1.419
3.46885678	1.426
3.47244052	1.4163
3.46971254	1.3843
3.46451033	1.3355
3.46701087	1.2842
3.4880181	1.2338
3.51355487	1.2007
3.5307552	1.2008
3.53423589	1.2292
3.52262268	1.2707
3.49299526	1.319
3.44962672	1.3609
3.41449501	1.3805
3.38545401	1.3926
3.35544466	1.394
3.3265106	1.3761
3.30286325	1.3413
3.30042466	1.2986
3.33197483	1.2671
3.38952679	1.2477
3.43767346	1.2393
3.46497788	1.2421
3.48685665	1.254
3.51786124	1.2691
3.52777698	1.281
3.49605569	1.2983
3.44529055	1.3426
3.4103224	1.4037
3.40485136	1.461
3.40664932	1.4995
3.40817475	1.5106
3.41123886	1.5166
3.41572367	1.5235
3.40597186	1.522
3.36912111	1.4974
3.31246655	1.4619
3.26622308	1.4409
3.2463328	1.4541
3.24494033	1.4886
3.24625342	1.5227
3.2479226	1.5348
3.2558201	1.5335
3.27496408	1.5284
3.30631159	1.5114
3.33309419	1.4839
3.35315134	1.4349
3.36567589	1.3977
3.38071213	1.3834
3.37892265	1.3978
3.35315172	1.4232
3.31935016	1.4363
3.27476627	1.4355
3.23743821	1.4225
3.21523063	1.408
3.22552758	1.3925
3.26425613	1.3751
3.30368627	1.3652
3.32759157	1.3418
3.32520601	1.3349
3.32765996	1.3536
3.34042655	1.3995
3.34648075	1.4435
3.33480911	1.471
3.32202164	1.482
3.32755565	1.4808
3.33868113	1.4717
3.34420556	1.4534
3.32704867	1.4125
3.29335508	1.3569
3.26934292	1.3034
3.2740187	1.2857
3.29615441	1.3005
3.3186707	1.3538
3.33503595	1.4146
3.34820101	1.4552
3.35725724	1.4854
3.35731689	1.5078
3.35618637	1.5147
3.35780458	1.5119
3.36700359	1.4912
3.38482891	1.4703
3.41793927	1.4512
3.44953549	1.4416
3.46317292	1.4366
3.45072454	1.4337
3.42328242	1.4357
3.39790676	1.4505
3.38124792	1.4656
3.37636453	1.4697
3.37574818	1.4685
3.3823039	1.4547
3.38359133	1.4348
3.3807297	1.4158
3.37281865	1.393
3.35807331	1.3621
3.34297733	1.3363
3.33666232	1.3301
3.35075845	1.3412
3.37528927	1.3723
3.39691276	1.4109
3.41172805	1.4418
3.40062751	1.4716
3.3748357	1.4897
3.35039942	1.4969
3.33963751	1.4852
3.33459088	1.4634
3.34536285	1.4396
3.38028151	1.4177
3.43758929	1.3907
3.48577242	1.373
3.5049314	1.3678
3.47812129	1.3793
3.42246549	1.3995
3.36270573	1.4243
3.31400508	1.4429
3.27295676	1.4615
3.24268072	1.4795
3.22908066	1.4941
3.23894916	1.4849
3.28159165	1.4491
3.33324656	1.4041
3.37379025	1.3546
3.40107807	1.3038
3.42440217	1.2904
3.45746029	1.2913
3.47940025	1.3211
3.4715163	1.3861
3.44274359	1.448
3.41207808	1.4975
3.38078365	1.5146
3.35788339	1.499
3.33852392	1.4688
3.33020075	1.4276
3.33821054	1.3662
3.36558191	1.3161
3.39421689	1.273
3.40952891	1.267
3.39266855	1.3086
3.36827493	1.3664
3.3341737	1.4158
3.29559469	1.4561
3.27409125	1.4998
3.28016977	1.5388
3.30429437	1.5508
3.34351745	1.5246
3.39515625	1.4651
3.45296767	1.3939
3.5080925	1.336
3.54232979	1.3001
3.55457504	1.289
3.54037372	1.3048
3.50505095	1.34
3.46880216	1.3965
3.4396408	1.4468
3.42258225	1.4707
3.42332685	1.4641
3.44489763	1.433
3.4806079	1.3852
3.52491697	1.3374
3.58222226	1.2949
3.64760275	1.2454
3.70079563	1.1913
3.71574493	1.1522
3.70472018	1.1321
3.674643	1.1425
3.63125893	1.1764
3.58838457	1.2163
3.55705712	1.2643
3.55578096	1.3182
3.5552669	1.3756
3.54461904	1.4262
3.52086058	1.4597
3.50758322	1.4535
3.51197157	1.432
3.53376578	1.4038
3.54105385	1.3894
3.53167472	1.3845
3.50664181	1.3905
3.51007678	1.4129
3.52986399	1.4495
3.53979825	1.4694
3.5194675	1.4676
3.50583714	1.4478
3.51628261	1.4331
3.54948377	1.4229
3.57171778	1.4058
3.57365837	1.3754
3.54617466	1.3661
3.50400981	1.3719
3.44568724	1.3883
3.37637498	1.3856
3.30820252	1.3629
3.26297573	1.3243
3.26377215	1.2915
3.30529867	1.2667
3.38106706	1.2507
3.45293308	1.2595
3.51496645	1.2649
3.5479487	1.2873
3.5527203	1.3165
3.52576574	1.3531
3.48081969	1.383
3.43754327	1.394
3.41325435	1.3874
3.41164109	1.366
3.42488532	1.3308
3.438023	1.3019
3.46025532	1.2766
3.47733831	1.2542
3.4750635	1.2564
3.48650548	1.2771
3.51142438	1.3166
3.5188564	1.367
3.48243143	1.426
3.43020957	1.4691
3.39146671	1.4985
3.37438669	1.5071
3.36630177	1.5066
3.36022272	1.4928
3.35092254	1.4751
3.35561495	1.4629
3.38557627	1.451
3.42388665	1.4351
3.44861706	1.3966
3.44573578	1.3506
3.44027312	1.3219
3.44938806	1.3171
3.46959353	1.3256
3.46735274	1.3478
3.45645103	1.361
3.4436404	1.3793
3.44738558	1.3952
3.45619302	1.4
3.47021992	1.383
3.49768423	1.3371
3.52619873	1.2883
3.55900358	1.2441
3.58932278	1.2169
3.61069546	1.2226
3.61138337	1.2484
3.58876226	1.2814
3.54231813	1.3326
3.48342876	1.3758
3.4252676	1.4083
3.39090613	1.4286
3.38542571	1.4254
3.39735097	1.4077
3.42979241	1.373
3.48419911	1.3338
3.54689818	1.3097
3.58791363	1.2937
3.58903673	1.2881
3.54948973	1.3096
3.48042367	1.3406
3.392735	1.3849
3.32180559	1.4236
3.28841757	1.4482
3.29159047	1.4566
3.32399667	1.455
3.37377103	1.4448
3.42858507	1.4322
3.47818598	1.4169
3.52107196	1.3954
3.56062822	1.3776
3.57369553	1.3682
3.54916684	1.3768
3.48894338	1.3927
3.42045965	1.4087
3.35396332	1.4183
3.31307983	1.4174
3.30544371	1.4084
3.34470185	1.3845
3.40338669	1.3497
3.47090239	1.3033
3.52839595	1.2653
3.57316212	1.2416
3.59882787	1.2507
3.58514828	1.2886
3.53412392	1.331
3.46291346	1.3811
3.39916673	1.432
3.35073176	1.4712
3.33056739	1.4913
3.33241401	1.4819
3.34948348	1.4357
3.38728325	1.3821
3.43367238	1.342
3.45462476	1.3231
3.44745806	1.3204
3.4135132	1.3388
3.37597942	1.382
3.33986953	1.4433
3.31510024	1.4751
3.30392444	1.4671
3.31174564	1.4387
3.33568245	1.4175
3.36462317	1.3987
3.38843873	1.3627
3.39780767	1.3234
3.4053141	1.2984
3.41714034	1.3032
3.42119321	1.3153
3.41508544	1.3098
3.41028752	1.2939
3.41692496	1.2815
3.43665881	1.2665
3.46860013	1.2517
3.49997247	1.2407
3.52856756	1.2487
3.55384819	1.2608
3.5640074	1.2771
3.55835734	1.2924
3.54261573	1.2996
3.52571124	1.3026
3.51339117	1.2894
3.49344856	1.2686
3.46343875	1.2317
3.42339476	1.1983
3.38377072	1.1747
3.37359574	1.1646
3.39191037	1.1687
3.42584846	1.1855
3.44434549	1.2207
3.4519162	1.2659
3.45673145	1.3036
3.45454486	1.3291
3.4499309	1.3491
3.44705232	1.3852
3.44105034	1.415
3.44063096	1.4038
3.43526265	1.3675
3.43554385	1.3261
3.42556151	1.3122
3.40269116	1.3172
3.37075545	1.3297
3.34931019	1.3342
3.3400061	1.337
3.35197794	1.3326
3.36045665	1.3309
3.37126261	1.3216
3.39513838	1.3021
3.43624669	1.2992
3.4500621	1.2947
3.41233054	1.3088
3.35101442	1.3386
3.30082992	1.3792
3.27363462	1.406
3.2547804	1.397
3.23775069	1.3744
3.23122696	1.351
3.26211332	1.3095
3.32329921	1.2464
3.39295288	1.1832
3.43188154	1.16
3.43382381	1.1892
3.43286326	1.2451
3.42745656	1.3077
3.40817049	1.3541
3.37642132	1.3966
3.35246158	1.4345
3.34618443	1.4417
3.36584449	1.4043
3.40426881	1.3416
3.45413423	1.2738
3.49533922	1.2261
3.52408544	1.206
3.52186058	1.2072
3.47197622	1.2308
3.39341703	1.2599
3.33060603	1.2955
3.30342098	1.3191
3.3064626	1.3227
3.32819409	1.3033
3.3677168	1.278
3.43490908	1.2572
3.50327105	1.2429
3.56706771	1.2417
3.59837715	1.2517
3.60044233	1.2609
3.56539657	1.2649
3.51783371	1.2441
3.47990428	1.2148
3.47675202	1.1741
3.49088709	1.1248
3.49853358	1.0809
3.49376688	1.0586
3.48875166	1.0667
3.49896273	1.1103
3.50068961	1.1732
3.48550504	1.2245
3.45004038	1.2752
3.42603079	1.3151
3.42509691	1.3253
3.44509042	1.3082
3.46622978	1.2721
3.47385636	1.2322
3.48361562	1.1913
3.50141485	1.1718
3.51935073	1.1854
3.51526882	1.221
3.48521686	1.2697
3.46476371	1.3041
3.45625926	1.3173
3.45558049	1.3111
3.45176112	1.2854
3.45344006	1.2392
3.46597591	1.1847
3.47603835	1.1488
3.47185327	1.1406
3.45143514	1.1635
3.42060113	1.1971
3.40274878	1.2254
3.39726864	1.2526
3.40982672	1.2819
3.43540316	1.3034
3.47036965	1.3104
3.50445462	1.3018
3.52448066	1.2969
3.51308038	1.309
3.46395653	1.3375
3.40167558	1.368
3.33967846	1.3901
3.28713555	1.4006
3.24640919	1.4104
3.21903478	1.4118
3.20934821	1.3957
3.21766738	1.3646
3.24155382	1.3377
3.27156244	1.3311
3.29873031	1.3393
3.32379066	1.3505
3.34665031	1.3572
3.36094609	1.3618
3.37175481	1.3615
3.38914172	1.3558
3.40744702	1.3473
3.42758444	1.3256
3.43847466	1.3081
3.4334039	1.3005
3.42539747	1.3097
3.41294139	1.3519
3.38457736	1.4116
3.3423327	1.455
3.30052482	1.4855
3.27974136	1.5135
3.27590201	1.5161
3.27018532	1.4919
3.25044017	1.4348
3.22960194	1.375
3.22654536	1.333
3.24140498	1.3092
3.25408379	1.3126
3.25571735	1.3237
3.25101282	1.345
3.2572655	1.3704
3.27993469	1.4071
3.32271638	1.4242
3.36796955	1.4316
3.40195721	1.4038
3.41495817	1.3609
3.41254323	1.3195
3.40073358	1.3029
3.37603135	1.3053
3.33648223	1.3312
3.29501545	1.3713
3.27428327	1.4188
3.27693706	1.4536
3.29358295	1.4612
3.31390839	1.4553
3.33445394	1.4466
3.36955434	1.4203
3.4091249	1.3717
3.42449309	1.3326
3.4064837	1.3024
3.36902313	1.3003
3.34188151	1.3126
3.32641294	1.3293
3.31038512	1.36
3.29859554	1.3912
3.30565854	1.4039
3.33832755	1.4018
3.3817727	1.3867
3.42071804	1.3733
3.44767955	1.3593
3.46963561	1.3426
3.47845265	1.3342
3.47814752	1.3289
3.46730245	1.3262
3.44653116	1.3326
3.42737368	1.3358
3.41553296	1.3313
3.43107202	1.3183
3.47422794	1.3041
3.53458891	1.2944
3.58368715	1.2921
3.60692201	1.2911
3.60006798	1.3113
3.58044795	1.3487
3.54572269	1.3849
3.5027659	1.3996
3.45808119	1.3908
3.42971141	1.3637
3.43287356	1.3228
3.45779037	1.2818
3.48009913	1.2446
3.47924354	1.2269
3.4680748	1.2302
3.45539278	1.2625
3.44341955	1.328
3.44090959	1.3971
3.43814518	1.4434
3.43765037	1.4617
3.44769188	1.4441
3.4814204	1.4021
3.52755266	1.3431
3.55957303	1.2693
3.56221873	1.2095
3.53819291	1.1765
3.50472591	1.1916
3.48553066	1.2374
3.4737297	1.3
3.46451897	1.3503
3.46062817	1.3624
3.48110471	1.3499
3.53574692	1.3121
3.62469143	1.2459
3.68895161	1.1721
3.70061147	1.1116
3.6661558	1.0861
3.62603053	1.1172
3.5954051	1.1807
3.55240938	1.2551
3.52168072	1.3084
3.5174766	1.3383
3.54582522	1.3342
3.6060437	1.2994
3.67234956	1.2499
3.72617696	1.2011
3.74492254	1.1758
3.71700091	1.1819
3.64579421	1.2258
3.57435833	1.2832
3.51404619	1.3244
3.45936237	1.3395
3.42302758	1.339
3.40856319	1.3317
3.4350052	1.3091
3.50027625	1.2695
3.56947645	1.2282
3.59686621	1.2176
3.57627142	1.2412
3.55163999	1.2757
3.54231315	1.3008
3.51505169	1.313
3.47472052	1.3053
3.42859646	1.2945
3.39807351	1.2721
3.41275407	1.2328
3.45077629	1.1891
3.47756026	1.1594
3.48416269	1.1544
3.48089177	1.1685
3.47915388	1.2009
3.46177124	1.2405
3.4305383	1.2789
3.40471974	1.3046
3.38503503	1.3084
3.39210044	1.2908
3.42052217	1.2772
3.44848025	1.282
3.47762408	1.2829
3.52142468	1.2695
3.57836654	1.2522
3.62383874	1.2595
3.61509289	1.2935
3.5806681	1.3246
3.55119562	1.3226
3.53561416	1.2978
3.52156607	1.2827
3.5025232	1.2859
3.48910571	1.2951
3.50050765	1.2869
3.51309787	1.2811
3.51869323	1.2923
3.51061275	1.3171
3.49719449	1.3337
3.49042915	1.3293
3.48236817	1.3296
3.45686479	1.3375
3.4438989	1.3397
3.4449663	1.3281
3.45021707	1.312
3.44171964	1.2983
3.41533959	1.2864
3.3970652	1.2735
3.40313568	1.255
3.41384248	1.2418
3.41699184	1.2443
3.4069553	1.2506
3.42108684	1.2441
3.48500358	1.2198
3.56714381	1.2023
3.62834724	1.1983
3.65601461	1.1791
3.66024607	1.1372
3.66129125	1.1083
3.67072294	1.1183
3.68012138	1.1405
3.67120309	1.162
3.64827919	1.1733
3.66126754	1.1859
3.706406	1.2282
3.72980392	1.2727
3.72364753	1.2977
3.68521962	1.2986
3.65372563	1.287
3.65091543	1.2963
3.66111871	1.3105
3.64033291	1.3133
3.60131579	1.2965
3.57772125	1.2813
3.58789799	1.2856
3.6050521	1.2997
3.5936261	1.302
3.55967956	1.2839
3.5298894	1.2711
3.51847146	1.2724
3.51705586	1.2909
3.49747491	1.3158
3.46703811	1.3329
3.45087978	1.3347
3.44003208	1.3472
3.44560203	1.3716
3.45794764	1.4064
3.47814091	1.4196
3.49403377	1.4117
3.49003532	1.3944
3.49075205	1.3778
3.51685246	1.3729
3.55441924	1.3681
3.57761792	1.3426
3.59245034	1.3088
3.60532009	1.3021
3.64082439	1.3396
3.65784055	1.3875
3.63021248	1.4111
3.57622432	1.4191
3.5176504	1.4399
3.50038257	1.4585
3.50737697	1.4613
3.50728965	1.4343
3.48326726	1.3896
3.46545281	1.3519
3.48668508	1.3307
3.51265452	1.331
3.51225881	1.3262
3.48462794	1.316
3.45908994	1.3277
3.45653759	1.3467
3.46731976	1.3651
3.47005727	1.3885
3.46361859	1.4149
3.46637952	1.4405
3.49180424	1.4567
3.52261639	1.466
3.55829564	1.4489
3.59120366	1.4235
3.63198046	1.3731
3.65209114	1.3345
3.62922435	1.2951
3.57708203	1.2512
3.53425162	1.2198
3.50000806	1.2032
3.45943115	1.1953
3.42788498	1.1933
3.43240341	1.1872
3.49035602	1.2047
3.57323773	1.2268
3.62563434	1.2483
3.65162862	1.2769
3.66704435	1.2802
3.67855947	1.3082
3.67264464	1.3416
3.64611632	1.3666
3.63136279	1.3599
3.65909798	1.3342
3.72093863	1.3203
3.78194269	1.3101
3.81219559	1.285
3.82044412	1.2454
3.81999212	1.2067
3.77127456	1.1915
3.67448984	1.2029
3.57099932	1.2301
3.50418204	1.259
3.48262128	1.2822
3.48260607	1.3119
3.51578	1.332
3.59612731	1.3261
3.69841821	1.3017
3.78346901	1.256
3.80308242	1.2304
3.77726476	1.2186
3.72623483	1.2225
3.67566344	1.229
3.6243829	1.244
3.58819104	1.2589
3.56479681	1.2766
3.56477502	1.2682
3.58828554	1.2653
3.62554486	1.2614
3.6517708	1.2657
3.65606115	1.2678
3.63990669	1.2765
3.62497487	1.3049
3.6111583	1.3414
3.5943996	1.358
3.56823842	1.3449
3.53441119	1.3172
3.51398139	1.2951
3.52107748	1.2861
3.5383499	1.2746
3.54947501	1.2475
3.53903561	1.2346
3.52530623	1.2482
3.53020669	1.2717
3.52145154	1.2953
3.49536164	1.2999
3.46898023	1.2967
3.44061365	1.287
3.43342738	1.277
3.4597824	1.2589
3.48220639	1.2332
3.50202743	1.1961
3.51298119	1.1575
3.53242123	1.1376
3.54024898	1.141
3.54511138	1.1578
3.5320167	1.181
3.50109073	1.2196
3.45490993	1.2613
3.41799068	1.2948
3.40594123	1.3135
3.40851943	1.3019
3.41257776	1.2756
3.40350843	1.2638
3.39442014	1.2623
3.40440152	1.2613
3.41781288	1.2548
3.42175471	1.2629
3.40450752	1.3053
3.37819782	1.3501
3.36725895	1.3636
3.37486865	1.3379
3.39927493	1.2951
3.42381165	1.2731
3.44847846	1.2656
3.4823525	1.2484
3.53141458	1.2378
3.55609795	1.2344
3.53990788	1.2799
3.49977363	1.3312
3.47169263	1.3559
3.46586404	1.3511
3.47031354	1.3218
3.46939915	1.2941
3.46851929	1.2686
3.48376388	1.2394
3.51387272	1.2296
3.54737709	1.2303
3.54803497	1.2405
3.52201368	1.2711
3.50121069	1.3025
3.49745676	1.3197
3.50441431	1.3184
3.51497159	1.3054
3.53003069	1.2991
3.54418229	1.3039
3.55508086	1.306
3.56305996	1.3126
3.56676237	1.3242
3.5654045	1.3456
3.53601977	1.359
3.48963557	1.3567
3.46271588	1.3375
3.44868003	1.308
3.45018993	1.2626
3.46632654	1.2202
3.48393572	1.1954
3.50942319	1.1971
3.54663647	1.2154
3.56525641	1.2472
3.54133657	1.3012
3.49729408	1.3546
3.46869219	1.3972
3.46254446	1.3977
3.47454763	1.356
3.49256829	1.292
3.52581148	1.234
3.57763887	1.1967
3.64551387	1.1758
3.71756279	1.1698
3.75470704	1.1784
3.74969531	1.2
3.71549156	1.2242
3.66586778	1.2275
3.61178819	1.2084
3.55057366	1.1747
3.50307662	1.1345
3.46857843	1.1076
3.46662334	1.0893
3.49494757	1.0868
3.52970227	1.0893
3.55617201	1.1098
3.55002778	1.147
3.51897161	1.2019
3.50070862	1.2561
3.49556424	1.2905
3.48865757	1.3042
3.47264051	1.3099
3.45699185	1.3191
3.46535139	1.3271
3.49143779	1.3296
3.50946335	1.3103
3.51725018	1.2902
3.52998621	1.2928
3.55969395	1.3111
3.58421149	1.328
3.5872114	1.3275
3.56461131	1.3271
3.5466291	1.3375
3.55132554	1.3588
3.55872959	1.3582
3.5616273	1.3424
3.56666122	1.304
3.58701136	1.272
3.61313164	1.2494
3.63187279	1.2259
3.62985835	1.1869
3.62768861	1.1638
3.62926981	1.1851
3.62597585	1.2397
3.59838658	1.3035
3.55962676	1.3451
3.53939282	1.365
3.53585544	1.3751
3.54147132	1.3627
3.52170822	1.3419
3.49013291	1.3042
3.47496287	1.265
3.46566837	1.2368
3.4529665	1.2149
3.43486999	1.2088
3.43742553	1.212
3.46019914	1.2253
3.49668562	1.2414
3.53050126	1.2437
3.5499962	1.2466
3.55252706	1.2524
3.52846646	1.2767
3.50266544	1.2974
3.47786893	1.3118
3.46972812	1.3242
3.46613891	1.3478
3.4723126	1.3558
3.49807078	1.3377
3.52398368	1.3003
3.54656987	1.2578
3.55595223	1.2351
3.54837837	1.228
3.53861223	1.2273
3.54433728	1.2239
3.55344941	1.2171
3.55630136	1.2189
3.55013418	1.226
3.55227778	1.2168
3.57508496	1.1925
3.60833523	1.1585
3.63020759	1.1345
3.63724037	1.1252
3.61834797	1.1397
3.59131698	1.168
3.54768022	1.1932
3.48796979	1.2094
3.43297438	1.2244
3.40151213	1.2295
3.39345895	1.2212
3.40640153	1.1883
3.42948936	1.1344
3.4619334	1.089
3.49643649	1.0802
3.52799654	1.0866
3.52876867	1.1048
3.50840234	1.1212
3.48182089	1.1468
3.47020485	1.1719
3.47082256	1.1759
3.46316116	1.1559
3.45506028	1.1053
3.45083961	1.0474
3.46853884	1.0029
3.4782657	0.9935
3.46306683	1.023
3.44923598	1.0771
3.44833271	1.1459
3.45609193	1.201
3.45171556	1.2462
3.43904078	1.2674
3.42662014	1.2542
3.4290887	1.1977
3.45051556	1.1186
3.47599224	1.0527
3.47462102	1.0216
3.45743871	1.0267
3.45754105	1.0597
3.45510673	1.1083
3.41447007	1.175
3.35449175	1.2502
3.31184306	1.3057
3.29634526	1.3187
3.2974853	1.2915
3.29532043	1.2363
3.29353104	1.1855
3.30695111	1.1616
3.33943758	1.1474
3.36591675	1.1394
3.36208066	1.1453
3.33106411	1.1726
3.30747312	1.1886
3.31619406	1.1902
3.35668414	1.1766
3.41592674	1.163
3.48480415	1.1474
3.55573685	1.1395
3.60855001	1.1429
3.61312597	1.1698
3.57407672	1.2091
3.51435698	1.2576
3.46274753	1.3027
3.42781745	1.3385
3.41684725	1.3429
3.4320651	1.3294
3.46736174	1.2859
3.527841	1.2338
3.59160143	1.1808
3.63601481	1.1343
3.64402258	1.1283
3.6247807	1.1575
3.582671	1.2115
3.53045639	1.275
3.48888719	1.3195
3.46221607	1.3494
3.47701583	1.347
3.52997762	1.3268
3.6031396	1.2916
3.66921489	1.256
3.69259551	1.2579
3.68674725	1.2812
3.65792633	1.3325
3.59302908	1.3893
3.50740835	1.4385
3.42968365	1.4614
3.37621399	1.4603
3.35861972	1.4407
3.37970702	1.3946
3.43338695	1.3292
3.50482009	1.258
3.57614534	1.2092
3.63067331	1.1863
3.6502368	1.1875
3.61772015	1.2294
3.55223924	1.3127
3.46921546	1.4137
3.40948358	1.4711
3.39243912	1.4807
3.4124365	1.4826
3.44614605	1.485
3.48871961	1.4462
3.54405591	1.3776
3.60613845	1.3148
3.65327863	1.2939
3.65451449	1.3022
3.62563687	1.3358
3.57274672	1.3703
3.52705684	1.4109
3.50256919	1.4457
3.48822393	1.4489
3.48529604	1.4151
3.50162863	1.3732
3.53369532	1.3546
3.57132386	1.3566
3.59576332	1.3637
3.58567323	1.3714
3.54810875	1.4046
3.50354446	1.4367
3.44664148	1.454
3.41258335	1.4412
3.41129624	1.4076
3.42714807	1.3739
3.44840085	1.3451
3.48390963	1.312
3.53024524	1.2809
3.57018758	1.2895
3.57290175	1.3146
3.53158278	1.3636
3.47015962	1.4186
3.41759227	1.4686
3.39194014	1.5011
3.37832887	1.5114
3.38291309	1.5001
3.39853512	1.4466
3.43268183	1.3562
3.46729258	1.2754
3.49171007	1.2254
3.49137921	1.2153
3.46881685	1.2381
3.42681656	1.2843
3.37668672	1.344
3.33336629	1.4072
3.31515259	1.4605
3.32659401	1.5006
3.35901006	1.5175
3.4034527	1.5013
3.44873097	1.4851
3.49463663	1.4609
3.5406917	1.4326
3.55681129	1.4306
3.53919398	1.4307
3.49406418	1.4347
3.44831563	1.4316
3.41795784	1.4178
3.40336035	1.3934
3.39487063	1.3757
3.39086903	1.3656
3.38827373	1.3643
3.39264019	1.3539
3.39227707	1.3463
3.38066841	1.3535
3.37157151	1.3696
3.36423463	1.3805
3.36846389	1.3766
3.39195949	1.3526
3.42512078	1.3479
3.45545726	1.349
3.47841697	1.3513
3.49925032	1.3371
3.50133719	1.3269
3.48701159	1.332
3.46117669	1.3561
3.45173953	1.3729
3.46064402	1.3528
3.48694234	1.3034
3.5224299	1.2604
3.54661513	1.2309
3.53504258	1.195
3.50509804	1.157
3.46897785	1.1441
3.42367163	1.1785
3.3824672	1.2505
3.35358876	1.3251
3.3456834	1.3727
3.3712465	1.391
3.41895736	1.3992
3.48215371	1.3819
3.54499904	1.3428
3.59181139	1.2817
3.63231265	1.2345
3.65476975	1.2182
3.63732662	1.2359
3.57153496	1.2885
3.50075523	1.357
3.45835255	1.4189
3.44207788	1.4715
3.44328825	1.4846
3.46515188	1.4788
3.49789069	1.4482
3.53001556	1.4029
3.55597854	1.3387
3.57098619	1.2799
3.5626148	1.2343
3.51942935	1.212
3.45399124	1.2146
3.39388947	1.2212
3.36058809	1.2339
3.3631158	1.2599
3.3878888	1.2968
3.4175924	1.3246
3.45743608	1.3264
3.50829025	1.3209
3.57529469	1.3323
3.62396058	1.3577
3.62747989	1.3768
3.60112897	1.3784
3.56430488	1.3848
3.53753986	1.403
3.51517441	1.4182
3.49328484	1.3921
3.47060769	1.3464
3.47211424	1.3065
3.49816377	1.2898
3.53984478	1.2903
3.57450654	1.2887
3.59603125	1.2917
3.6058253	1.3025
3.60325715	1.3161
3.5964665	1.3244
3.58528508	1.3184
3.57495967	1.3053
3.55735862	1.2786
3.53363197	1.2543
3.50540631	1.2367
3.49239191	1.2285
3.49865921	1.2319
3.49672697	1.2666
3.48719521	1.3022
3.4844058	1.3307
3.50795857	1.3345
3.55118592	1.3187
3.58622522	1.2841
3.57894898	1.2533
3.54130411	1.2268
3.48559929	1.2289
3.41521463	1.2458
3.34800691	1.2794
3.2970343	1.3181
3.27962825	1.348
3.29015082	1.3646
3.32432493	1.3621
3.37377274	1.3415
3.41750934	1.3062
3.45053691	1.2531
3.47732403	1.2267
3.49061478	1.2238
3.46437563	1.2541
3.42642272	1.2959
3.40098312	1.3294
3.40683751	1.3508
3.44964544	1.3559
3.52103529	1.3309
3.60928796	1.2553
3.70845802	1.1165
3.8011414	0.9313
3.87302722	0.8491
3.89734418	0.966
3.85170634	1.0738
3.75921905	1.1243
3.64821344	1.1563
3.54495538	1.1835
3.47721843	1.2144
3.46377138	1.2177
3.50688528	1.1888
3.58294106	1.1451
3.66317122	1.1085
3.72369324	1.1008
3.75486298	1.1248
3.73302563	1.1831
3.66741795	1.2696
3.59023192	1.3766
3.52929772	1.4663
3.49879177	1.4971
3.48144084	1.4791
3.47758177	1.4518
