3.20926559	1.5207
3.19284371	1.4992
3.19336242	1.4463
3.22491566	1.3509
3.28798812	1.237
3.36995399	1.1645
3.43683712	1.151
3.46216506	1.2085
3.43782414	1.313
3.3790447	1.4363
3.31268043	1.5378
3.26846926	1.5983
3.24697101	1.6192
3.24365897	1.5972
3.2556514	1.5297
3.28484411	1.4371
3.33703869	1.3443
3.3897671	1.3033
3.43711047	1.2951
3.43820308	1.3454
3.39577595	1.4314
3.34001081	1.5237
3.30034637	1.596
3.27954956	1.6224
3.2717903	1.605
3.27440503	1.5522
3.2948223	1.4861
3.32638127	1.4277
3.36220767	1.4005
3.39397389	1.4038
3.39480974	1.4379
3.3717465	1.4837
3.33880183	1.5504
3.3011584	1.5953
3.27674849	1.5944
3.27894409	1.56
3.30113796	1.5134
3.32612748	1.4693
3.35761448	1.4393
3.39352835	1.4269
3.42322733	1.4206
3.4301742	1.4114
3.40498439	1.4191
3.36048334	1.4429
3.31327348	1.4563
3.28514783	1.4276
3.27854567	1.3787
3.29416916	1.316
3.33136262	1.2524
3.37484129	1.2179
3.41242113	1.2073
3.42854623	1.2308
3.41540866	1.279
3.37086918	1.3322
3.32631053	1.3742
3.30099142	1.3987
3.30668556	1.4097
3.33600332	1.3903
3.37871781	1.3347
3.42282611	1.2935
3.47282474	1.2841
3.52567952	1.314
3.54728777	1.3683
3.51715579	1.4106
3.44130374	1.4263
3.36242577	1.4452
3.30960279	1.4785
3.28312979	1.5095
3.28446689	1.5168
3.30194421	1.5015
3.33789168	1.4556
3.38663465	1.4063
3.43878838	1.3634
3.47497138	1.3406
3.470791	1.3513
3.43249895	1.3984
3.38326494	1.4542
3.34208075	1.4928
3.32048597	1.5152
3.32133571	1.5312
3.33965899	1.5448
3.37206563	1.5374
3.41528802	1.4855
3.45354781	1.4104
3.47646712	1.3559
3.47338542	1.3488
3.44552087	1.3631
3.39741551	1.3766
3.33977856	1.3793
3.30373211	1.3821
3.30147247	1.3916
3.3339711	1.3877
3.38066255	1.3635
3.41474985	1.3386
3.44424841	1.3287
3.47097841	1.3471
3.46325924	1.3875
3.42128943	1.4312
3.36508829	1.4743
3.31953568	1.5126
3.30068662	1.5372
3.3090737	1.5292
3.33651884	1.4959
3.38221345	1.4385
3.44317822	1.3705
3.50865403	1.3154
3.55303041	1.2951
3.53965597	1.3299
3.4795664	1.4141
3.40491887	1.5075
3.34473051	1.5841
3.30740182	1.6097
3.29371238	1.5926
3.28864556	1.5537
3.28650877	1.4978
3.2947954	1.4146
3.3152216	1.3204
3.3328565	1.2495
3.32714095	1.2233
3.30354519	1.2567
3.278972	1.322
3.25581662	1.3991
3.24798151	1.4555
3.251353	1.4919
3.26427881	1.512
3.28405025	1.5217
3.30338012	1.5051
3.32064207	1.4552
3.33827142	1.3906
3.3569755	1.3443
3.35305334	1.3371
3.32736988	1.3604
3.3031156	1.3803
3.29649796	1.3878
3.3005831	1.3881
3.30719892	1.3907
3.31555062	1.3848
3.33539736	1.3573
3.37598854	1.3093
3.4061753	1.2674
3.40712033	1.2529
3.37275415	1.2701
3.32926034	1.3202
3.30854993	1.379
3.31163136	1.4146
3.33528289	1.4161
3.37215	1.4101
3.43181304	1.4037
3.49582455	1.4106
3.53263509	1.4062
3.52799828	1.3817
3.48041772	1.357
3.41172218	1.3677
3.3537121	1.4077
3.31409713	1.4516
3.2952459	1.4668
3.28978869	1.4611
3.3056726	1.4423
3.35118302	1.4208
3.42348539	1.39
3.4769826	1.3532
3.47691484	1.3115
3.42510804	1.2932
3.36083897	1.3209
3.31950837	1.3755
3.29646784	1.42
3.29279604	1.4271
3.30531106	1.4081
3.34849903	1.3696
3.42506063	1.3276
3.52559046	1.2858
3.60139123	1.2558
3.6193771	1.2453
3.57882345	1.2756
3.4988188	1.3468
3.42957546	1.4373
3.38329122	1.5228
3.35883186	1.5666
3.34245417	1.5665
3.36098164	1.5346
3.40253878	1.4807
3.46337272	1.4292
3.50309807	1.3961
3.51043254	1.3736
3.47468388	1.3729
3.40847457	1.3967
3.35675075	1.4416
3.33847455	1.4841
3.338433	1.5276
3.34769145	1.5521
3.3677297	1.5537
3.40673461	1.5357
3.45820558	1.4992
3.49609614	1.4534
3.48653354	1.4148
3.44319308	1.3918
3.39088114	1.3884
3.3489165	1.3973
3.31870897	1.4232
3.29956316	1.4564
3.2966601	1.4765
3.31888729	1.4658
3.36096339	1.4228
3.41180516	1.3637
3.46108711	1.309
3.48364647	1.2824
3.47930379	1.2653
3.44580706	1.2613
3.41179358	1.2755
3.3878318	1.3188
3.38774678	1.3928
3.40995302	1.4488
3.44654404	1.4706
3.49974725	1.4517
3.55388734	1.4198
3.59563802	1.3823
3.60759355	1.3494
3.58441744	1.3248
3.53480001	1.3092
3.46967717	1.3264
3.39961216	1.3758
3.3377034	1.4407
3.29613479	1.4821
3.27635229	1.4907
3.2766143	1.4798
3.28834828	1.4564
3.30914008	1.4318
3.33753271	1.4066
3.37869701	1.3792
3.40993986	1.3576
3.4188589	1.3489
3.40635491	1.3651
3.38582026	1.404
3.37435971	1.4343
3.36776071	1.4481
3.36236738	1.4394
3.35680443	1.422
3.36511344	1.4089
3.39789625	1.4063
3.42302376	1.41
3.41534208	1.402
3.38074719	1.4045
3.35311205	1.4321
3.34181451	1.4771
3.34811091	1.5023
3.34426985	1.4945
3.33474513	1.4527
3.32901026	1.3994
3.34112549	1.3573
3.36040004	1.3469
3.36786546	1.3519
3.34403571	1.375
3.30958254	1.4265
3.27874327	1.5111
3.27197966	1.5984
3.27596684	1.6619
3.27922684	1.6762
3.27871815	1.6599
3.28091147	1.6206
3.28967968	1.5734
3.31634176	1.5129
3.35626847	1.453
3.37892649	1.4097
3.37622874	1.4063
3.35514383	1.4263
3.34660166	1.4443
3.35916991	1.4449
3.38004106	1.4336
3.38073924	1.4069
3.35868673	1.3741
3.35080032	1.3442
3.37498332	1.3229
3.39575715	1.3137
3.38226521	1.3046
3.33834397	1.3062
3.30551797	1.3021
3.29149342	1.2964
3.29200055	1.2883
3.28338355	1.2779
3.2812263	1.2642
3.29793779	1.2496
3.3365717	1.2439
3.37127382	1.2645
3.38333199	1.3135
3.39052612	1.3757
3.39228044	1.4373
3.39282025	1.4736
3.38347339	1.4993
3.36971272	1.5007
3.35830548	1.4675
3.35742377	1.4126
3.36451305	1.354
3.35403959	1.3227
3.34271569	1.3261
3.34927204	1.356
3.36522842	1.3967
3.36121676	1.4373
3.33726982	1.475
3.32156944	1.4859
3.32650484	1.4425
3.33775862	1.3627
3.34419172	1.2869
3.3338514	1.2437
3.32439403	1.2269
3.33574578	1.223
3.36386527	1.2307
3.38073288	1.2613
3.37525458	1.3105
3.36834672	1.3522
3.38084376	1.3734
3.40617564	1.3694
3.41991526	1.3593
3.41851413	1.3518
3.40081429	1.3418
3.38410575	1.3263
3.36320421	1.3167
3.34870525	1.3217
3.33465771	1.3416
3.31557325	1.3625
3.29900347	1.3707
3.29926256	1.3587
3.31774261	1.3314
3.34849248	1.2956
3.37523774	1.2716
3.38677934	1.2614
3.40539157	1.2585
3.43716797	1.2603
3.46997415	1.2699
3.4715715	1.2925
3.44922288	1.3151
3.42803704	1.3248
3.43733963	1.3059
3.4647331	1.2586
3.47401391	1.2063
3.45911228	1.1698
3.43255652	1.1681
3.43870486	1.1941
3.44920909	1.2421
3.42885523	1.2989
3.37494659	1.355
3.31908565	1.395
3.28600317	1.4017
3.28668542	1.3614
3.29490269	1.3134
3.31254857	1.258
3.34447425	1.2054
3.4001365	1.1724
3.4860628	1.1681
3.53916556	1.2104
3.53069174	1.2745
3.48363192	1.3607
3.441695	1.4493
3.41006417	1.5137
3.39691992	1.5221
3.39101314	1.5014
3.38364211	1.4598
3.37272815	1.4057
3.3847284	1.3438
3.41958031	1.2904
3.43656345	1.2658
3.41447726	1.2707
3.36686549	1.3127
3.3286714	1.364
3.31448914	1.4031
3.31238381	1.4171
3.31323492	1.4053
3.31327681	1.3866
3.33380955	1.3574
3.38418866	1.3166
3.43576646	1.2802
3.45106033	1.24
3.4256924	1.229
3.3963165	1.2498
3.37836679	1.2761
3.36491853	1.2958
3.35239701	1.2929
3.34644528	1.2749
3.3723917	1.2504
3.41823067	1.2271
3.4526176	1.2226
3.43915792	1.2176
3.40137076	1.2117
3.36909932	1.2265
3.34009367	1.2504
3.29982579	1.2743
3.26618495	1.2963
3.26326243	1.3141
3.30293838	1.305
3.38328455	1.2782
3.47157891	1.2483
3.5406937	1.2409
3.58946238	1.2554
3.62315595	1.2849
3.62639177	1.3061
3.58268355	1.3183
3.51251052	1.3292
3.45246024	1.3425
3.42949027	1.3296
3.44090339	1.2836
3.46966688	1.2318
3.51053878	1.2032
3.55751765	1.2024
3.61231551	1.1895
3.65093035	1.1859
3.64519933	1.1908
3.59547911	1.2051
3.52188753	1.2348
3.46681919	1.2629
3.43337546	1.2601
3.40466433	1.2373
3.39799821	1.2026
3.41378568	1.1814
3.44735943	1.1718
3.45102885	1.1907
3.41897628	1.2372
3.38193326	1.3033
3.37720387	1.3608
3.39851295	1.3957
3.4125676	1.4098
3.42082868	1.3955
3.432824	1.3638
3.45503361	1.3135
3.48697247	1.2625
3.50961498	1.2317
3.49850524	1.2267
3.46332796	1.2258
3.43684225	1.2178
3.43107791	1.2229
3.44526877	1.2451
3.48347546	1.2758
3.54880801	1.2842
3.63119671	1.2657
3.69162243	1.2388
3.70376092	1.2275
3.67743141	1.2281
3.61966165	1.2325
3.55122085	1.2379
3.47493863	1.2491
3.43587625	1.2661
3.44816626	1.2918
3.50435174	1.3036
3.57741733	1.2952
3.64119582	1.2756
3.70496983	1.2501
3.76207753	1.2207
3.78252661	1.1931
3.73091429	1.1722
3.62554536	1.1758
3.53274044	1.2034
3.48268557	1.2276
3.45305745	1.2539
3.41838315	1.2724
3.38668599	1.2601
3.38232625	1.2344
3.40243606	1.2072
3.41616856	1.202
3.40132536	1.2202
3.3650806	1.26
3.33951	1.2978
3.33234269	1.3317
3.33578176	1.3533
3.33405716	1.3541
3.34450051	1.3324
3.37957207	1.302
3.43339043	1.2847
3.47629988	1.2889
3.48083184	1.299
3.44689209	1.3348
3.40354121	1.3961
3.36558837	1.4722
3.33544983	1.5328
3.32268291	1.5386
3.33068968	1.5155
3.3587376	1.4783
3.3977052	1.431
3.43845182	1.3602
3.47847779	1.3012
3.48969486	1.2526
3.46261431	1.2498
3.42459435	1.3026
3.39338359	1.3943
3.37300732	1.4943
3.37126898	1.5804
3.37706924	1.6442
3.39736058	1.6632
3.43546265	1.6367
3.49096012	1.5615
3.5356535	1.4508
3.55062251	1.3409
3.54666125	1.2597
3.52191153	1.252
3.46854167	1.3023
3.39580735	1.3794
3.3410869	1.457
3.31430381	1.5003
3.30892207	1.5083
3.30896627	1.4918
3.31043386	1.4629
3.31359376	1.4257
3.31849712	1.3936
3.31870512	1.3885
3.301787	1.4031
3.27290617	1.4354
3.26042596	1.4642
3.27375079	1.4889
3.31189384	1.4922
3.34775954	1.4846
3.36911827	1.4644
3.38986301	1.4416
3.42995701	1.42
3.45630923	1.421
3.44636227	1.4331
3.38480457	1.4644
3.3199322	1.4965
3.28999567	1.5214
3.28833459	1.5171
3.30835263	1.4771
3.34225439	1.4151
3.39836507	1.3483
3.47097763	1.2878
3.53087965	1.2297
3.55627194	1.2107
3.54351052	1.2434
3.51867235	1.323
3.49033738	1.4191
3.45403631	1.5016
3.40993433	1.5386
3.37615678	1.5323
3.3617189	1.4939
3.37022453	1.4314
3.39081297	1.3481
3.39136603	1.2693
3.36833119	1.2161
3.34327878	1.2159
3.32228128	1.2593
3.30506478	1.3468
3.2810595	1.4585
3.26630006	1.5346
3.26734599	1.5698
3.27087169	1.5804
3.28532794	1.566
3.30808846	1.5222
3.31852867	1.4517
3.33290444	1.4076
3.36412053	1.4071
3.38934736	1.4356
3.39054648	1.4804
3.36511689	1.5313
3.33957128	1.5704
3.3261524	1.594
3.31308382	1.5928
3.30121031	1.5776
3.2970896	1.5398
3.30385133	1.511
3.31606261	1.4905
3.32930194	1.4776
3.33211382	1.4695
3.34087833	1.4689
3.35888117	1.4774
3.37063405	1.4811
3.37476732	1.4731
3.36953061	1.4437
3.38311735	1.3998
3.40577239	1.3556
3.41381527	1.3262
3.39244858	1.3192
3.35485924	1.3317
3.32218067	1.3531
3.31519472	1.3922
3.3144168	1.4249
3.3077908	1.4484
3.2983805	1.4568
3.28656715	1.4479
3.29724265	1.4355
3.31395192	1.4064
3.31776699	1.3667
3.30611412	1.3424
3.28805333	1.3342
3.28327365	1.3539
3.2939284	1.381
3.29189473	1.399
3.27307639	1.4113
3.25046018	1.4178
3.23340191	1.4063
3.23347134	1.3715
3.25607184	1.3225
3.28674107	1.2834
3.31900346	1.2539
3.35098666	1.2349
3.39925435	1.2215
3.44404861	1.2222
3.45012855	1.2316
3.42678158	1.2381
3.3830808	1.2414
3.3451307	1.2473
3.3281078	1.2663
3.32183367	1.3026
3.31755608	1.3366
3.30607801	1.3571
3.31157139	1.3679
3.34474322	1.3784
3.38586203	1.3917
3.40771664	1.3926
3.40522639	1.3673
3.3970678	1.331
3.39155126	1.314
3.38949574	1.3313
3.37469023	1.387
3.35670315	1.4379
3.33835066	1.4624
3.31531969	1.4604
3.30252775	1.4584
3.29483943	1.4656
3.28659978	1.4614
3.27929533	1.4262
3.2724839	1.3721
3.28769645	1.3219
3.31798557	1.3002
3.34572756	1.288
3.36687675	1.2877
3.3729551	1.2904
3.36685264	1.3164
3.37410718	1.3526
3.38917217	1.3885
3.39852514	1.4152
3.38935916	1.429
3.36853076	1.4195
3.35689929	1.4015
3.36956976	1.3805
3.37935612	1.3623
3.37446472	1.3477
3.35494099	1.3255
3.33570627	1.3014
3.33162216	1.293
3.33065633	1.289
3.32635711	1.2896
3.31020053	1.2956
3.29864305	1.3113
3.29938138	1.3397
3.32144182	1.3828
3.35293482	1.4136
3.37681135	1.4268
3.38361471	1.4273
3.38062184	1.4234
3.39035589	1.4095
3.41717146	1.3756
3.45114486	1.324
3.46731327	1.2879
3.44810888	1.2847
3.42423856	1.3076
3.41484158	1.3469
3.39965368	1.384
3.35657629	1.4157
3.29419076	1.4358
3.24610023	1.4393
3.23210721	1.42
3.23458951	1.3899
3.24805323	1.3532
3.26809523	1.3125
3.29943683	1.2718
3.35017373	1.2364
3.38607267	1.2317
3.3884074	1.2552
3.36181554	1.3142
3.33921729	1.3708
3.3305646	1.4098
3.33734621	1.4339
3.33974597	1.4474
3.35119431	1.4567
3.38015969	1.4401
3.41740034	1.4136
3.44590727	1.3936
3.4452225	1.3864
3.42075694	1.4004
3.38285	1.4156
3.32900496	1.4191
3.27004183	1.4228
3.2231427	1.4251
3.19372857	1.4145
3.18257782	1.3931
3.17618919	1.3705
3.17516753	1.3576
3.199294	1.3526
3.24474751	1.3681
3.28770484	1.4025
3.30752155	1.4445
3.30617293	1.4767
3.31322761	1.4758
3.33909297	1.4398
3.36043474	1.3869
3.38230851	1.3389
3.40329357	1.3006
3.42979083	1.2765
3.46088726	1.2723
3.46172619	1.2995
3.41804095	1.346
3.3496796	1.3889
3.2863783	1.4187
3.2484655	1.423
3.23180614	1.4084
3.23139451	1.3719
3.24244045	1.3317
3.27897393	1.2973
3.34148508	1.2674
3.41507061	1.2412
3.47366126	1.2303
3.48873172	1.2517
3.4907161	1.2896
3.47322322	1.3552
3.4631228	1.3989
3.45112552	1.4207
3.42710312	1.4089
3.40059622	1.3838
3.38068251	1.3474
3.37159608	1.3009
3.38613979	1.2568
3.4050908	1.2234
3.40548882	1.2069
3.38544365	1.2016
3.36017816	1.2003
3.36058849	1.2076
3.38541426	1.2145
3.39434798	1.219
3.36924429	1.2189
3.35202344	1.2064
3.37314754	1.1874
3.42879164	1.1891
3.47305843	1.1893
3.47194441	1.1849
3.45972832	1.1782
3.46608648	1.1851
3.48831157	1.2122
3.49122611	1.2482
3.47310373	1.264
3.44570736	1.2742
3.43766983	1.2858
3.44707877	1.3106
3.47105971	1.3335
3.47913675	1.3427
3.48374924	1.339
3.48497349	1.3258
3.47957983	1.3072
3.48697239	1.276
3.49776877	1.2472
3.51226046	1.2153
3.52740553	1.1748
3.54885881	1.145
3.58925079	1.1302
3.62090829	1.1504
3.6116775	1.2053
3.5587069	1.2734
3.49288054	1.343
3.42767182	1.3994
3.38309175	1.4424
3.36486811	1.4642
3.35673819	1.4438
3.34915349	1.388
3.34786517	1.3176
3.37586085	1.2624
3.44085144	1.2313
3.48360107	1.2294
3.4819855	1.2363
3.45666609	1.2522
3.42914215	1.2886
3.42003623	1.343
3.42029939	1.3918
3.41939096	1.4054
3.42141845	1.3844
3.44236574	1.3436
3.48521956	1.3012
3.5343964	1.2746
3.56098437	1.2591
3.55736253	1.2484
3.5304364	1.2381
3.51603873	1.2399
3.5173455	1.2451
3.52916943	1.2174
3.53243173	1.1762
3.53336871	1.1336
3.54026713	1.1006
3.55682194	1.0908
3.57404801	1.1112
3.58457142	1.1526
3.56477844	1.1955
3.50794184	1.2447
3.45078762	1.2949
3.43294977	1.3402
3.44730048	1.3574
3.48529523	1.3255
3.52497574	1.2544
3.54571308	1.1757
3.55091903	1.1137
3.528232	1.0964
3.48560665	1.1148
3.43905299	1.1476
3.40029898	1.1828
3.3813278	1.2475
3.39209133	1.3274
3.42552528	1.3862
3.46436364	1.4052
3.51757672	1.3727
3.57290191	1.3246
3.61166762	1.2877
3.60740477	1.2641
3.57162891	1.2526
3.53192701	1.2463
3.48258365	1.236
3.43530186	1.2338
3.40960419	1.2292
3.42206842	1.2073
3.47652058	1.1792
3.55437856	1.156
3.62260746	1.1477
3.65793573	1.1602
3.6764396	1.1836
3.67322107	1.2216
3.6450901	1.2671
3.57695279	1.3187
3.51406653	1.3663
3.48385941	1.3968
3.49136146	1.3912
3.52837267	1.3689
3.56738365	1.3398
3.57993436	1.3195
3.57389611	1.3083
3.54879631	1.3075
3.50754171	1.3245
3.45817043	1.3631
3.41193618	1.4009
3.38838712	1.4226
3.38992697	1.4157
3.41760058	1.3723
3.47076563	1.3018
3.54977869	1.2295
3.63926636	1.1713
3.70120465	1.1427
3.70163046	1.1586
3.63917163	1.2247
3.54407759	1.3121
3.44843995	1.3855
3.38689152	1.4287
3.37047067	1.4428
3.38742355	1.4348
3.4356957	1.3918
3.51143068	1.3148
3.59953285	1.2239
3.68470932	1.1583
3.72978067	1.1385
3.6992394	1.16
3.59500688	1.2147
3.45608534	1.3026
3.35366649	1.4011
3.30199608	1.4905
3.28468359	1.5423
3.2875366	1.5597
3.31279026	1.5432
3.3653032	1.4801
3.4538699	1.3716
3.55646261	1.2659
3.63112505	1.1997
3.61762706	1.1882
3.52958845	1.2103
3.42949386	1.2563
3.34933128	1.3181
3.30270109	1.3904
3.28372143	1.4581
3.29379213	1.4967
3.32446101	1.4863
3.36447266	1.4494
3.4057184	1.4067
3.4429544	1.3542
3.46597817	1.2917
3.47650792	1.2426
3.47927403	1.2142
3.46798356	1.2083
3.44900319	1.214
3.44566071	1.2254
3.46617614	1.2488
3.49447966	1.2793
3.50106869	1.32
3.48239002	1.368
3.44297481	1.419
3.40466916	1.4687
3.37345805	1.5023
3.35547189	1.496
3.33805726	1.4581
3.31490726	1.4122
3.29607564	1.3641
3.31397819	1.3162
3.36105661	1.2808
3.41097974	1.2624
3.43179658	1.2902
3.41255259	1.3639
3.37747615	1.4519
3.35640457	1.5267
3.3485488	1.5696
3.34295296	1.5836
3.32936997	1.5762
3.3221227	1.5253
3.33028544	1.4406
3.3515092	1.3438
3.36721071	1.2618
3.35964605	1.2253
3.33750036	1.2246
3.32269449	1.2658
3.31767082	1.3247
3.32811599	1.388
3.34715867	1.4425
3.36955938	1.4731
3.41116655	1.4576
3.46396127	1.4171
3.50149036	1.3695
3.50581136	1.3316
3.47466301	1.3208
3.43021948	1.3369
3.39668775	1.3783
3.3678441	1.4286
3.33857513	1.469
3.30964126	1.4859
3.29865766	1.4644
3.31393534	1.4241
3.34890429	1.3883
3.36939262	1.3524
3.36069646	1.3365
3.32982355	1.3424
3.30127164	1.3689
3.2876844	1.4036
3.28431057	1.4369
3.29198139	1.4568
3.31457155	1.4505
3.37319099	1.4307
3.46127011	1.4102
3.54234989	1.3902
3.58194487	1.3604
3.56020316	1.3392
3.49890505	1.3354
3.4319807	1.3508
3.37762599	1.3742
3.33267165	1.3996
3.30266233	1.4218
3.2960882	1.4145
3.31806992	1.3875
3.37317326	1.3532
3.44245871	1.3297
3.48865089	1.3209
3.50444886	1.3286
3.49872862	1.3544
3.49205146	1.3817
3.47885382	1.4032
3.4576737	1.4157
3.43403053	1.4105
3.42560707	1.3817
3.43191299	1.3471
3.44793177	1.3261
3.46092192	1.3183
3.45725882	1.3277
3.44595557	1.3513
3.432524	1.3819
3.42613743	1.4092
3.4245256	1.4373
3.42363215	1.4582
3.43068284	1.4547
3.43759564	1.4209
3.4489977	1.359
3.4478828	1.3162
3.42118987	1.3114
3.37217358	1.3334
3.3168044	1.3769
3.27025184	1.4301
3.25439855	1.4917
3.27056	1.5651
3.30646581	1.6157
3.34603319	1.6122
3.37687481	1.5599
3.40462886	1.481
3.42791742	1.4326
3.42336967	1.4061
3.37892009	1.4023
3.31025426	1.418
3.25304032	1.4617
3.23515663	1.5163
3.25876576	1.5545
3.30676162	1.5562
3.36835769	1.5262
3.44472688	1.4666
3.54157723	1.395
3.64032008	1.3305
3.67846579	1.281
3.62467815	1.2657
3.50999849	1.2827
3.40160852	1.3305
3.34155051	1.3766
3.30689986	1.413
3.28573334	1.4386
3.28627862	1.4242
3.31799343	1.3691
3.39134923	1.2911
3.47224973	1.226
3.51562118	1.182
3.51160574	1.1698
3.4864211	1.1892
3.44026543	1.2541
3.39028379	1.3437
3.34225689	1.4358
3.3155066	1.4936
3.31399408	1.5022
3.33077819	1.4921
3.36093268	1.4909
3.40309354	1.489
3.43941667	1.4662
3.46392805	1.4121
3.46397137	1.3454
3.44011912	1.3125
3.42099009	1.3134
3.41082389	1.3221
3.40442931	1.3095
3.38049919	1.2951
3.35836603	1.3046
3.37998073	1.3205
3.43483956	1.3222
3.47789278	1.3109
3.47795463	1.3035
3.43619447	1.3193
3.40724248	1.3562
3.39616489	1.3995
3.37133023	1.4306
3.33269647	1.4449
3.31040742	1.4298
3.32491467	1.3904
3.38764143	1.3347
3.4585191	1.2727
3.49627836	1.2275
3.49749846	1.2131
3.48627294	1.2337
3.47857913	1.2875
3.44778602	1.3641
3.40013889	1.4341
3.35477463	1.4848
3.33181711	1.5025
3.33407943	1.5031
3.35542079	1.4723
3.37799526	1.4082
3.38622982	1.335
3.39578072	1.2873
3.39939484	1.2841
3.39764117	1.3148
3.37806252	1.3627
3.36502788	1.4187
3.36951271	1.4919
3.38453687	1.5584
3.39813226	1.589
3.41818266	1.5492
3.44057613	1.4596
3.44670554	1.3869
3.43202211	1.3652
3.40494637	1.378
3.38428584	1.3842
3.3514678	1.3919
3.31030377	1.4003
3.2791566	1.4254
3.27721649	1.4438
3.31168614	1.4317
3.37155758	1.3882
3.4202716	1.3427
3.43047471	1.325
3.43006183	1.339
3.4243828	1.3862
3.41139838	1.4364
3.39056653	1.4622
3.3571382	1.467
3.33527383	1.4625
3.33788106	1.453
3.37342395	1.4159
3.43751464	1.3553
3.49411583	1.2817
3.52198735	1.2255
3.5061868	1.2132
3.43877151	1.2555
3.37222445	1.327
3.3272796	1.3993
3.30738217	1.4495
3.30702632	1.4912
3.32022955	1.5227
3.35135147	1.5174
3.40385013	1.4562
3.47518837	1.3661
3.53438587	1.2944
3.5508482	1.2606
3.52010633	1.2487
3.47994649	1.2641
3.45409233	1.2941
3.44303666	1.337
3.44315304	1.3868
3.45391503	1.429
3.48325517	1.4554
3.52261631	1.4552
3.55768337	1.4346
3.58026119	1.4085
3.56828222	1.3932
3.52950298	1.3859
3.49754716	1.3789
3.4670729	1.3801
3.44307319	1.396
3.43332007	1.4051
3.43326564	1.386
3.44863105	1.3435
3.47095757	1.2997
3.47603163	1.2807
3.45150892	1.2913
3.42185534	1.3153
3.40189261	1.328
3.40271305	1.3443
3.41285917	1.3638
3.42533249	1.3804
3.44342199	1.3723
3.47316847	1.3482
3.53207856	1.3106
3.59321113	1.2905
3.62041542	1.2858
3.59391098	1.3068
3.53253615	1.3334
3.46686356	1.3821
3.42381308	1.4143
3.3984973	1.4382
3.37484419	1.4435
3.3642885	1.4301
3.37803953	1.4131
3.42638932	1.3928
3.49163748	1.3754
3.55468642	1.3547
3.59372328	1.3357
3.59980097	1.3314
3.57169382	1.3685
3.53617504	1.4344
3.50304856	1.4967
3.4636868	1.5388
3.42856162	1.5519
3.40034555	1.5412
3.39896381	1.5025
3.42543147	1.4459
3.4602622	1.375
3.48761759	1.3114
3.50900525	1.2673
3.51817847	1.2554
3.5227592	1.2648
3.50025298	1.2878
3.46384654	1.3155
3.41615394	1.3494
3.37275613	1.3724
3.35152562	1.397
3.36110813	1.4054
3.37899882	1.3954
3.39805513	1.3649
3.41188612	1.3309
3.40770718	1.3234
3.41037164	1.3258
3.41142284	1.3272
3.42008112	1.31
3.4153973	1.3055
3.40795164	1.3131
3.40964879	1.3496
3.42173645	1.3824
3.42487374	1.4128
3.41157093	1.4397
3.38698415	1.4619
3.36884683	1.4893
3.37154923	1.5186
3.3803632	1.5331
3.39479174	1.5192
3.41709337	1.4757
3.45534043	1.4115
3.51183443	1.3558
3.56388978	1.3275
3.57929689	1.3225
3.54109262	1.3356
3.47102424	1.3756
3.40787289	1.4282
3.36648791	1.4888
3.34423643	1.5289
3.33962132	1.5335
3.3464214	1.5024
3.38941032	1.4541
3.45072409	1.4115
3.49593477	1.3793
3.49566348	1.3645
3.4460321	1.3738
3.37760996	1.411
3.32238303	1.4793
3.2851551	1.5363
3.26361213	1.5584
3.25057549	1.5544
3.25783996	1.5217
3.2944121	1.4861
3.35215352	1.4437
3.41420403	1.4059
3.46338026	1.3876
3.46999132	1.398
3.43812382	1.4452
3.40781048	1.499
3.3829806	1.5387
3.37773216	1.5366
3.38021368	1.5074
3.40710148	1.4561
3.46630141	1.4032
3.54635547	1.3482
3.61175993	1.3123
3.61312792	1.3055
3.56108968	1.3178
3.49853589	1.3648
3.44625768	1.4273
3.41745611	1.4757
3.40793199	1.4924
3.41287432	1.4798
3.46040138	1.4522
3.53567148	1.4239
3.6078894	1.3906
3.64326055	1.3615
3.63123474	1.3368
3.59691882	1.3303
3.5386215	1.3536
3.46217413	1.3901
3.39408225	1.4106
3.34890417	1.4103
3.3429386	1.3933
3.38086989	1.3456
3.42953187	1.2982
3.47338982	1.267
3.52700824	1.2658
3.56402862	1.2827
3.57547136	1.3144
3.54881432	1.3575
3.50691781	1.3979
3.47397708	1.4283
3.47048115	1.439
3.48322679	1.4321
3.50475782	1.413
3.50630709	1.3937
3.49815776	1.3773
3.48293592	1.3769
3.46310251	1.3778
3.4360894	1.3915
3.39754821	1.4113
3.36481698	1.4274
3.35375867	1.4429
3.36549714	1.4524
3.39130907	1.4582
3.42287561	1.4559
3.44928119	1.441
3.48083751	1.4181
3.50671614	1.3992
3.50788721	1.4118
3.48083352	1.446
3.44846353	1.4644
3.42010371	1.4575
3.40194686	1.4246
3.38266488	1.3985
3.37632607	1.3666
3.40305399	1.3203
3.46589285	1.2569
3.53450058	1.2353
3.57901068	1.2462
3.58464493	1.2743
3.55163665	1.2995
3.51909543	1.3002
3.47969057	1.3045
3.43539285	1.3164
3.39841311	1.3297
3.40660337	1.3197
3.45732514	1.2884
3.5361025	1.2568
3.61478364	1.2326
3.65621447	1.2075
3.66061352	1.185
3.64777325	1.1718
3.60812957	1.1916
3.54117071	1.2264
3.4601567	1.2667
3.3974043	1.3061
3.36516433	1.3364
3.36563182	1.3415
3.3987936	1.3306
3.46158203	1.3102
3.52174216	1.2899
3.56033223	1.2722
3.5891355	1.2609
3.6040757	1.2579
3.5928601	1.2579
3.53809859	1.2712
3.4617007	1.315
3.4204007	1.3568
3.41920036	1.3698
3.43087511	1.352
3.44148989	1.3325
3.45592529	1.32
3.48332437	1.3287
3.52761743	1.3504
3.54366352	1.3809
3.51216265	1.4
3.45774205	1.4105
3.42251712	1.4093
3.41833882	1.3857
3.43513759	1.3383
3.45498866	1.2828
3.47658347	1.247
3.50578831	1.2392
3.55080575	1.2624
3.56298211	1.3065
3.53068831	1.3673
3.47304312	1.4413
3.42919663	1.502
3.41190063	1.5353
3.42059285	1.527
3.45123713	1.4919
3.50224942	1.4312
3.5728593	1.3518
3.64614996	1.2746
3.7192596	1.223
3.7696413	1.2139
3.75971791	1.2417
3.70163775	1.2868
3.61279253	1.3389
3.5465581	1.3871
3.52307575	1.4188
3.53400947	1.4169
3.55021032	1.374
3.56724265	1.3037
3.59322911	1.2325
3.64918698	1.186
3.70267878	1.1695
3.71705762	1.1748
3.66126141	1.2026
3.56880941	1.2509
3.50273413	1.3001
3.47571678	1.3405
3.46018975	1.3479
3.44260854	1.3374
3.42661401	1.3371
3.43057144	1.3487
3.45457711	1.3715
3.48093497	1.3979
3.48617958	1.4273
3.47284298	1.4493
3.46114853	1.4462
3.45732998	1.4257
3.46564143	1.3726
3.46676815	1.318
3.46844121	1.2575
3.46727341	1.2125
3.45652533	1.1984
3.42930611	1.2197
3.39249641	1.2734
3.35416868	1.3376
3.33151021	1.3809
3.32600762	1.3994
3.35493696	1.387
3.4006114	1.3376
3.45010104	1.257
3.49798062	1.1627
3.53521993	1.0841
3.546532	1.0475
3.53711457	1.068
3.49862746	1.1304
3.43621815	1.21
3.37145262	1.2795
3.33789307	1.3323
3.34267038	1.3436
3.37976406	1.3131
3.4225873	1.2486
3.46049746	1.1797
3.48645823	1.1286
3.51351623	1.1145
3.53215483	1.1476
3.53229036	1.2303
3.51274738	1.3435
3.47950392	1.4427
3.45885901	1.4931
3.45306477	1.4932
3.45216895	1.4521
3.45428347	1.3779
3.46380451	1.2718
3.48705409	1.1709
3.52612448	1.1084
3.5628059	1.0954
3.58247746	1.1291
3.56848293	1.1852
3.53254766	1.2474
3.50139699	1.2938
3.49478047	1.3086
3.50817023	1.2908
3.52848607	1.2611
3.53652882	1.2274
3.54321232	1.1956
3.54850979	1.1835
3.55688579	1.1849
3.53614099	1.202
3.50103069	1.2203
3.46230637	1.2278
3.44929862	1.2033
3.46442601	1.1436
3.48799265	1.0621
3.51562235	0.9884
3.54611521	0.9317
3.57227675	0.9156
3.57527076	0.9417
3.54815899	1.0005
3.51007703	1.0856
3.46660299	1.1814
3.44161132	1.2516
3.43459855	1.2913
3.45980464	1.2873
3.52008585	1.239
3.61117728	1.1549
3.70145767	1.0678
3.75767662	1.002
3.72495969	0.9925
3.64427083	1.0442
3.55112376	1.1467
3.45286215	1.28
3.38196477	1.3941
3.35630237	1.4658
3.36767399	1.4954
3.40997268	1.4807
3.46545695	1.4268
3.52730392	1.3573
3.57603727	1.2957
3.57645553	1.2748
3.52265071	1.3
3.44516794	1.3477
3.38275582	1.3873
3.35581612	1.4069
3.37295674	1.3967
3.4171271	1.3611
3.47672586	1.2994
3.54365144	1.2353
3.60806742	1.1893
3.63725726	1.1866
3.59621096	1.2308
3.51272481	1.3076
3.42758517	1.3811
3.3686729	1.4138
3.34697376	1.3997
3.35343131	1.3582
3.39951593	1.2724
3.49580803	1.1573
3.62124402	1.0475
3.7100352	0.9825
3.70306471	0.9806
3.60786433	1.0316
3.48482009	1.1263
3.38356158	1.2399
3.31343059	1.3388
3.27935004	1.3952
3.28708819	1.4132
3.33107598	1.3935
3.39998119	1.3385
3.47769889	1.2573
3.54587523	1.1715
3.55850492	1.1219
3.52353894	1.1196
3.46531738	1.1819
3.41592233	1.2726
3.37613792	1.3484
3.35249122	1.3729
3.35567133	1.3586
3.39001925	1.3123
3.45538441	1.2367
3.52820036	1.1477
3.58187317	1.0684
3.58286508	1.0204
3.54888139	1.0156
3.48971274	1.0551
3.44007481	1.1201
3.41853733	1.1743
3.42871163	1.1979
3.46734165	1.1855
3.53766376	1.1351
3.63248438	1.0636
3.71505347	1.0003
3.76173434	0.9595
3.73434469	0.9577
3.65635385	0.9924
3.58256695	1.0461
3.53036835	1.1246
3.50633507	1.2095
3.50987318	1.2761
3.54462415	1.316
3.61701226	1.3267
3.69888804	1.3187
3.74620093	1.3136
3.72626508	1.3112
3.65453987	1.3349
3.5640425	1.3883
3.4973914	1.4306
3.44308304	1.4421
3.41277203	1.4338
3.41503714	1.411
3.45093226	1.3802
3.52506302	1.3335
3.60898266	1.2809
3.67868229	1.2544
3.71257301	1.2808
3.69348019	1.3563
3.64112005	1.4375
3.57668096	1.4937
3.5219497	1.5123
3.4973836	1.4958
3.4889893	1.4481
3.50582301	1.3585
3.55288795	1.2366
3.63273538	1.1305
3.71524782	1.0684
3.75053511	1.0578
3.72115508	1.0802
3.64911854	1.1294
3.56347584	1.1996
3.49498435	1.265
3.43616867	1.3223
3.40940659	1.3612
3.41649092	1.3704
3.46235782	1.3495
3.53151078	1.3052
3.60820533	1.2599
3.64599868	1.2421
3.65810757	1.257
3.65065652	1.2904
3.63112228	1.3318
3.58470604	1.3678
3.53711423	1.3911
3.51378109	1.3869
3.51863883	1.3591
3.53951533	1.3207
3.56694449	1.2786
3.57733743	1.244
3.57036879	1.2267
3.55830961	1.2282
3.5413853	1.2459
3.53510977	1.2586
3.52611619	1.2554
3.52528727	1.2249
3.55601059	1.1703
3.62353447	1.1192
3.69934753	1.0861
3.75186447	1.0608
3.75382663	1.0673
3.71998273	1.1021
3.65998426	1.154
3.58116273	1.2022
3.4964304	1.2386
3.42665979	1.2736
3.39530477	1.2968
3.40220604	1.2894
3.44147592	1.2534
3.51067793	1.2159
3.57982902	1.2022
3.63154748	1.2122
3.63347209	1.2416
3.59828634	1.2702
3.53849292	1.313
3.48434696	1.3614
3.45209987	1.3877
3.43559449	1.3979
3.45564302	1.3851
3.51499999	1.366
3.61066895	1.3393
3.70353193	1.3117
3.74623581	1.2958
3.74066749	1.302
3.68337502	1.3467
3.60742066	1.405
3.53136086	1.4426
3.47263817	1.4505
3.44980667	1.4303
3.47203874	1.3861
3.54370034	1.3154
3.65939545	1.2372
3.77446248	1.1877
3.82964876	1.1811
3.80908202	1.2011
3.74570316	1.2187
3.65236412	1.2439
3.54877902	1.2787
3.46782251	1.3267
3.42361565	1.3723
3.42777429	1.3803
3.47085851	1.3453
3.54860984	1.2987
3.62909795	1.2556
3.6780808	1.2237
3.68235031	1.2124
3.64122251	1.2276
3.56627076	1.2746
3.49180067	1.3354
3.44493219	1.3775
3.43130977	1.3855
3.44557648	1.3629
3.470941	1.3287
3.50030086	1.2838
3.53909676	1.2356
3.57701156	1.2065
3.59373899	1.2037
3.56699374	1.2405
3.5036399	1.2935
3.44832726	1.3511
3.42552264	1.3899
3.43234991	1.4016
3.46439619	1.3798
3.51054999	1.3417
3.5620062	1.3058
3.61207043	1.2883
3.64771645	1.2916
3.65436219	1.2981
3.62683132	1.3103
3.58826543	1.3406
3.55719132	1.3944
3.54645801	1.4444
3.54666087	1.4765
3.55468607	1.4877
3.57046187	1.4862
3.59492296	1.4775
3.61227775	1.4751
3.61996738	1.4594
3.6052365	1.4477
3.58064843	1.4408
3.55500516	1.4479
3.53301775	1.4531
3.51219296	1.4521
3.49288984	1.4369
3.48533162	1.416
3.4855553	1.3973
3.48080179	1.3868
3.47237764	1.388
3.46738969	1.4029
3.46258602	1.4344
3.45228002	1.474
3.44261848	1.5007
3.44334822	1.5036
3.46409002	1.4819
3.49865437	1.4443
3.54166608	1.3987
3.56770111	1.3573
3.57889423	1.3282
3.58242422	1.3155
3.57109517	1.3166
3.53781041	1.3476
3.48460203	1.3962
3.4419523	1.432
3.42580596	1.4383
3.43619338	1.411
3.45396976	1.3677
3.46171058	1.3251
3.45354076	1.2942
3.44754622	1.2711
3.44354466	1.2639
3.43836519	1.2739
3.41314109	1.3085
3.38568634	1.364
3.38814346	1.3975
3.42329686	1.4129
3.47277992	1.4033
3.5203362	1.3902
3.54440886	1.3961
3.53996209	1.4047
3.51641639	1.4054
3.47750175	1.4059
3.42019844	1.4185
3.35177595	1.4419
3.28929018	1.4584
3.25035345	1.4585
3.23277886	1.4425
3.2352349	1.4262
3.25542856	1.4147
3.28567498	1.3968
3.31448828	1.3795
3.35459394	1.3618
3.39306933	1.355
3.43361511	1.384
3.46444755	1.4457
3.48742407	1.4969
3.50644272	1.5175
3.51860576	1.5011
3.52657305	1.4654
3.53323732	1.4191
3.53590249	1.3619
3.52369928	1.3049
3.51096443	1.2607
3.49330799	1.2601
3.47159321	1.2947
3.44101598	1.3431
3.43045451	1.3819
3.4438386	1.3952
3.47100025	1.3927
3.51041969	1.3763
3.55556455	1.353
3.59186951	1.3264
3.60794184	1.3045
3.60646478	1.3086
3.59206909	1.3381
3.55830176	1.3933
3.51169754	1.4385
3.46712994	1.4571
3.43316443	1.4569
3.41559561	1.4406
3.4051535	1.4082
3.38696696	1.3719
3.36188934	1.3331
3.33098913	1.3269
3.31319469	1.3542
3.30305541	1.405
3.29702021	1.4464
3.29164063	1.4655
3.30232281	1.4773
3.33435308	1.4828
3.38614888	1.4644
3.44675966	1.4018
3.49881589	1.3122
3.51586309	1.2448
3.4984549	1.2258
3.45910313	1.2723
3.41691403	1.348
3.36947002	1.4212
3.32657851	1.4752
3.30266162	1.5015
3.30654365	1.5066
3.32651207	1.4769
3.33748252	1.4183
3.33199875	1.3392
3.32054786	1.2716
3.31162754	1.2486
3.2956599	1.2731
3.26949672	1.3334
3.23670642	1.4081
3.21673063	1.4627
3.21695339	1.4987
3.2371926	1.5228
3.27117497	1.5161
3.3062987	1.4598
3.3355947	1.3685
3.37184984	1.2841
3.39857428	1.2561
3.40501318	1.277
3.37991226	1.3321
3.32739313	1.4034
3.28263032	1.4737
3.26030816	1.529
3.25424234	1.5718
3.2463254	1.5757
3.23490526	1.5363
3.22370601	1.4723
3.23224171	1.3958
3.25537148	1.3439
3.28553863	1.3035
3.30423704	1.2978
3.31160826	1.3224
3.31266677	1.3672
3.33032101	1.4174
3.34641905	1.4559
3.35370519	1.4634
3.35529175	1.4278
3.36603046	1.3654
3.38645597	1.2985
3.39375419	1.2506
3.37679125	1.2194
3.3323452	1.2129
3.27657944	1.2285
3.2352879	1.2541
3.20516123	1.2873
3.19068085	1.3051
3.19111699	1.3032
3.22156934	1.2997
3.27807216	1.3047
3.33975436	1.3156
3.38452611	1.3398
3.40333427	1.3696
3.40349836	1.4111
3.40069532	1.4692
3.38758761	1.5271
3.36524234	1.5582
3.33998134	1.5481
3.32297381	1.5014
3.32886137	1.4405
3.34594241	1.3944
3.36228234	1.3486
3.37225766	1.3356
3.38635953	1.3384
3.39798955	1.3686
3.39170968	1.4282
3.37040483	1.4881
3.35156508	1.519
3.34441407	1.5143
3.35614402	1.4831
3.38965022	1.4277
3.44194361	1.3747
3.50796689	1.3167
3.57072307	1.2804
3.6052027	1.2834
3.60970594	1.3097
3.57959592	1.3598
3.54566422	1.4017
3.51384686	1.4297
3.48250159	1.431
3.4513366	1.4136
3.43275927	1.3848
3.44101767	1.3555
3.45392319	1.3286
3.4434696	1.3128
3.41519889	1.3057
3.38267088	1.3177
3.36934691	1.3452
3.37061247	1.3721
3.38289474	1.3659
3.3951553	1.3346
3.42597855	1.2877
3.4872834	1.2449
3.56112866	1.2071
3.62607222	1.1708
3.6432122	1.1418
3.63656341	1.1253
3.60753418	1.1332
3.57141162	1.174
3.55735332	1.2087
3.54595137	1.2384
3.54475139	1.2475
3.55479218	1.246
3.58707849	1.2437
3.61587471	1.252
3.62877336	1.2501
3.59942055	1.2432
3.54957048	1.2277
3.49578142	1.23
3.45398272	1.2503
3.41630789	1.2641
3.3892762	1.2566
3.38558441	1.2278
3.41380142	1.1848
3.47314063	1.1452
3.54776032	1.1084
3.6014074	1.0537
3.61947411	1.0122
3.60087047	0.9803
3.55091633	0.9671
3.50612669	0.9631
3.46130931	0.947
3.41977186	0.9174
3.38298196	0.8915
3.38134325	0.865
3.42362675	0.8427
3.47960063	0.8127
3.51024709	0.7909
3.50921926	0.785
3.50931636	0.7971
3.5188131	0.8185
3.5308767	0.8413
3.54089439	0.8661
3.55284067	0.903
3.57097363	0.9482
3.6101497	1.0105
3.6534931	1.0772
3.65593972	1.1556
3.62072777	1.2339
3.5708761	1.3114
3.54566362	1.3806
3.5456354	1.4272
3.54635829	1.4424
3.54503249	1.4253
3.54443468	1.3795
3.5658097	1.3323
3.60161179	1.3011
3.61398686	1.2961
3.56846706	1.3087
3.5031666	1.3367
3.47175353	1.3809
3.46772986	1.4377
3.46484322	1.4894
3.45500124	1.515
3.46362988	1.4903
3.49827276	1.4361
3.54977437	1.3852
3.59283365	1.3398
3.60231236	1.2865
3.59832962	1.2219
3.59737128	1.1725
3.59118496	1.1622
3.56098833	1.2055
3.52867937	1.2537
3.5023369	1.2867
3.48923196	1.3091
3.48983069	1.3269
3.50242847	1.3449
3.52283918	1.3483
3.56298264	1.3205
3.60155165	1.2678
3.6298938	1.2331
3.62663775	1.2288
3.60778499	1.2386
3.58169567	1.255
3.55161394	1.2742
3.50510469	1.2963
3.46268908	1.3061
3.43868426	1.3051
3.44850907	1.3023
3.47296176	1.2976
3.47959084	1.2985
3.47391144	1.3048
3.47709374	1.3393
3.49388553	1.3839
3.49460557	1.427
3.46918431	1.4413
3.43826543	1.4301
3.41848292	1.4234
3.42272807	1.4179
3.43508891	1.4078
3.4331161	1.3841
3.4108414	1.3703
3.38929224	1.3797
3.39383566	1.4011
3.40745896	1.4271
3.41937756	1.4424
3.42865589	1.4516
3.43438304	1.4472
3.43356283	1.4238
3.43783907	1.3967
3.44141261	1.3684
3.43632307	1.3479
3.42184719	1.3362
3.41036257	1.3445
3.41767915	1.372
3.43502713	1.3977
3.44875121	1.4123
3.45016836	1.4242
3.45262797	1.4347
3.47428393	1.4456
3.50788081	1.4407
3.52299573	1.42
3.50893309	1.4019
3.48180866	1.4089
3.46450302	1.4522
3.4629062	1.5073
3.46618658	1.5392
3.46132544	1.5294
3.45761983	1.4998
3.45500817	1.465
3.45554664	1.4267
3.45729836	1.364
3.43454562	1.2991
3.40129573	1.2561
3.36718112	1.2558
3.34501775	1.2803
3.32727967	1.3237
3.32731602	1.351
3.34514969	1.3911
3.38132417	1.4242
3.42579487	1.4413
3.4785161	1.4362
3.5215995	1.4034
3.54449506	1.3388
3.54550764	1.2808
3.52484737	1.2673
3.48180004	1.2922
3.41533351	1.3239
3.35637917	1.3409
3.31963181	1.3494
3.30323191	1.3631
3.31012027	1.3784
3.33667832	1.3789
3.37724522	1.3566
3.43642928	1.3149
3.49437319	1.291
3.52623274	1.3044
3.52499049	1.3236
3.50329403	1.3349
3.4859926	1.3323
3.47238238	1.3347
3.44742278	1.36
3.42544767	1.3814
3.40974324	1.3755
3.40156807	1.3475
3.39587119	1.3319
3.38794546	1.3411
3.37848255	1.3724
3.37658571	1.3982
3.38230898	1.4076
3.38605786	1.4128
3.38122451	1.4403
3.37858409	1.4665
3.37921151	1.466
3.36847716	1.4397
3.35608022	1.4087
3.3433295	1.3935
3.32447001	1.3947
3.31309022	1.4106
3.31842821	1.4259
3.32430947	1.4302
3.33077302	1.4387
3.34507464	1.4551
3.38516374	1.463
3.4318892	1.4575
3.46244305	1.4386
3.46980213	1.4236
3.46012698	1.4384
3.45082024	1.4747
3.44589726	1.5095
3.4386878	1.5328
3.42776	1.5314
3.42089259	1.5179
3.43766268	1.4877
3.48429734	1.4321
3.5404834	1.3535
3.58439407	1.2482
3.61263573	1.1708
3.62406006	1.1579
3.60439075	1.2101
3.54597028	1.2875
3.4800666	1.3567
3.43233778	1.4042
3.40508833	1.444
3.39914959	1.4842
3.40825822	1.4934
3.43151754	1.4305
3.46861429	1.3296
3.51450953	1.2474
3.54246705	1.2294
3.53983495	1.2604
3.51101511	1.318
3.46547591	1.3717
3.4234359	1.4125
3.40025552	1.4416
3.39457796	1.4621
3.4147141	1.4598
3.45618434	1.4436
3.51302717	1.4256
3.57110256	1.4151
3.60707668	1.4135
3.61046555	1.4246
3.5861286	1.4377
3.5346972	1.4418
3.47326613	1.4317
3.41760866	1.41
3.38660997	1.3726
3.39563868	1.3148
3.43557589	1.2718
3.4976785	1.2407
3.55114548	1.2376
3.58992978	1.2537
3.5857127	1.2941
3.55449498	1.3352
3.50784262	1.3714
3.46490407	1.4012
3.43372795	1.423
3.42307256	1.4235
3.44700859	1.3876
3.48413553	1.3413
3.51569218	1.2997
3.52194153	1.2814
3.52625936	1.2809
3.52618768	1.2819
3.5135332	1.2788
3.49015509	1.2837
3.4671563	1.2848
3.47101159	1.2637
3.50311106	1.2388
3.55222621	1.2239
3.58278426	1.2447
3.5808506	1.2845
3.54885038	1.3351
3.5018448	1.3951
3.45654294	1.4573
3.42353356	1.5098
3.41247725	1.5186
3.41866808	1.4846
3.44730472	1.4105
3.51053418	1.3169
3.58486655	1.2329
3.63904954	1.1746
3.65838622	1.1487
3.63235233	1.1846
3.57466656	1.2703
3.50802151	1.3786
3.45333173	1.4595
3.4136383	1.4931
3.38909816	1.4855
3.37509699	1.4556
3.37961665	1.4053
3.40611425	1.3374
3.42857504	1.2814
3.43250059	1.2569
3.42641987	1.2599
3.42481663	1.2763
3.41956308	1.3007
3.4051441	1.3401
3.40704069	1.3905
3.42750668	1.429
3.45176998	1.437
3.47608689	1.429
3.49793049	1.4213
3.51599337	1.4293
3.52742433	1.4406
3.52546914	1.4243
3.49431675	1.404
3.45237575	1.3694
3.42097586	1.3452
3.41222959	1.3266
3.40173267	1.3122
3.37796318	1.2893
3.35246113	1.2715
3.35626407	1.2501
3.38007434	1.246
3.40900966	1.2611
3.42664613	1.3028
3.45175685	1.3495
3.49386584	1.3759
3.54077623	1.3866
3.57022084	1.3914
3.57874548	1.4046
3.57145194	1.4316
3.55049665	1.442
3.51880224	1.44
3.47397013	1.4498
3.43054344	1.4744
3.4001994	1.4994
3.39423751	1.4997
3.40386051	1.4784
3.42094983	1.4426
3.44860608	1.4192
3.47741536	1.4181
3.50985156	1.4131
3.51909213	1.4104
3.49456285	1.4217
3.44246436	1.4661
3.39297189	1.5313
3.36262125	1.5867
3.35625648	1.5968
3.36920805	1.5671
3.4133898	1.5166
3.47360748	1.4631
3.54797517	1.3992
3.62891409	1.3238
3.67811606	1.2674
3.66866437	1.2416
3.60245979	1.2609
3.51718449	1.3114
3.46006537	1.365
3.42286425	1.4107
3.4046558	1.4399
3.4065114	1.4436
3.41583419	1.4328
3.44488773	1.4081
3.4819958	1.3905
3.50454836	1.3794
3.48416808	1.3555
3.42721787	1.3264
3.3651576	1.3344
3.32389827	1.3798
3.29709513	1.4244
3.2748184	1.4416
3.26893811	1.4208
3.29623874	1.4057
3.35141375	1.4014
3.41726384	1.3906
3.46402816	1.3556
3.48067691	1.3108
3.48705584	1.2813
3.48709449	1.2799
3.47339154	1.2988
3.44628179	1.3192
3.43194268	1.3344
3.44298229	1.3434
3.48277312	1.3651
3.53143699	1.3775
3.57185496	1.3692
3.60374479	1.3314
3.63713757	1.2852
3.65367342	1.2578
3.634289	1.2486
3.58453682	1.2375
3.52179178	1.2257
3.48701853	1.2216
3.47138191	1.2529
3.47716558	1.289
3.47905275	1.3332
3.49478101	1.3587
3.51633759	1.3801
3.53424197	1.4082
3.54550038	1.4222
3.55678314	1.4288
3.57443302	1.4198
3.60929274	1.3908
3.64385668	1.3564
3.66727864	1.3327
3.66847144	1.328
3.64190178	1.3296
3.59709686	1.3306
3.54676454	1.3355
3.49334587	1.3523
3.43775273	1.3876
3.3968878	1.4189
3.39120851	1.4336
3.40916694	1.437
3.43583661	1.4291
3.47517441	1.4151
3.51394611	1.393
3.54873017	1.3674
3.56345584	1.3381
3.55044163	1.332
3.51345784	1.3407
3.47428359	1.3528
3.43289777	1.3817
3.41387214	1.4115
3.41068244	1.4469
3.42119892	1.4767
3.43871645	1.4915
3.46788321	1.4816
3.51527571	1.4426
3.54400608	1.4003
3.53515053	1.363
3.49515166	1.3444
3.45660516	1.3376
3.42143726	1.3276
3.38942991	1.3259
3.3720202	1.3281
3.38450306	1.3256
3.42015099	1.3307
3.46208762	1.3307
3.49562624	1.2982
3.49663161	1.2639
3.47981083	1.2515
3.48109799	1.2593
3.49007696	1.2841
3.48175961	1.291
3.45744081	1.2622
3.44236214	1.2408
3.44951428	1.2454
3.46530768	1.2452
3.46318817	1.2332
3.45424927	1.2095
3.43866159	1.1702
3.4288581	1.146
3.43027556	1.1428
3.43129475	1.1497
3.43183887	1.147
3.43713562	1.1197
3.45568527	1.0861
3.47974765	1.0616
3.49427739	1.0586
3.49682549	1.0548
3.47760168	1.0695
3.46166278	1.1021
3.44611755	1.1566
3.4449845	1.2197
3.453032	1.2585
3.45962366	1.2654
3.46126002	1.2557
3.46371631	1.2412
3.46352201	1.2262
3.46403548	1.1892
3.45600437	1.1312
3.45328987	1.0864
3.45088776	1.074
3.45713875	1.0867
3.47875978	1.1002
3.50654511	1.1068
3.52429182	1.1142
3.52743779	1.1256
3.53318385	1.1593
3.55214013	1.1835
3.56181218	1.1882
3.53259131	1.1775
3.47739352	1.1878
3.44321377	1.2147
3.45191711	1.244
3.47428178	1.2458
3.48243	1.2222
3.4794918	1.1902
3.4768312	1.1704
3.48177649	1.1706
3.48818442	1.1778
3.47443507	1.1974
3.43861359	1.2169
3.40555288	1.2445
3.39306775	1.2938
3.39691508	1.362
3.39928961	1.4203
3.40062828	1.4338
3.4054241	1.3953
3.42733124	1.3228
3.45610315	1.2508
3.48120869	1.2001
3.49655911	1.1656
3.50716028	1.138
3.49035496	1.1347
3.46679225	1.1748
3.44500711	1.2425
3.4271462	1.3109
3.40838225	1.3416
3.39833728	1.3385
3.4177525	1.3318
3.44651996	1.3191
3.48112939	1.2906
3.5043865	1.2544
3.51303174	1.2335
3.49328056	1.2397
3.47266863	1.2606
3.45094271	1.2988
3.44235197	1.3339
3.43654648	1.3631
3.44269887	1.3719
3.47020762	1.3606
3.51506259	1.3402
3.55397847	1.3152
3.56422072	1.2928
3.5374743	1.2854
3.48746932	1.2908
3.43022432	1.299
3.39168955	1.3158
3.38253032	1.333
3.39309568	1.3426
3.41996423	1.3317
3.4682497	1.3229
3.52901031	1.3301
3.58442864	1.3545
3.60879063	1.3797
3.60557113	1.3946
3.58564702	1.407
3.56033201	1.4108
3.53901921	1.3954
3.51219924	1.3623
3.48680463	1.3271
3.46792182	1.3061
3.47040283	1.2969
3.48069327	1.3106
3.48282315	1.3438
3.47671362	1.398
3.46741079	1.4616
3.45285607	1.529
3.44354254	1.5708
3.44692325	1.5868
3.46690379	1.5729
3.49793722	1.5415
3.53257627	1.4963
3.5697773	1.4416
3.61173346	1.3818
3.64698447	1.3446
3.65862122	1.3454
3.64326081	1.3948
3.61618309	1.4681
3.58677701	1.5335
3.56174515	1.5714
3.53517446	1.5691
3.50933126	1.5312
3.48210602	1.4554
3.47947556	1.3523
3.48949658	1.2552
3.48391114	1.195
3.45988844	1.1801
3.4440153	1.2078
3.46773107	1.2625
3.50929029	1.3363
3.55176964	1.4085
3.57437222	1.471
3.61479599	1.5026
3.67012719	1.5
3.71323821	1.4752
3.7099584	1.447
3.65813523	1.4274
3.59345905	1.4166
3.53287	1.4168
3.47142304	1.4257
3.41562509	1.4447
3.38503803	1.457
3.39606406	1.445
3.43971092	1.4137
3.49328727	1.3775
3.53075222	1.3364
3.54648015	1.318
3.54135339	1.3157
3.52099925	1.3329
3.49073825	1.3764
3.44909316	1.4427
3.41745405	1.4998
3.41955966	1.5318
3.45127319	1.5249
3.50469906	1.4991
3.57035188	1.448
3.62684974	1.3909
3.66285977	1.3488
3.67100626	1.3245
3.6420196	1.3309
3.58914551	1.3495
3.53737627	1.372
3.51471195	1.3844
3.51530253	1.3776
3.51900141	1.36
3.51026011	1.3393
3.50193658	1.3241
3.49638643	1.2969
3.48514629	1.2841
3.46979737	1.2922
3.45651914	1.3369
3.45040431	1.3933
3.45301448	1.4444
3.45714639	1.4622
3.46029363	1.454
3.476248	1.4215
3.48872753	1.386
3.49211173	1.3633
3.48025049	1.3504
3.46769172	1.3324
3.47267894	1.3192
3.4940432	1.3236
3.51719873	1.3545
3.51845294	1.4061
3.50920678	1.4576
3.51421708	1.4685
3.53879526	1.4387
3.57157742	1.387
3.59199477	1.3487
3.58301852	1.324
3.56187386	1.3008
3.54779618	1.2815
3.53410808	1.2779
3.52486271	1.3016
3.52602459	1.334
3.53268346	1.3673
3.54832978	1.3833
3.55152437	1.3949
3.55192766	1.3975
3.54988688	1.3971
3.556758	1.3846
3.5522916	1.3781
3.5327736	1.3794
3.51464828	1.3964
3.51008084	1.4258
3.50918516	1.4564
3.51130357	1.4753
3.51157968	1.4834
3.51993695	1.4649
3.5494698	1.4074
3.60020386	1.3447
3.65752062	1.2847
3.6593427	1.2453
3.60901822	1.236
3.5371716	1.2559
3.47646991	1.2902
3.43100052	1.3228
3.40417602	1.3405
3.39376728	1.3474
3.41341546	1.3381
3.46221954	1.3062
3.53811548	1.2595
3.61433422	1.2222
3.6559026	1.2197
3.64031281	1.2628
3.58485274	1.3358
3.52447067	1.4071
3.47059278	1.4583
3.4325268	1.4822
3.40998338	1.4861
3.4137196	1.4636
3.43923584	1.4193
3.48548923	1.3703
3.52062324	1.3496
3.5292611	1.3514
3.49892094	1.3689
3.45319245	1.3989
3.41329574	1.4309
3.38781904	1.4679
3.37846405	1.4943
3.38338522	1.5061
3.40005933	1.4916
3.43274314	1.4638
3.48281155	1.4393
3.53861268	1.4164
3.57406289	1.4142
3.58634474	1.4107
3.57568208	1.4093
3.56167566	1.3999
3.5518446	1.3913
3.53922766	1.387
3.52770108	1.3892
3.5249693	1.3856
3.53787192	1.3779
3.55391773	1.379
3.56444874	1.3916
3.56052897	1.4202
3.53169428	1.457
3.49034747	1.4803
3.46621615	1.4824
3.46424221	1.4779
3.47687402	1.4643
3.4921851	1.4376
3.52957069	1.3877
3.58414361	1.3422
3.64311327	1.3188
3.68003283	1.3256
3.69106849	1.3499
3.66688471	1.3851
3.60865223	1.4412
3.53768137	1.4996
3.47845853	1.548
3.44413418	1.5718
3.44793353	1.5425
3.47407918	1.4749
3.51171476	1.3916
3.5719825	1.3087
3.64210618	1.24
3.68237517	1.1884
3.65107243	1.1724
3.5768709	1.2075
3.51722891	1.2653
3.49042399	1.3304
3.48815578	1.3668
3.48728501	1.3857
3.5133385	1.3854
3.58222689	1.3445
3.68381594	1.2837
3.76206858	1.2372
3.76662988	1.2158
3.68430964	1.2158
3.56989174	1.2344
3.47448706	1.2702
3.41023015	1.3256
3.3724648	1.3832
3.36477181	1.4325
3.39751941	1.4368
3.45955465	1.4029
3.53096083	1.3535
3.60338138	1.3104
3.64753461	1.2857
3.6275735	1.2735
3.53437867	1.2774
3.42377831	1.2905
3.35665587	1.309
3.35607635	1.3245
3.39534512	1.3172
3.43970905	1.2893
3.5048196	1.2387
3.61415069	1.1854
3.72330978	1.139
3.76125204	1.1122
3.70262862	1.1072
3.59957791	1.1355
3.52260426	1.1717
3.47884332	1.1951
3.44406679	1.2061
3.4170862	1.2337
3.43147703	1.2641
3.49413426	1.2795
3.58224632	1.2871
3.66002319	1.2928
3.69282454	1.301
3.68235075	1.3076
3.64049619	1.3339
3.58654116	1.3619
3.52154596	1.3976
3.46628658	1.4201
3.44048902	1.4144
3.44053702	1.3751
3.46122398	1.3185
3.50622944	1.2554
3.56197152	1.214
3.59628603	1.1911
3.61529113	1.1993
3.61219502	1.2415
3.60019003	1.3013
3.58206997	1.3668
3.56809385	1.4117
3.5689635	1.4421
3.59250354	1.4338
3.63832265	1.3944
3.70545017	1.3151
3.74564114	1.2412
3.74964104	1.1796
3.71127798	1.1547
3.65048737	1.1805
3.59811805	1.225
3.55428994	1.277
3.52794962	1.3233
3.53166191	1.3584
3.57229449	1.375
3.63907742	1.3664
3.70206002	1.3423
3.73928859	1.3156
3.73744767	1.2863
3.69522211	1.2582
3.64679328	1.2646
3.61990868	1.2945
3.61663787	1.3264
3.64171882	1.3492
3.69334488	1.364
3.76748058	1.3665
3.84923634	1.3604
3.91855833	1.3345
3.93778134	1.3031
3.88893223	1.2826
3.77910914	1.2913
3.66614936	1.3062
3.57617912	1.3165
3.52401812	1.3039
3.50950351	1.2606
3.54373689	1.1966
3.62237212	1.1297
3.73147953	1.0806
3.85033669	1.0439
3.94474361	1.0289
3.98200267	1.0481
3.93987581	1.0957
3.84023539	1.1784
3.74666261	1.2711
3.69278314	1.3475
3.67347531	1.3881
3.6717628	1.4059
3.67897417	1.414
3.70343357	1.3908
3.75025796	1.3496
3.78885219	1.3018
3.79451179	1.2686
3.74333368	1.2607
3.65990638	1.2768
3.6050725	1.3134
3.57643895	1.343
3.54756784	1.3644
3.51453753	1.3721
3.50234427	1.3653
3.53961373	1.3293
3.62227057	1.269
3.70703323	1.2095
3.76146549	1.1643
3.78447197	1.1539
3.77515354	1.1849
3.72981828	1.2481
3.65508857	1.313
3.58200691	1.3568
3.53239181	1.376
3.50525431	1.3836
3.52446024	1.3482
3.57762203	1.2857
3.64421872	1.198
3.69465587	1.1298
3.70155027	1.108
3.6880932	1.1327
3.65228434	1.2006
3.59466618	1.296
3.52895958	1.3909
3.47194708	1.4772
3.44994178	1.5218
3.47718096	1.5069
3.51984975	1.4556
3.55700882	1.3791
3.58266658	1.3132
3.59920775	1.2801
3.60173652	1.2721
3.56661862	1.2926
3.51982647	1.322
3.49072592	1.3508
3.48577497	1.3665
3.50406972	1.3588
3.53357326	1.3407
3.56779357	1.3146
3.61293737	1.2848
3.65112879	1.2775
3.66929432	1.2862
3.66588171	1.3071
3.64127667	1.3262
3.62452408	1.3174
3.61948781	1.3017
3.6235336	1.2862
3.63395819	1.2726
3.6655223	1.2486
3.68582079	1.2253
3.68493325	1.2078
3.64458263	1.2182
3.59129131	1.2479
3.56113433	1.2853
3.54629557	1.3183
3.52046458	1.35
3.49547203	1.3786
3.48596571	1.3929
3.52421375	1.3772
3.60146846	1.3409
3.68906513	1.2953
3.74998971	1.2459
3.77548885	1.2119
3.78247677	1.189
3.75896995	1.1883
3.70139706	1.2007
3.63803621	1.2237
3.59701614	1.2468
3.59774254	1.2392
3.63292652	1.2153
3.69356741	1.1808
3.752233	1.1415
3.79802587	1.1054
3.82426531	1.0801
3.81770507	1.0821
3.77018459	1.1012
3.68669465	1.1218
3.60618854	1.1439
3.55654461	1.1707
3.54281251	1.1926
3.55579284	1.2047
3.58391899	1.1961
3.61338994	1.182
3.64557126	1.1889
3.65473517	1.2297
3.65004409	1.2742
3.62716713	1.3095
3.57629489	1.3266
3.50969861	1.3578
3.45938438	1.3898
3.4375012	1.394
3.44219015	1.3679
3.45206616	1.3282
3.46568139	1.2877
3.48324105	1.2598
3.4892147	1.2461
3.48375404	1.2482
3.47036194	1.2712
3.44801568	1.3033
3.43988774	1.3188
3.44460217	1.3121
3.46251659	1.2758
3.50015597	1.2263
3.55995894	1.1856
3.61594167	1.159
3.63892249	1.1464
3.61110419	1.1616
3.57061663	1.2034
3.54759173	1.2631
3.53956161	1.3121
3.53061482	1.3371
3.50240726	1.3448
3.48785732	1.3207
3.51744334	1.2694
3.57968714	1.2114
3.61886285	1.1683
3.62420633	1.1436
3.60926679	1.1375
3.60213207	1.1594
3.58796814	1.1968
3.55231163	1.2526
3.50939517	1.3291
3.49861884	1.4038
3.52555096	1.4515
3.5602302	1.4632
3.58653404	1.4475
3.61116442	1.4073
3.63891015	1.3687
3.65825286	1.3397
3.65902582	1.3086
3.63506691	1.2696
3.60193703	1.2398
3.59361709	1.2284
3.60918106	1.2367
3.64670931	1.2553
3.70505998	1.2747
3.76115069	1.2853
3.79133861	1.3052
3.80238584	1.3266
3.79512426	1.3348
3.76272751	1.3199
3.68962849	1.3056
3.60753068	1.3053
3.53838045	1.3166
3.5054741	1.3098
3.51196682	1.285
3.54311201	1.2685
3.58199181	1.2743
3.61836078	1.2915
3.65103896	1.2969
3.66688329	1.2975
3.64464626	1.3077
3.57677865	1.346
3.50565565	1.3999
3.46601944	1.4422
3.45766545	1.4427
3.46903263	1.4119
3.48686859	1.3841
3.54215023	1.3376
3.62250897	1.2792
3.70246622	1.2253
3.73983879	1.189
3.72256155	1.1803
3.6647484	1.2011
3.58583839	1.2443
3.50250184	1.2974
3.42813237	1.3392
3.40312355	1.3492
3.42039956	1.3278
3.48565101	1.2857
3.57120882	1.2528
3.65155099	1.2216
3.7117069	1.212
3.73563931	1.2311
3.70157597	1.2665
3.61519581	1.3205
3.51803956	1.3807
3.45872734	1.4228
3.45244416	1.4236
3.46469422	1.4122
3.4822042	1.3785
3.51945397	1.3083
3.59840474	1.2109
3.70602912	1.1424
3.76013007	1.1337
3.71015382	1.1658
3.59882573	1.2322
3.51417531	1.3053
3.46740542	1.3636
3.42873052	1.4086
3.38945662	1.4505
3.37502098	1.4645
3.39350834	1.4245
3.43884144	1.3402
3.48522814	1.2678
3.48867446	1.2375
3.44713175	1.2529
3.3971983	1.3042
3.37218954	1.3557
3.36360234	1.3989
3.37589692	1.422
3.41302648	1.4123
3.47689964	1.3711
3.56271353	1.3201
3.63373179	1.2861
3.64083067	1.2778
3.58029959	1.2846
3.49464998	1.3223
3.41917229	1.3818
3.35379812	1.4366
3.32002366	1.4681
3.32151947	1.4734
3.3653754	1.4485
3.44301859	1.3875
3.55803284	1.3053
3.67927559	1.2236
3.74464015	1.1914
3.72596764	1.2146
3.64268716	1.2993
3.53864748	1.4086
3.44752446	1.479
3.37269904	1.5031
3.33567679	1.498
3.33082878	1.4842
3.36056586	1.4275
3.42660888	1.3264
3.50609471	1.2189
3.55066932	1.1525
3.54581811	1.1257
3.5008184	1.1352
3.44912742	1.144
3.36836409	1.1661
3.28422219	1.1917
3.23555321	1.2232
3.24072887	1.2458
3.30848089	1.2518
3.38848482	1.2666
3.44577228	1.3038
3.47927514	1.3483
3.50200372	1.3788
3.52630942	1.3843
3.52774843	1.3859
3.51104594	1.3755
3.50247486	1.3442
3.51986051	1.2848
3.55147219	1.215
3.58126487	1.1505
3.60162331	1.1099
3.63368108	1.1109
3.65380701	1.1655
3.63927398	1.2423
3.58059326	1.3297
3.51037466	1.3894
3.45772229	1.425
3.44442337	1.4283
3.45997296	1.393
3.49119176	1.3171
3.53348173	1.2117
3.58722936	1.1143
3.62443907	1.0641
3.61759825	1.0602
3.54948803	1.094
3.47126698	1.1569
3.41206111	1.2292
3.37730066	1.3076
3.3706277	1.3632
3.37100628	1.4113
3.39743185	1.4364
3.44665803	1.4296
3.49321064	1.4034
3.5259382	1.3702
3.54390518	1.3381
3.53631952	1.3128
3.49611617	1.3099
3.43838409	1.3381
3.37888595	1.375
3.33428783	1.3937
3.32238987	1.3629
3.33517092	1.3111
3.36522495	1.2617
3.40521587	1.2324
3.46011997	1.2147
3.50862814	1.1893
3.53652058	1.1933
3.54693858	1.2307
3.54060989	1.2805
3.52492492	1.3218
3.51019479	1.3338
3.50831816	1.3225
3.53549886	1.3035
3.59542434	1.2852
3.65043725	1.2656
3.66391015	1.2384
3.63504565	1.204
3.59266621	1.1836
3.55234291	1.1758
3.50748033	1.182
3.46038125	1.1877
3.43704562	1.1908
3.44243523	1.1823
3.46521848	1.1694
3.49215466	1.1446
3.49955651	1.1177
3.48120699	1.1135
3.46134678	1.1486
3.45123697	1.2209
3.44663104	1.2925
3.434342	1.3497
3.42773958	1.3948
3.44549716	1.4108
3.49513832	1.3894
3.5882296	1.3177
3.71136689	1.222
3.82067826	1.1373
3.88600254	1.0845
3.90280558	1.0719
3.85269418	1.1039
3.7698025	1.1565
3.66456182	1.2195
3.56733156	1.283
3.50714076	1.3149
3.48034691	1.312
3.48424808	1.279
3.5138105	1.2292
3.55773551	1.1695
3.6096673	1.1119
3.64032001	1.078
3.64176606	1.0875
3.59938445	1.1461
3.54376797	1.2257
3.5038974	1.3091
3.4882862	1.3681
3.49505655	1.3947
3.51968493	1.3888
3.53813964	1.3616
3.55120516	1.3171
3.55467652	1.2674
3.55355868	1.2289
3.53739502	1.2126
3.50542885	1.2059
3.45663583	1.2195
3.41518622	1.2394
3.418678	1.229
3.47310273	1.1967
3.55241149	1.1581
3.60802939	1.1003
3.62049573	1.0414
3.61681168	1.0185
3.59688643	1.0608
3.55817004	1.1401
3.48263404	1.2375
3.41052082	1.3206
3.38906542	1.3645
3.43539289	1.359
3.53725085	1.3125
3.64955245	1.2398
3.74556219	1.1498
3.80750276	1.0831
3.83263923	1.0569
3.78687002	1.0908
3.67249441	1.1762
3.53016905	1.3102
3.42556869	1.4289
3.37972794	1.4918
3.37046262	1.495
3.38441086	1.4415
3.41319641	1.3442
3.46803644	1.2223
3.53099578	1.1247
3.56996203	1.0989
3.55680157	1.1491
3.50597733	1.2421
3.44205325	1.3379
3.3787416	1.4116
3.34296835	1.4455
3.33747055	1.4539
3.37368795	1.4356
3.43765135	1.3839
3.50725123	1.3097
3.57455967	1.2286
3.63123234	1.1657
3.65375631	1.1408
3.63725522	1.1494
3.59689193	1.1838
3.54936662	1.2266
3.51996448	1.2591
3.51642391	1.2615
3.53230093	1.2615
3.57330272	1.2553
3.62952232	1.2303
3.67931839	1.2003
3.68862801	1.1734
3.65869563	1.1677
3.6054527	1.1838
3.54519862	1.2076
3.49546525	1.2117
3.45852826	1.2027
3.429185	1.1956
3.43029968	1.1832
3.4697025	1.168
3.53549384	1.1536
3.59150637	1.1529
3.61143384	1.1707
3.59461836	1.2024
3.58151896	1.2257
3.58700536	1.2297
3.59168448	1.2095
3.57620787	1.188
3.57283353	1.163
3.60431352	1.1344
3.69226677	1.1006
3.7705898	1.0903
3.80036368	1.1171
3.78034616	1.1587
3.73273918	1.1947
3.67265152	1.2245
3.61758026	1.2473
3.57134543	1.2636
3.54319167	1.265
3.53160574	1.2533
3.53576489	1.2212
3.5528113	1.184
3.57089702	1.1669
3.57982356	1.1786
3.56068486	1.2126
3.52724542	1.2542
3.49448301	1.3185
3.47053869	1.3794
3.458537	1.423
3.4672289	1.4334
3.49319476	1.4104
3.53131842	1.3592
3.58184678	1.3038
3.61564019	1.2641
3.6036777	1.2561
3.53982839	1.2684
3.45971852	1.2998
3.37987625	1.339
3.32138756	1.3692
3.29412728	1.3826
3.30364495	1.3834
3.36665727	1.3593
3.47170989	1.3162
3.60331114	1.2631
3.70698572	1.2158
3.75030415	1.1795
3.7361729	1.1907
3.66974382	1.2544
3.57045034	1.3377
3.45936565	1.4171
3.38614487	1.4535
3.37421677	1.45
3.4145191	1.4113
3.48796551	1.343
3.56111525	1.2664
3.59413633	1.1938
3.60990324	1.1464
3.61199686	1.1534
3.59947631	1.1847
3.56139112	1.2198
3.49557434	1.2455
3.45655539	1.2532
3.46090019	1.2512
3.51123778	1.2316
3.59062228	1.1878
3.669256	1.1392
3.72096128	1.1139
3.74782314	1.1176
3.77286534	1.1402
3.78217368	1.1813
3.77687306	1.2021
3.74478657	1.2027
3.70573432	1.1912
3.67545101	1.1687
3.66009086	1.1302
3.65152958	1.0883
3.63703046	1.0641
3.61350277	1.0779
3.58307155	1.1309
3.55252359	1.1968
3.54080787	1.2572
3.54886667	1.2991
3.55918976	1.3252
3.58159195	1.3242
3.62003722	1.2797
3.66590603	1.216
3.71773937	1.1463
3.74848878	1.0951
3.73371565	1.0836
3.67966227	1.1063
3.59472915	1.1593
3.49982252	1.2305
3.42553974	1.2973
3.39316269	1.3493
3.40013132	1.3702
3.44981851	1.3447
3.51858199	1.2876
3.58301045	1.2211
3.64511901	1.162
3.69222806	1.1228
3.70141133	1.1156
3.64400126	1.1413
3.54791391	1.1995
3.47288604	1.2643
3.45988606	1.315
3.48529563	1.3429
3.53253887	1.3435
3.56670199	1.3374
3.58792085	1.3284
3.61202802	1.3139
3.62551711	1.2968
3.58842436	1.2892
3.51353111	1.296
3.43216511	1.3199
3.38264176	1.3335
3.37636658	1.3266
3.39430835	1.3138
3.41532455	1.301
3.43697912	1.2784
3.47207524	1.2484
3.52267017	1.2327
3.54818374	1.2473
3.5396184	1.281
3.51616934	1.3203
3.50325377	1.3539
3.50677678	1.3728
3.51418498	1.3923
3.52246706	1.4082
3.54254399	1.4006
3.57901329	1.3559
3.63046715	1.2873
3.6909064	1.2247
3.72722552	1.2003
3.72687525	1.2117
3.70070964	1.2444
3.65806929	1.2766
3.6025412	1.3018
3.55232357	1.3165
3.53365175	1.3202
3.56796642	1.2964
3.63272583	1.2592
3.71774573	1.2072
3.77718515	1.1619
3.79838624	1.1333
3.80946446	1.1337
3.79743504	1.1688
3.75268244	1.2331
3.66454266	1.3105
3.59356415	1.3694
3.56431756	1.3952
3.57093982	1.382
3.58935465	1.3483
3.59689142	1.3098
3.60743593	1.2661
3.62954147	1.2263
3.66308335	1.206
3.69343063	1.2142
3.70263108	1.2489
3.6954775	1.2918
3.67274851	1.3289
3.66646189	1.3574
3.66778637	1.384
3.66934894	1.4039
3.66179838	1.4137
3.655924	1.4057
3.65043638	1.3893
3.65257315	1.3663
3.6517627	1.3307
3.63782289	1.2868
3.61440876	1.2402
3.58919808	1.205
3.58354656	1.1584
3.58477834	1.1223
3.59590306	1.0844
3.60228113	1.0675
3.6072871	1.0771
3.61551121	1.12
3.63533742	1.195
3.6438648	1.2895
3.62909754	1.3866
3.59909291	1.4572
3.58304667	1.4731
3.59945746	1.4322
3.64259554	1.3554
3.68920869	1.2783
3.71807577	1.2091
3.73513699	1.1437
3.73680984	1.1083
3.71912214	1.1139
3.65253583	1.165
3.55858222	1.2309
3.47725735	1.2941
3.45000226	1.3363
3.46132227	1.3615
3.49173359	1.3763
3.53660984	1.3706
3.58800747	1.3411
3.65988445	1.2915
3.74946947	1.2417
3.81352801	1.2232
3.82354505	1.226
3.80598556	1.2454
3.78190303	1.2609
3.75535076	1.2678
3.72192724	1.2665
3.66380771	1.2691
3.60128084	1.2709
3.55041523	1.2625
3.54057126	1.234
3.53972464	1.2194
3.54924619	1.2285
3.56271337	1.2614
3.573781	1.2885
3.59994362	1.2776
3.63042523	1.2483
3.66183281	1.218
3.6771843	1.1966
3.68281175	1.1855
3.6889259	1.1877
3.67570567	1.2103
3.6386282	1.253
3.60345578	1.2981
3.58776516	1.3234
3.59950001	1.3113
3.64936406	1.2629
3.71997109	1.2001
3.79652979	1.1295
3.85190554	1.0649
3.85374258	1.0187
3.8051048	0.9942
3.71853167	1.0016
3.65933677	1.0325
3.62376037	1.0775
3.60570383	1.1264
3.5962428	1.1653
3.60840663	1.1844
3.66068831	1.177
3.76745915	1.1579
3.88471621	1.1514
3.93682162	1.1473
3.88464715	1.1353
3.76800797	1.1327
3.66267165	1.1606
3.59979519	1.2072
3.54811541	1.2611
3.50084238	1.3076
3.47288452	1.3366
3.47236328	1.35
3.50490547	1.3451
3.540863	1.3321
3.5549201	1.3169
3.53617355	1.3107
3.50386514	1.3066
3.48574517	1.3071
3.47116128	1.3142
3.44965252	1.3194
3.42905153	1.3204
3.43006816	1.3108
3.46695419	1.2845
3.52829075	1.2617
3.57527637	1.2621
3.58700093	1.2822
3.57996173	1.3052
3.57310989	1.3222
3.57320541	1.3414
3.57439785	1.3467
3.57109368	1.3397
3.57479268	1.313
3.5959903	1.2901
3.64348021	1.2589
3.69006392	1.2325
3.70721639	1.2095
3.67701777	1.2078
3.63559962	1.2315
3.59624383	1.2832
3.5676906	1.3362
3.55012684	1.3739
3.54482204	1.3809
3.55660719	1.3604
3.60559474	1.3168
3.66845098	1.26
3.71120571	1.188
3.68703272	1.1136
3.62767797	1.0542
3.58350277	1.0413
3.56755006	1.0742
3.55301914	1.1296
3.52414639	1.1932
3.50337135	1.2603
3.50036211	1.3199
3.52818004	1.3446
3.55770634	1.3418
3.58031824	1.3204
3.59768723	1.2852
3.62589189	1.2491
3.66668193	1.219
3.68698117	1.1974
3.66580207	1.1898
3.62140412	1.2028
3.59346637	1.2293
3.60504605	1.2446
3.63121096	1.2481
3.65017052	1.2441
3.65519	1.2416
3.68452608	1.232
3.72373504	1.2247
3.7279716	1.2229
3.66594077	1.2259
3.56734165	1.2384
3.49514542	1.2487
3.48419306	1.2447
3.52348257	1.2557
3.58746007	1.2844
3.64329958	1.311
3.68666126	1.3067
3.73558551	1.2885
3.76802995	1.2949
3.74289815	1.3296
3.67385433	1.3686
3.60698822	1.3828
3.57016418	1.3704
3.56365407	1.3655
3.58085187	1.3686
3.60407964	1.3553
3.62105408	1.3113
3.62589539	1.2611
3.61972355	1.23
3.60876826	1.222
3.60333638	1.2218
3.60579192	1.2201
3.61075623	1.227
3.61364636	1.233
3.60769908	1.2436
3.6074897	1.2431
3.60710699	1.2353
3.61577933	1.2231
3.63237495	1.2091
3.6711281	1.1856
3.71623061	1.1654
3.75357702	1.1608
3.78565675	1.1607
3.803142	1.1509
3.80127632	1.1202
3.78809912	1.0837
3.76152499	1.0599
3.71176834	1.0541
3.6542009	1.0588
3.6096572	1.073
3.57899764	1.1033
3.55708996	1.1479
3.54613608	1.1948
3.56731233	1.2166
3.61952265	1.216
3.68398232	1.2071
3.74256986	1.2092
3.79356604	1.2218
3.82045427	1.2235
3.80876742	1.2173
3.74258863	1.2247
3.64733077	1.2415
3.55348692	1.2564
3.50330986	1.2443
3.50499956	1.2115
3.54099377	1.187
3.58324168	1.1766
3.61721375	1.1791
3.65727232	1.1799
3.70020332	1.1798
3.71438341	1.1933
3.67965852	1.2262
3.59741074	1.2754
3.5332727	1.3143
3.51332624	1.3291
3.53076693	1.3289
3.56300739	1.319
3.5890472	1.2972
3.59894869	1.2647
3.6176588	1.2279
3.6600392	1.198
3.70133975	1.185
3.70032031	1.1952
3.66352449	1.218
3.62747219	1.2465
3.60886228	1.2681
3.60060468	1.285
3.59088016	1.2957
3.58048154	1.291
3.59122984	1.2717
3.62358697	1.249
3.67595613	1.228
3.709823	1.2231
3.71646632	1.2416
3.70079645	1.2652
3.6811721	1.2801
3.65874811	1.2837
3.61414535	1.2834
3.56343303	1.2749
3.53945006	1.2588
3.56388345	1.2265
3.62252341	1.1907
3.67889395	1.1681
3.70522426	1.1674
3.70295404	1.1847
3.6871917	1.2083
3.67475492	1.2328
3.66442314	1.2601
3.64320521	1.2882
3.62053573	1.3105
3.59449389	1.3192
3.57903907	1.2995
3.57203538	1.2645
3.57699496	1.2358
3.5970885	1.2124
3.62574318	1.2011
3.66784016	1.1993
3.70796386	1.2057
3.73733359	1.2205
3.73893508	1.2443
3.70116641	1.276
3.63312582	1.2917
3.5689952	1.2874
3.53497089	1.276
3.54580779	1.2752
3.59320526	1.2954
3.63209084	1.3296
3.65101307	1.3463
3.64321524	1.3345
3.64192342	1.3026
3.64153593	1.2775
3.62831799	1.2601
3.59818511	1.2406
3.55847564	1.2323
3.53494962	1.2495
3.51387235	1.3043
3.50952333	1.3779
3.51440875	1.4487
3.51917863	1.4918
3.51998096	1.5113
3.49616343	1.5194
3.45588234	1.5029
3.41019487	1.4801
3.39246562	1.4466
3.40759367	1.4248
3.43176955	1.4
3.4426526	1.3821
3.43768598	1.3749
3.4369231	1.3743
3.43607791	1.3733
3.42935925	1.3759
3.42041287	1.3678
3.41529129	1.3698
3.42158964	1.3754
3.4468537	1.3634
3.49041038	1.3379
3.54943738	1.3015
3.59412756	1.2826
3.61084626	1.2911
3.60906677	1.325
3.60742974	1.3474
3.61226878	1.3399
3.58689749	1.349
3.53401471	1.3463
3.47271224	1.3369
3.44918782	1.3106
3.46420061	1.2863
3.49882152	1.2773
3.51928849	1.283
3.53409147	1.2922
3.56254813	1.3007
3.60520025	1.3108
3.61929326	1.3199
3.60225284	1.2959
3.56067294	1.2661
3.52997137	1.2366
3.51647855	1.2167
3.51430881	1.1978
3.51853409	1.1868
3.52568044	1.1986
3.53999716	1.2172
3.56303473	1.2401
3.58357719	1.2552
3.58652802	1.2495
3.56498725	1.2335
3.54664472	1.2227
3.54052601	1.2312
3.54781464	1.2355
3.53729651	1.2332
3.50334327	1.2318
3.46545207	1.242
3.45076295	1.262
3.47092628	1.2704
3.51027473	1.2679
3.55504617	1.2536
3.59271323	1.2339
3.62780715	1.2274
3.66401841	1.2314
3.68289119	1.2449
3.65136203	1.244
3.56192506	1.2382
3.46332381	1.2461
3.40304854	1.2565
3.38376083	1.2683
3.40555056	1.2836
3.44840615	1.2871
3.49163629	1.2669
3.54868257	1.2171
3.63344025	1.1575
3.71784557	1.1139
3.74264541	1.1069
3.68911077	1.1243
3.60368214	1.1506
3.51257534	1.1929
3.43774545	1.2404
3.38554331	1.285
3.35362899	1.3199
3.34342763	1.3251
3.34916478	1.3021
3.37085664	1.2739
3.41318883	1.2502
3.45241395	1.2521
3.46381429	1.2521
3.43045087	1.2539
3.37598364	1.2546
3.33836417	1.2471
3.32871407	1.2363
3.33989984	1.2163
3.36982037	1.1962
3.41334507	1.177
3.48027134	1.1629
3.56596885	1.1555
3.60602106	1.161
3.56818915	1.1775
3.47411179	1.2097
3.3746803	1.2394
3.31782814	1.2661
3.29819419	1.2833
3.30026642	1.3038
3.32619507	1.3148
3.36256275	1.2946
3.42217785	1.2345
3.5165459	1.1689
3.61098445	1.1188
3.64134907	1.0858
3.60335407	1.0541
3.54319868	1.045
3.50313482	1.068
3.47921082	1.1227
3.46477653	1.1635
3.45358581	1.1842
3.47316949	1.1701
3.54114494	1.1432
3.6521659	1.1194
3.7599257	1.0778
3.82238681	1.0406
3.84664783	1.0022
3.83714881	0.9658
3.81991309	0.9526
3.78558508	0.9695
3.75238283	1.001
3.72565775	1.0428
3.72095403	1.0857
3.74108649	1.1164
3.75617333	1.152
3.74683744	1.1754
3.72276561	1.1913
3.69959379	1.202
3.68584619	1.21
3.68732058	1.2041
3.68919541	1.2049
3.72760509	1.2154
3.79624167	1.2102
3.84908933	1.2139
3.86882283	1.209
3.84243843	1.2095
3.77759822	1.2289
3.66700092	1.2718
3.54710361	1.311
3.45857194	1.3387
3.41382372	1.3464
3.42888555	1.3497
3.48647994	1.3466
3.57000788	1.3207
3.66405158	1.2572
3.73961127	1.1833
3.77777794	1.1523
3.75961779	1.1444
3.66107351	1.1602
3.52720788	1.1961
3.41619807	1.2501
3.36154681	1.3171
3.35300274	1.37
3.36916426	1.3854
3.40749173	1.3681
3.46487064	1.3246
3.5299108	1.2679
3.58975799	1.2195
3.61217314	1.1872
3.59416702	1.1803
3.5444719	1.2029
3.4926585	1.2454
3.45395279	1.2867
3.43200177	1.3071
3.4277294	1.3177
3.46246742	1.3309
3.52987741	1.3394
3.62199616	1.3212
3.69976717	1.2863
3.74631035	1.2636
3.76335628	1.2631
3.75182739	1.2793
3.70480552	1.2863
3.63779691	1.2877
3.56593199	1.2901
3.51713921	1.295
3.48688937	1.2873
3.47675801	1.2729
3.47492809	1.2656
3.47622566	1.2564
3.48930587	1.2623
3.52044243	1.2778
3.55647353	1.3008
3.58866968	1.318
3.61168692	1.3325
3.6228726	1.3371
3.61260714	1.3297
3.57496033	1.3144
3.52195021	1.3035
3.47653248	1.2916
3.44840152	1.2992
3.44152455	1.3199
3.45431086	1.3402
3.48526472	1.3534
3.52934351	1.3462
3.57560866	1.3258
3.6047387	1.3047
3.60738548	1.2736
3.58915481	1.2366
3.57967289	1.2037
3.59137975	1.1968
3.59976693	1.2257
3.60513325	1.2644
3.61235391	1.294
3.63857694	1.2951
3.67288232	1.3055
3.70704018	1.3108
3.72532456	1.3051
3.72330511	1.2722
3.70688722	1.2244
3.68590566	1.2001
3.66722658	1.2121
3.62774605	1.2342
3.5757485	1.2536
3.52750458	1.2593
3.50360557	1.2621
3.5155003	1.2612
3.54209745	1.2662
3.56147837	1.2696
3.57638551	1.2672
3.58821344	1.2751
3.59886667	1.2953
3.60405089	1.3294
3.58352624	1.3695
3.53854463	1.3878
3.48228106	1.3802
3.43624291	1.35
3.40714464	1.3172
3.40723056	1.2818
3.42739697	1.2516
3.4487792	1.2272
3.46740293	1.2188
3.48686646	1.2275
3.50517082	1.2581
3.5201415	1.3
3.51078562	1.3287
3.48689822	1.34
3.46698558	1.3506
3.46650593	1.3629
3.47022539	1.3649
3.48473321	1.3187
3.51147057	1.2407
3.57649252	1.1628
3.67915672	1.1313
3.79233202	1.1387
3.85780604	1.1566
3.84486469	1.1731
3.77194717	1.1963
3.65348939	1.2409
3.54309011	1.2842
3.45041633	1.3123
3.39173516	1.3137
3.37351576	1.2958
3.39533065	1.2651
3.45952386	1.2322
3.54144365	1.2036
3.62441903	1.1813
3.66321075	1.1638
3.65556029	1.1629
3.63914678	1.1808
3.62022299	1.2293
3.60762225	1.2838
3.59667397	1.3194
3.58756476	1.3389
3.57914034	1.3596
3.57824448	1.3705
3.5802137	1.379
3.56729312	1.3742
3.54365383	1.3608
3.52364598	1.3493
3.51819258	1.3393
3.51862359	1.3203
3.52131777	1.2723
3.52535207	1.199
3.52289396	1.1461
3.51519588	1.1258
3.49243573	1.1531
3.45356366	1.2098
3.41471382	1.277
3.38775126	1.3441
3.37574129	1.3932
3.37820285	1.4216
3.40485388	1.4028
3.44781827	1.3555
3.51948413	1.2927
3.60664119	1.2633
3.67947164	1.2722
3.69830986	1.305
3.64408927	1.3406
3.54637759	1.3705
3.4416795	1.3947
3.36052372	1.4069
3.31235392	1.4004
3.30308014	1.3651
3.33853018	1.3175
3.43459922	1.263
3.5807586	1.2159
3.71530411	1.1772
3.78971608	1.1518
3.77243159	1.1547
3.69853125	1.1756
3.59738123	1.2113
3.51124673	1.2471
3.45802568	1.298
3.45207432	1.3364
3.49913815	1.3405
3.5832981	1.3083
3.66318803	1.262
3.70702242	1.2084
3.68907373	1.181
3.64797824	1.1756
3.59969399	1.1916
3.55673783	1.2198
3.50964149	1.2579
3.47880818	1.2894
3.50012005	1.2928
3.54684386	1.2701
3.58420001	1.244
3.58705161	1.2482
3.5724649	1.2841
3.56699856	1.3423
3.55875184	1.3904
3.54097805	1.4201
3.51685179	1.4531
3.50816259	1.4819
3.52864439	1.4632
3.56440337	1.3933
3.59123723	1.3002
3.60527316	1.2103
3.60314589	1.1557
3.59603556	1.1363
3.57390155	1.14
3.52727726	1.1433
3.49085326	1.1523
3.49142969	1.163
3.54000918	1.1761
3.60805032	1.2084
3.69675856	1.235
3.76541306	1.2444
3.80462033	1.2463
3.80586123	1.2562
3.75892206	1.2766
3.6862966	1.3017
3.61984794	1.3222
3.56281395	1.3386
3.54052861	1.3636
3.56574744	1.3719
3.64049399	1.3514
3.72938359	1.3194
3.78924959	1.2969
3.79368138	1.294
3.74239501	1.3106
3.65206972	1.3398
3.55746085	1.3698
3.48009119	1.3942
3.4629281	1.4159
3.52271393	1.425
3.6567634	1.4075
3.82057021	1.3694
3.96900476	1.3144
4.0725276	1.2555
4.11844153	1.2174
4.07891499	1.2026
3.92577144	1.2184
3.71119471	1.2596
3.52841526	1.322
3.43308525	1.3885
3.40602485	1.4149
3.41499767	1.422
3.45560461	1.4002
3.52649612	1.3547
3.63348825	1.2948
3.75369451	1.2575
3.80666009	1.2657
3.77248334	1.2951
3.6887609	1.3405
3.60204712	1.3919
3.50434795	1.4423
3.41391173	1.4738
3.35417063	1.4729
3.34831093	1.4381
3.3905698	1.3896
3.47283824	1.3536
3.55419154	1.3482
3.60101797	1.3446
3.60533305	1.3455
3.57730367	1.3591
3.52717931	1.3911
3.46512382	1.4454
3.4133696	1.484
3.38356252	1.4735
3.37379681	1.4291
3.36749116	1.3852
3.36964782	1.352
3.37664769	1.3254
3.40329743	1.2892
3.43225538	1.2764
3.45676404	1.2802
3.47823875	1.3272
3.50288251	1.3835
3.53376141	1.4169
3.56518459	1.4325
3.57241593	1.4247
3.54288055	1.4089
3.47760047	1.3861
3.40455432	1.3465
3.35025453	1.2985
3.32678392	1.2844
3.33177109	1.2966
3.35361226	1.3313
3.39463157	1.357
3.45702426	1.3594
3.54971892	1.3315
3.65055476	1.3025
3.73656884	1.2914
3.77798575	1.2994
3.7752257	1.3374
3.74347032	1.3816
3.67417366	1.441
3.60051571	1.4835
3.53828567	1.5023
3.49054312	1.493
3.47236129	1.458
3.48582601	1.4055
3.55348468	1.3284
3.64787332	1.2644
3.74043151	1.2267
3.78232786	1.2185
3.76048936	1.2333
3.69247396	1.2624
3.60571165	1.2937
3.5334183	1.3349
3.49789874	1.3675
3.48863823	1.3879
3.5154305	1.3775
3.56692903	1.3579
3.6265685	1.3413
3.66849238	1.3388
3.69276036	1.3422
3.68080805	1.3573
3.63342302	1.3854
3.54999051	1.4178
3.47802708	1.4428
3.45064603	1.4409
3.46678688	1.4065
3.51595097	1.3489
3.56347891	1.2968
3.60500938	1.2469
3.65761283	1.2275
3.71804753	1.2406
3.74722283	1.2726
3.72676672	1.3211
3.67853652	1.3755
3.62942789	1.4189
3.60362443	1.4247
3.59595777	1.4045
3.60995952	1.3465
3.63247467	1.2815
3.67404905	1.2217
3.72196771	1.1793
3.74980144	1.1596
3.74149422	1.1744
3.69888299	1.2207
3.65086777	1.297
3.59657177	1.3606
3.54974594	1.3942
3.5112625	1.3948
3.4840478	1.3728
3.48277458	1.3396
3.50674068	1.2998
3.53189627	1.259
3.5579017	1.2154
3.59028951	1.1952
3.61511628	1.1999
3.60414088	1.2346
3.55672228	1.2795
3.52574236	1.3189
3.51942848	1.3467
3.51904836	1.3673
3.50240277	1.3636
3.47398363	1.3425
3.44956201	1.2941
3.45620268	1.2414
3.49674674	1.1958
3.56636486	1.1626
3.6363215	1.1411
3.70281375	1.117
3.75658517	1.0978
3.7955256	1.0878
3.82847502	1.0957
3.81670432	1.1146
3.7543545	1.1524
3.66053474	1.2057
3.56476327	1.2811
3.49570176	1.357
3.45805438	1.4013
3.45260464	1.4081
3.45205937	1.3802
3.45522918	1.3149
3.47285001	1.2148
3.51266376	1.1138
3.57238466	1.0323
3.61422371	0.9872
3.60000029	0.9946
3.55765808	1.0563
3.50892227	1.1686
3.46280371	1.3008
3.42474705	1.4066
3.40003563	1.4496
3.4008662	1.4454
3.43352794	1.4052
3.50145601	1.3221
3.60344361	1.2044
3.72891201	1.0978
3.81980905	1.032
3.82090182	1.0121
3.73291032	1.0299
3.62591034	1.0662
3.51603808	1.1095
3.4298555	1.1366
3.37602436	1.1444
3.37376664	1.1279
3.42196962	1.0945
3.53981892	1.0413
3.69176505	0.9919
3.80323946	0.9838
3.84867025	1.0294
3.84391344	1.087
3.80825801	1.1447
3.75757232	1.2033
3.70010591	1.2555
3.65908364	1.2862
3.64948609	1.2773
3.67671186	1.2267
3.72207977	1.1725
3.74996876	1.1388
3.75584535	1.122
3.7382156	1.1162
3.71395913	1.1126
3.67986498	1.126
3.64426794	1.138
3.62189073	1.1463
3.62449643	1.1506
3.65087052	1.1307
