3.50156165	1.2774
3.48024417	1.289
3.44090993	1.3255
3.39599828	1.3656
3.35254704	1.3991
3.3202535	1.4238
3.3149179	1.4252
3.33452952	1.401
3.36885437	1.3508
3.41189429	1.2861
3.45003942	1.2277
3.48548454	1.1853
3.52340961	1.1667
3.54375025	1.1709
3.52848274	1.1927
3.49342217	1.2205
3.4507144	1.2662
3.41487487	1.3352
3.40179171	1.3911
3.41529773	1.4078
3.44859596	1.3885
3.50978013	1.3626
3.5673359	1.3552
3.60288532	1.3488
3.60226219	1.3223
3.56117964	1.3055
3.48695037	1.3012
3.40866735	1.2981
3.35120955	1.2807
3.32284688	1.2597
3.32147954	1.2319
3.34297964	1.2123
3.38293793	1.1947
3.44800324	1.1671
3.53427479	1.137
3.58591013	1.1268
3.56251361	1.1473
3.49429795	1.1869
3.42749868	1.2225
3.39334596	1.23
3.38370818	1.2246
3.40245475	1.1928
3.44042016	1.148
3.50530358	1.0949
3.60337492	1.0345
3.68910841	0.9905
3.72817296	0.969
3.6918503	0.9808
3.60367223	1.0249
3.5170992	1.0949
3.45260389	1.1561
3.41143129	1.2012
3.39260134	1.2147
3.41930545	1.188
3.5024942	1.1286
3.61627606	1.0551
3.70861966	0.977
3.76729262	0.9035
3.79027951	0.8672
3.76384962	0.8727
3.68447051	0.9135
3.58917873	0.9784
3.53742345	1.0547
3.52883256	1.1235
3.54682475	1.1635
3.56712072	1.1762
3.57686246	1.1434
3.58648656	1.0815
3.59725028	1.0293
3.57495874	1.0085
3.52318661	1.0126
3.46096962	1.034
3.43163398	1.0657
3.45757981	1.1062
3.52546836	1.1551
3.58653866	1.2009
3.62417224	1.2128
3.66331262	1.1829
3.71863905	1.1411
3.75388658	1.1218
3.72806552	1.1174
3.64266659	1.1245
3.56274566	1.1363
3.50870664	1.1608
3.48684269	1.1902
3.49873494	1.2033
3.53438486	1.1894
3.61740694	1.1393
3.72383988	1.0888
3.81145826	1.0435
3.83642154	1.0154
3.80578943	1.0035
3.74153572	1.0191
3.68154976	1.051
3.63618654	1.0995
3.60281614	1.1577
3.58521985	1.2017
3.58921382	1.2196
3.63073568	1.2075
3.69403009	1.1817
3.73049365	1.1623
3.71749381	1.1639
3.67919027	1.1742
3.61584331	1.1926
3.53680743	1.2141
3.4549612	1.2294
3.39132902	1.2331
3.36039699	1.2197
3.36405305	1.1901
3.40257425	1.1542
3.46679681	1.1244
3.5359696	1.1118
3.60375073	1.1085
3.6586266	1.1027
3.69940544	1.1012
3.72649869	1.1196
3.71716982	1.1703
3.68644317	1.2131
3.63797264	1.2312
3.59793228	1.2047
3.58989199	1.1421
3.60675464	1.069
3.61779836	1.0002
3.60940023	0.9458
3.5843352	0.8989
3.57889154	0.8711
3.59741586	0.8681
3.63099988	0.881
3.66126579	0.8934
3.67865072	0.9071
3.68934345	0.9189
3.70301593	0.9193
3.71820525	0.9138
3.75427891	0.9053
3.79783715	0.9212
3.85117096	0.9414
3.87623311	0.9763
3.85439714	1.0193
3.82411244	1.0605
3.82188935	1.0733
3.84195731	1.0676
3.84982738	1.041
3.84702444	1.0065
3.82456202	0.9674
3.80117655	0.9307
3.77395205	0.9072
3.75262999	0.9006
3.74989798	0.9051
3.75792739	0.9204
3.72747332	0.9554
3.65531063	0.9939
3.5756427	1.0487
3.53268108	1.0961
3.52506649	1.1477
3.53496752	1.1775
3.55841315	1.1937
3.5903888	1.2031
3.65306925	1.2054
3.73630011	1.1961
3.84539671	1.1713
3.91960701	1.1465
3.90758222	1.1462
3.83843303	1.1635
3.74998957	1.21
3.70162623	1.2614
3.67258861	1.2973
3.66415093	1.3127
3.66653178	1.3177
3.68418333	1.3063
3.71344828	1.2841
3.7630657	1.2415
3.82506249	1.1891
3.87777675	1.1428
3.8907804	1.1249
3.85188268	1.1296
3.7676432	1.1673
3.68209745	1.2237
3.63943109	1.287
3.62868511	1.3497
3.63640304	1.3937
3.65304501	1.4013
3.67056858	1.404
3.68154347	1.38
3.66932715	1.3318
3.63246636	1.2804
3.5897289	1.2346
3.54942593	1.2047
3.51109245	1.1833
3.47335403	1.1682
3.45297368	1.165
3.44997506	1.184
3.48604033	1.2157
3.53687971	1.2577
3.56717722	1.3044
3.5512122	1.3507
3.51615546	1.3937
3.48606455	1.4223
3.47673858	1.4206
3.49451476	1.3801
3.52427585	1.3165
3.56470076	1.2448
3.60593187	1.2012
3.66782629	1.1562
3.72535845	1.1284
3.76510486	1.1354
3.78559388	1.1519
3.7697379	1.1973
3.73902483	1.2486
3.68519243	1.2916
3.63048027	1.3092
3.59460207	1.3197
3.61011741	1.3079
3.68228167	1.266
3.78376393	1.2062
3.87939566	1.136
3.91442833	1.0864
3.89937508	1.0768
3.86488874	1.1005
3.82345357	1.1495
3.75520912	1.2178
3.66720172	1.2807
3.58740929	1.3443
3.54906671	1.3858
3.55021891	1.3873
3.58079698	1.3554
3.62536776	1.3077
3.66937315	1.266
3.69263913	1.2407
3.69150238	1.2389
3.6659469	1.258
3.60540469	1.3029
3.53880164	1.356
3.48629523	1.3835
3.47215801	1.3849
3.50196824	1.3453
3.55920748	1.2913
3.62021345	1.2259
3.64966566	1.1679
3.66157292	1.1205
3.67849318	1.1012
3.69018503	1.1234
3.67500345	1.1607
3.64193617	1.2012
3.62401561	1.2265
3.63935202	1.24
3.68045849	1.2378
3.75064717	1.2161
3.82020063	1.1903
3.86398618	1.1786
3.85832985	1.1861
3.80903825	1.2192
3.73386852	1.2682
3.66377753	1.3041
3.60953815	1.3161
3.58752374	1.3076
3.60679497	1.2807
3.65438647	1.2417
3.71649172	1.1968
3.76516978	1.1652
3.78726259	1.1593
3.76014745	1.1925
3.70447266	1.2473
3.63620542	1.3032
3.56232912	1.3407
3.48464911	1.3577
3.42832415	1.3551
3.41074907	1.3228
3.41299366	1.2764
3.44035917	1.2096
3.4918485	1.1496
3.55574269	1.1107
3.6053973	1.1
3.61836114	1.1127
3.5982992	1.1476
3.5752051	1.1841
3.55549163	1.2205
3.53725979	1.2456
3.52377474	1.2575
3.50141255	1.2507
3.47673629	1.2377
3.46927511	1.2197
3.49618609	1.1988
3.55098718	1.1853
3.60380933	1.1738
3.63557876	1.1555
3.63353844	1.1645
3.61756371	1.185
3.60399965	1.2075
3.5993595	1.2106
3.59405668	1.1972
3.58389589	1.1808
3.57800648	1.1647
3.57682203	1.1624
3.58954253	1.1701
3.59164106	1.1791
3.5782114	1.2034
3.57403155	1.2333
3.58128726	1.2685
3.60927695	1.2957
3.62835862	1.3119
3.63853446	1.2993
3.65733292	1.2615
3.68805923	1.2284
3.71292377	1.2121
3.68212733	1.2073
3.60694985	1.2089
3.52802925	1.2218
3.47039612	1.2525
3.43515721	1.285
3.40144844	1.3096
3.38313548	1.3202
3.40282108	1.3189
3.46905674	1.2999
3.56840787	1.2679
3.65673864	1.2313
3.70512238	1.2027
3.69036881	1.2
3.63594388	1.2221
3.55980811	1.2658
3.47894291	1.3216
3.4193255	1.3673
3.38623543	1.4021
3.4025541	1.3816
3.45421614	1.3371
3.53039285	1.2805
3.62147571	1.2197
3.72843308	1.1619
3.79332372	1.1186
3.78835187	1.0966
3.71632767	1.1084
3.63317193	1.1285
3.57781972	1.1493
3.53904659	1.1731
3.51632845	1.1903
3.48901003	1.2147
3.49041413	1.2341
3.52748054	1.2534
3.5843418	1.2718
3.60774202	1.2864
3.58586146	1.3147
3.54522223	1.3403
3.53237393	1.3401
3.55322415	1.3071
3.57328869	1.2751
3.56458057	1.2571
3.53030074	1.2435
3.50562534	1.22
3.53133623	1.1926
3.57385216	1.1831
3.57019942	1.205
3.50880634	1.2746
3.4473765	1.3514
3.43307374	1.409
3.44719054	1.4288
3.46375688	1.429
3.47210634	1.4248
3.47344662	1.3972
3.49395553	1.3146
3.53326694	1.2225
3.57353722	1.1586
3.57794127	1.1538
3.55592022	1.2005
3.53093931	1.272
3.50720924	1.3548
3.48899317	1.4394
3.47627131	1.5149
3.47907889	1.5542
3.50145534	1.5382
3.54283588	1.4758
3.58627048	1.3816
3.62305506	1.2961
3.63921238	1.2533
3.62398734	1.2435
3.59265502	1.2571
3.53847759	1.3025
3.47857287	1.3781
3.43716099	1.4549
3.42069365	1.5117
3.42960669	1.5185
3.45419123	1.4976
3.49714038	1.4595
3.54310404	1.4227
3.57777058	1.3846
3.58938957	1.3421
3.57038216	1.3023
3.53522715	1.2748
3.4920413	1.2789
3.45051614	1.3155
3.41722869	1.3644
3.40800743	1.4006
3.42937059	1.4133
3.46470195	1.4182
3.49856402	1.4181
3.51284655	1.4243
3.51454273	1.4138
3.52797614	1.3793
3.54501519	1.3371
3.55188721	1.3043
3.53941051	1.302
3.51388735	1.3216
3.50598469	1.3422
3.52656951	1.3458
3.55624031	1.3468
3.58604051	1.3621
3.61372574	1.3829
3.63176622	1.4006
3.63393134	1.4122
3.62390114	1.4081
3.60824379	1.3955
3.59558708	1.3878
3.58611767	1.3652
3.58752663	1.3318
3.59511605	1.2882
3.59459678	1.254
3.60844943	1.2377
3.63518698	1.2428
3.65185912	1.2724
3.64094298	1.3118
3.6009866	1.3657
3.55970237	1.4224
3.5305007	1.4635
3.49886181	1.4719
3.467983	1.4457
3.44004088	1.3958
3.42033287	1.3416
3.41071112	1.2962
3.41797737	1.2497
3.43029349	1.2068
3.44111175	1.1956
3.44841922	1.2261
3.44885434	1.2924
3.44590885	1.3589
3.44393439	1.4016
3.43726181	1.4246
3.43072857	1.4478
3.43842083	1.4616
3.45140717	1.4437
3.46214295	1.407
3.48448875	1.3586
3.51508175	1.3266
3.5443109	1.3077
3.56290204	1.2986
3.57953577	1.295
3.60815007	1.2838
3.66073957	1.258
3.72989824	1.2318
3.79499337	1.2086
3.82296716	1.1926
3.80788033	1.1934
3.75680689	1.2163
3.68220155	1.2664
3.60176962	1.3397
3.53630934	1.4063
3.51177434	1.44
3.53217222	1.4327
3.59910704	1.3923
3.67991913	1.3225
3.76973818	1.2583
3.82858713	1.2022
3.82888897	1.1663
3.76446207	1.1808
3.64824129	1.2562
3.50749647	1.3612
3.38375325	1.4531
3.30819975	1.4921
3.28413309	1.4916
3.29111705	1.4764
3.3202591	1.4439
3.37715703	1.3749
3.46638214	1.279
3.55819876	1.1917
3.60859395	1.1524
3.61152816	1.1816
3.59128408	1.2561
3.55670435	1.339
3.51299653	1.3963
3.47055564	1.4296
3.44254435	1.4447
3.43896699	1.4269
3.46766756	1.3716
3.51521745	1.2803
3.5533141	1.207
3.57629362	1.1635
3.57691881	1.1652
3.56329978	1.2002
3.55551985	1.2398
3.53710752	1.2674
3.50824935	1.2758
3.48527752	1.2605
3.47850939	1.2421
3.4779186	1.2305
3.463228	1.2335
3.4308581	1.2534
3.39524871	1.2774
3.37504835	1.3195
3.381481	1.3623
3.3964563	1.3954
3.413866	1.4037
3.43296792	1.3692
3.46162379	1.3183
3.49792017	1.2712
3.51084973	1.2476
3.49023186	1.2483
3.4561164	1.2755
3.42463096	1.3001
3.3985518	1.3212
3.38200799	1.3422
3.37163862	1.3622
3.37977273	1.363
3.41699129	1.3371
3.49691646	1.2741
3.60856522	1.1972
3.71792932	1.1274
3.78264964	1.0952
3.79190308	1.098
3.72893721	1.13
3.6344474	1.1827
3.53762073	1.2333
3.45942769	1.2766
3.41287629	1.3098
3.40870438	1.3181
3.44556191	1.2932
3.50912758	1.2426
3.58816612	1.1868
3.66409549	1.1612
3.69795247	1.1651
3.67453218	1.1981
3.61230392	1.24
3.51901908	1.2878
3.44732782	1.3285
3.40740945	1.3465
3.38604185	1.3478
3.36459741	1.3277
3.33004918	1.3059
3.31835259	1.2823
3.34216123	1.2612
3.39901792	1.2425
3.44856221	1.2384
3.4793701	1.2389
3.49729226	1.2491
3.50189302	1.2621
3.49734759	1.2733
3.48865522	1.2787
3.47716585	1.2784
3.46077156	1.2748
3.44900029	1.2688
3.45043753	1.2727
3.46524309	1.2784
3.49247254	1.2934
3.52275061	1.2973
3.5539379	1.297
3.57769351	1.3
3.58241765	1.3124
3.57818128	1.3126
3.57520474	1.2952
3.58401132	1.2703
3.60619665	1.24
3.6140988	1.2174
3.6084798	1.1841
3.58127664	1.1426
3.55131608	1.1156
3.51803207	1.1198
3.48037018	1.158
3.44469219	1.214
3.424477	1.2658
3.43215735	1.2997
3.4684865	1.3234
3.5213212	1.3351
3.57278796	1.3182
3.61836268	1.263
3.65762332	1.1916
3.68621481	1.1269
3.68561852	1.0939
3.66245322	1.0962
3.61042127	1.1333
3.54297629	1.1938
3.4734769	1.2696
3.41892915	1.3458
3.390209	1.3935
3.38415133	1.3989
3.39622043	1.384
3.4121495	1.364
3.42221479	1.3431
3.43593531	1.3165
3.46296595	1.2724
3.51825659	1.2175
3.56496017	1.1766
3.60357284	1.1579
3.62392165	1.1666
3.64238987	1.1902
3.66641174	1.1932
3.69270188	1.1941
3.70045375	1.1964
3.69101763	1.2249
3.65170555	1.2729
3.58992458	1.3205
3.53123868	1.3484
3.48811044	1.3649
3.46803098	1.368
3.48217266	1.3474
3.52364619	1.3027
3.58073913	1.2578
3.62520044	1.2188
3.64749956	1.2049
3.62993599	1.2068
3.61730429	1.2277
3.61369016	1.2563
3.60269698	1.2996
3.55718952	1.3427
3.48086062	1.3722
3.43040371	1.3694
3.44537938	1.3339
3.52390755	1.2595
3.6104673	1.1761
3.6712934	1.124
3.68479254	1.1202
3.67724125	1.1502
3.66355624	1.1972
3.62733332	1.2511
3.57655316	1.3117
3.51792569	1.3732
3.46153931	1.4121
3.43603671	1.404
3.44843772	1.3514
3.49796902	1.2739
3.57122676	1.1964
3.64406775	1.1328
3.69833708	1.0975
3.71166529	1.0961
3.66305833	1.1559
3.59026947	1.2482
3.5251845	1.3454
3.48517966	1.4032
3.4652707	1.4156
3.46422605	1.4049
3.49898599	1.3677
3.55696534	1.2878
3.62377401	1.1704
3.69281369	1.0568
3.75061248	0.9788
3.7389645	0.9629
3.66561054	0.9963
3.59338603	1.0712
3.54268384	1.158
3.52400486	1.2259
3.53459555	1.2648
3.55584252	1.2775
3.57580574	1.279
3.58309161	1.2624
3.58252386	1.2296
3.58658139	1.1866
3.56923223	1.1544
3.51821569	1.16
3.44879126	1.1897
3.40135511	1.2295
3.38770929	1.2415
3.40048181	1.2233
3.42806635	1.1892
3.45914604	1.1574
3.48691366	1.1228
3.52342225	1.0977
3.55547629	1.1101
3.56951992	1.159
3.5579686	1.2288
3.53689394	1.2852
3.52208733	1.3207
3.51350314	1.334
3.51766307	1.331
3.55012847	1.3159
3.61196083	1.2745
3.69926447	1.2185
3.79891794	1.1682
3.86183346	1.147
3.85567793	1.1524
3.77715998	1.1685
3.69141466	1.189
3.62736013	1.2035
3.59530107	1.2166
3.5879877	1.2279
3.5723614	1.251
3.5652344	1.2601
3.57041389	1.2715
3.59040244	1.3004
3.6038728	1.3461
3.60512987	1.3816
3.58410697	1.4088
3.54035967	1.4242
3.49913601	1.4228
3.46902692	1.3976
3.45117031	1.3418
3.44501552	1.2682
3.43535927	1.2074
3.43297699	1.1808
3.44523451	1.1819
3.46484931	1.2276
3.4777119	1.2998
3.47678645	1.3796
3.47544275	1.4425
3.48682571	1.4687
3.51536143	1.4453
3.54908369	1.3885
3.58279313	1.3041
3.61443831	1.2147
3.65564722	1.1466
3.70507356	1.1145
3.71800264	1.123
3.67624738	1.1653
3.59729661	1.2445
3.52381958	1.339
3.47066367	1.4282
3.45197761	1.4879
3.45603028	1.5169
3.46763552	1.5108
3.47855963	1.4658
3.48708733	1.4053
3.49155257	1.3494
3.49238596	1.3068
3.4862202	1.277
3.48356269	1.2753
3.48430724	1.2982
3.47745352	1.3288
3.46309448	1.3648
3.47012947	1.3937
3.50838708	1.3923
3.57195776	1.3561
3.63725931	1.3016
3.70466137	1.2401
3.75191855	1.2015
3.78943183	1.1712
3.79299087	1.1461
3.74446843	1.1345
3.67047846	1.1396
3.5990153	1.1521
3.54922221	1.1669
3.50838136	1.1764
3.48506641	1.1868
3.48793092	1.2038
3.53469096	1.2169
3.6119094	1.2302
3.67807592	1.2308
3.7029301	1.231
3.67639062	1.2247
3.61912578	1.2233
3.56322314	1.2215
3.53521216	1.2087
3.51505557	1.208
3.50754439	1.2158
3.52093616	1.246
3.56642334	1.2782
3.62118802	1.3166
3.65282814	1.3522
3.65416212	1.3896
3.64346091	1.4059
3.62444342	1.3977
3.61071722	1.3637
3.59649858	1.3147
3.57503231	1.2563
3.53067106	1.22
3.5082474	1.1972
3.52797548	1.1993
3.57485781	1.2294
3.60516017	1.2848
3.60444789	1.36
3.58856749	1.4252
3.57139467	1.4524
3.55460707	1.4395
3.53530033	1.4071
3.50887943	1.3714
3.48672307	1.3324
3.48041235	1.2852
3.50448292	1.2372
3.55186372	1.2072
3.5904288	1.2003
3.58991437	1.2127
3.57750634	1.2388
3.58163216	1.2843
3.61392114	1.3157
3.63902302	1.3445
3.64438741	1.3704
3.6444889	1.3891
3.64323732	1.4007
3.64069621	1.3973
3.62889078	1.3718
3.59765385	1.3382
3.5541429	1.3049
3.50768306	1.306
3.4536393	1.3415
3.42720992	1.382
3.43172857	1.4056
3.46491951	1.4093
3.5038737	1.3996
3.52847955	1.3832
3.53255254	1.3705
3.52360718	1.3542
3.52818384	1.3296
3.53768197	1.3019
3.54611912	1.2765
3.54316977	1.2679
3.53736975	1.2882
3.54612643	1.324
3.56924427	1.3575
3.58774796	1.375
3.58867047	1.375
3.59657159	1.3572
3.6166333	1.3273
3.63743454	1.2925
3.621552	1.2654
3.57719577	1.2446
3.52629854	1.2195
3.47511093	1.197
3.44972875	1.1661
3.45788836	1.1362
3.49683359	1.1196
3.55534638	1.1264
3.61556765	1.1328
3.65707428	1.1501
3.65163859	1.1707
3.61739601	1.1976
3.5951133	1.2467
3.60660324	1.3058
3.61115567	1.3547
3.61460362	1.3752
3.6140573	1.3743
3.61903723	1.3454
3.62534676	1.2905
3.62527433	1.2301
3.60081667	1.2085
3.53762782	1.2195
3.4846959	1.248
3.47097537	1.2785
3.47139625	1.3196
3.48070291	1.3507
3.48553629	1.3647
3.49018245	1.3578
3.48228943	1.3307
3.47180481	1.2761
3.4758921	1.2231
3.49497212	1.1833
3.50102731	1.1786
3.49022664	1.2087
3.4909962	1.2651
3.52014146	1.3258
3.55489425	1.3624
3.57727435	1.3628
3.59744451	1.3172
3.60367881	1.2458
3.60327178	1.1565
3.60748815	1.0813
3.57912483	1.0425
3.51668613	1.0453
3.43322101	1.0888
3.37643396	1.1601
3.38073112	1.2405
3.40867269	1.305
3.44932548	1.3306
3.49417483	1.328
3.5537226	1.2942
3.63022379	1.2501
3.71552534	1.1974
3.76291758	1.155
3.74100957	1.1247
3.66068931	1.1145
3.58181409	1.1275
3.53853624	1.1472
3.5059738	1.1714
3.47388913	1.2011
3.46413496	1.2249
3.48868283	1.2568
3.55467652	1.2798
3.60244102	1.2915
3.58344524	1.2978
3.51904688	1.3068
3.45834852	1.3383
3.4243178	1.3644
3.39833657	1.3698
3.37240187	1.3469
3.36178818	1.2972
3.37286389	1.242
3.4131608	1.1868
3.4743473	1.1242
3.53698462	1.075
3.57911359	1.0627
3.58104531	1.0923
3.56231679	1.1627
3.54128856	1.2427
3.51853693	1.3092
3.48663129	1.3406
3.4563565	1.3301
3.44599221	1.2829
3.47961703	1.1976
3.55111942	1.1114
3.62440634	1.0567
3.66583796	1.0477
3.66942213	1.0534
3.64160381	1.0642
3.60211095	1.0612
3.56757978	1.035
3.54521068	1.0017
3.55484677	0.9626
3.62621222	0.9159
3.74204485	0.8675
3.83101073	0.8291
3.85288058	0.8309
3.79539436	0.8937
3.6896429	0.9753
3.57827345	1.0626
3.49743126	1.1288
3.44276192	1.1896
3.43304615	1.2239
3.46185189	1.2199
3.53326701	1.1657
3.62937184	1.0931
3.72381126	1.0277
3.78037906	0.9697
3.78307536	0.9359
3.74128563	0.9255
3.66754284	0.9519
3.58277434	1.0019
3.50620166	1.0791
3.45163517	1.1591
3.44154204	1.2138
3.46460398	1.2415
3.50353906	1.2406
3.53653909	1.2251
3.55046155	1.2042
3.55586261	1.1867
3.55800041	1.1743
3.51268722	1.1757
3.43156698	1.1824
3.35355974	1.1972
3.34142082	1.2034
3.39020057	1.1976
3.4698328	1.1838
3.55197108	1.1662
3.63336269	1.1467
3.73097617	1.1206
3.81792573	1.1129
3.83834836	1.1275
3.76686169	1.1612
3.64824945	1.222
3.54327979	1.2809
3.47778471	1.3152
3.46833916	1.2985
3.51307736	1.2335
3.59518328	1.1777
3.68425847	1.1187
3.74263358	1.06
3.79739742	1.0006
3.83566497	0.9805
3.80725248	1.0037
3.69399765	1.067
3.54775907	1.1731
3.44675466	1.2765
3.4085256	1.3438
3.40685327	1.3614
3.4198013	1.3422
3.43055265	1.3221
3.47343683	1.2879
3.5401019	1.2578
3.59369374	1.2413
3.59571646	1.2378
3.54507455	1.2594
3.48914887	1.3159
3.4560357	1.3696
3.42789228	1.3933
3.38351025	1.4029
3.34748808	1.3983
3.3413729	1.3704
3.38426513	1.3345
3.45444647	1.2928
3.511605	1.2678
3.53135662	1.2542
3.50822833	1.2641
3.45813987	1.2998
3.41059719	1.3552
3.36662062	1.4053
3.33392687	1.4296
3.33221012	1.4209
3.35598785	1.3786
3.39919916	1.3274
3.44955231	1.2889
3.49846488	1.2561
3.5349036	1.2206
3.5454504	1.1958
3.53516984	1.2015
3.51680735	1.2468
3.50707117	1.3143
3.51388274	1.3703
3.52858052	1.3918
3.54949559	1.3723
3.57461857	1.3391
3.59938188	1.3005
3.60665531	1.2474
3.57585515	1.1879
3.5285557	1.1606
3.5098897	1.1634
3.50394734	1.2014
3.49224049	1.2449
3.47191975	1.2858
3.45970113	1.3202
3.47088023	1.3431
3.51657316	1.3492
3.57483483	1.3329
3.60520919	1.312
3.59445812	1.3039
3.54304468	1.302
3.47093889	1.2928
3.4094589	1.2831
3.38530129	1.2795
3.40275454	1.2847
3.44633662	1.2833
3.50679985	1.2619
3.56747061	1.214
3.64589188	1.1607
3.72364002	1.134
3.7662516	1.133
3.74459442	1.1547
3.68320672	1.1741
3.6057573	1.1938
3.54675177	1.2218
3.52734093	1.2643
3.55989166	1.3016
3.63120403	1.313
3.70046046	1.3008
3.74316991	1.287
3.75554453	1.2904
3.74078363	1.315
3.70576898	1.35
3.65775365	1.3763
3.60246191	1.4046
3.5556971	1.421
3.52498122	1.428
3.50112356	1.4205
3.48033447	1.3949
3.47461234	1.3504
3.48505695	1.3148
3.49811851	1.3093
3.49272556	1.329
3.46778134	1.3529
3.44143383	1.3638
3.43122115	1.37
3.42640011	1.3695
3.40123531	1.3623
3.36753148	1.3495
3.35043254	1.3309
3.37773965	1.3055
3.4336538	1.299
3.50313924	1.2994
3.55007218	1.3025
3.56897467	1.3028
3.57700017	1.3176
3.57782117	1.3593
3.57700917	1.3995
3.55647487	1.4384
3.52883518	1.4686
3.50365619	1.4836
3.48342055	1.4829
3.46543687	1.4697
3.45032571	1.4502
3.43553291	1.4143
3.41540842	1.3697
3.39060329	1.337
3.38932503	1.3042
3.41825734	1.2818
3.47041481	1.2623
3.52346644	1.248
3.53396228	1.2549
3.50979422	1.2856
3.49646618	1.3271
3.495238	1.3686
3.46764049	1.4015
3.42850754	1.4336
3.40908088	1.4481
3.42829969	1.4429
3.48474488	1.409
3.55901642	1.3476
3.61030595	1.2863
3.62300153	1.2425
3.59650136	1.2246
3.57343472	1.2476
3.55542315	1.3081
3.52103524	1.3723
3.46702484	1.4427
3.40303291	1.4907
3.35083248	1.5054
3.32829735	1.4862
3.34266974	1.4406
3.41892951	1.3689
3.53645169	1.2975
3.64461029	1.2474
3.6932562	1.2256
3.68729879	1.2352
3.65453381	1.2932
3.61873729	1.3872
3.56635678	1.4674
3.50327064	1.5025
3.45359721	1.5037
3.4343991	1.4863
3.45720785	1.4491
3.52101801	1.4033
3.58310363	1.3621
3.59447096	1.3268
3.54710292	1.3034
3.49177572	1.295
3.45547965	1.3082
3.43394941	1.3224
3.40321172	1.3412
3.37296026	1.3522
3.35283217	1.3467
3.35420865	1.3206
3.38834739	1.2772
3.43933756	1.248
3.48088589	1.2401
3.48782638	1.2535
3.48030284	1.2815
3.47551695	1.3264
3.486489	1.3676
3.48860688	1.3953
3.47243381	1.4085
3.4528607	1.3956
3.44162885	1.3541
3.44657988	1.2966
3.46827908	1.2487
3.50486742	1.2109
3.54317163	1.183
3.57755452	1.1681
3.5967352	1.1665
3.58583548	1.1874
3.55589291	1.2205
3.53220478	1.2651
3.53159125	1.3092
3.54174317	1.3488
3.56273703	1.3854
3.57312756	1.4132
3.55471263	1.4329
3.52428831	1.4211
3.47848966	1.3876
3.41618818	1.3626
3.36082505	1.3573
3.33295138	1.3671
3.33782719	1.3749
3.36083076	1.3781
3.38454649	1.3819
3.41386841	1.3884
3.4435248	1.3984
3.46702672	1.3964
3.47441054	1.3998
3.46300057	1.4142
3.44341	1.4278
3.42200091	1.4317
3.41282986	1.4202
3.41236055	1.4069
3.41022911	1.3826
3.39969327	1.3515
3.39034386	1.3164
3.3760864	1.3053
3.38377877	1.3047
3.406208	1.3081
3.42810473	1.3331
3.43006554	1.3694
3.41525711	1.4008
3.40548345	1.414
3.40323392	1.4075
3.4093478	1.3874
3.41187026	1.3792
3.41736181	1.3802
3.44739779	1.3738
3.49913021	1.3818
3.54800784	1.3933
3.58980285	1.3988
3.60377105	1.4152
3.57843839	1.4279
3.53431721	1.4275
3.49582974	1.4036
3.46936447	1.3732
3.44945632	1.3394
3.40775718	1.3206
3.36868818	1.3004
3.34795446	1.2915
3.35621607	1.2972
3.37144039	1.3289
3.37050081	1.3748
3.3600678	1.4277
3.35899415	1.4784
3.35692288	1.5272
3.35376473	1.5413
3.34352196	1.5291
3.33928559	1.4926
3.34621029	1.4267
3.35267342	1.3397
3.36264303	1.2389
3.39971867	1.1392
3.46522347	1.0821
3.53096022	1.0659
3.52989073	1.0923
3.49023483	1.145
3.45574933	1.2237
3.41455524	1.3192
3.37261212	1.4168
3.33721655	1.4784
3.30995889	1.4842
3.29030063	1.4687
3.28097141	1.4543
3.28049249	1.4306
3.29900318	1.3746
3.32677791	1.2966
3.35694983	1.2378
3.37842398	1.2177
3.40713177	1.2192
3.44507668	1.2311
3.47166979	1.2481
3.47284552	1.2907
3.45854343	1.3595
3.44594221	1.4317
3.44226563	1.4658
3.43652638	1.4627
3.42730714	1.4446
3.41603202	1.4366
3.40675028	1.4211
3.41187732	1.3816
3.43507483	1.3325
3.45434862	1.2801
3.45112437	1.2352
3.44761293	1.1918
3.44951947	1.1521
3.46159124	1.1297
3.4582318	1.1336
3.43936621	1.1461
3.4206597	1.162
3.42225799	1.1754
3.44710624	1.1985
3.46840698	1.2353
3.48456413	1.2699
3.4940345	1.2926
3.49989026	1.2996
3.50504755	1.3018
3.51205635	1.3036
3.52437881	1.3033
3.53852489	1.2897
3.54956821	1.2665
3.53315956	1.2475
3.49331631	1.23
3.44822467	1.2328
3.41223338	1.2562
3.39223844	1.2819
3.38245153	1.3028
3.38635951	1.3201
3.39441127	1.3455
3.4045117	1.3685
3.41786721	1.3723
3.43381532	1.3625
3.44533339	1.3537
3.42989526	1.3478
3.38855502	1.3458
3.34548574	1.3488
3.32953836	1.3495
3.33997214	1.3362
3.36335693	1.3187
3.38340907	1.3007
3.40692543	1.284
3.44926125	1.2651
3.507764	1.2475
3.54553893	1.2609
3.54268561	1.2818
3.49538652	1.3065
3.45000021	1.3237
3.4145205	1.3346
3.37484603	1.3329
3.32021694	1.3211
3.26466708	1.2913
3.23840279	1.2489
3.25809755	1.2098
3.30732578	1.1718
3.34813663	1.1522
3.369912	1.1445
3.38908855	1.1524
3.41626436	1.161
3.44150054	1.163
3.44482316	1.1564
3.43122571	1.1692
3.42713168	1.2125
3.42830432	1.2586
3.42438984	1.2891
3.42221421	1.2819
3.42254971	1.2749
3.41676035	1.2768
3.39951632	1.2741
3.39191312	1.2432
3.39905382	1.1893
3.40760324	1.1431
3.40336919	1.1326
3.39865303	1.1443
3.41340033	1.1718
3.43033898	1.1961
3.43431048	1.2259
3.42923021	1.262
3.41024944	1.318
3.40904449	1.3584
3.43453558	1.371
3.47570429	1.3616
3.50691539	1.3493
3.51070225	1.3334
3.50001467	1.2984
3.49554871	1.2684
3.48668819	1.2541
3.45684281	1.2586
3.40948202	1.2742
3.36359891	1.2881
3.33023344	1.3005
3.31722725	1.3117
3.32502301	1.3256
3.33625899	1.3395
3.35916845	1.3329
3.40894788	1.2961
3.47033454	1.249
3.52689101	1.2106
3.54625181	1.1983
3.52675581	1.1889
3.50377067	1.1759
3.48161632	1.1637
3.4513332	1.176
3.41288244	1.2157
3.39508214	1.2603
3.4107849	1.3023
3.45340206	1.3231
3.49268686	1.3312
3.50821207	1.3363
3.49783783	1.343
3.4629858	1.3454
3.42156873	1.3405
3.38197626	1.3329
3.34689225	1.3305
3.32997334	1.3286
3.33936555	1.3223
3.38622764	1.305
3.44661251	1.2653
3.49716031	1.2303
3.54611297	1.193
3.59635348	1.1897
3.64567079	1.2055
3.672377	1.2393
3.66155803	1.2807
3.63528822	1.3189
3.60480651	1.3677
3.58501811	1.3994
3.56787754	1.3946
3.5471137	1.3566
3.53377088	1.2949
3.53444508	1.2373
3.55535248	1.1764
3.57641751	1.1462
3.57666718	1.1189
3.56043218	1.1004
3.54608854	1.092
3.53469665	1.1197
3.52786281	1.1644
3.52847827	1.2105
3.53714807	1.2413
3.55013994	1.2494
3.55721216	1.238
3.57026947	1.192
3.57644246	1.1492
3.56851945	1.1264
3.55642719	1.1237
3.5394725	1.1389
3.52841725	1.1567
3.53414134	1.1779
3.53270472	1.1962
3.5056181	1.2166
3.46904289	1.2206
3.45157313	1.2021
3.47356676	1.1809
3.52339974	1.1865
3.56139068	1.2294
3.57374995	1.2838
3.56373825	1.3116
3.55931599	1.3145
3.55428297	1.3196
3.54251264	1.337
3.52031646	1.35
3.49747327	1.3251
3.49529123	1.256
3.52096293	1.1744
3.55423328	1.1237
3.5609339	1.1172
3.53819364	1.1241
3.51738248	1.1326
3.51626536	1.1398
3.52163578	1.1642
3.50804628	1.2028
3.4839883	1.2425
3.46440062	1.2685
3.47622226	1.2545
3.52630354	1.2077
3.60630232	1.1547
3.68339075	1.1369
3.73784938	1.1416
3.74856232	1.1425
3.73012849	1.1218
3.66573141	1.103
3.5840033	1.0964
3.49933778	1.0995
3.43096644	1.1007
3.40073406	1.0965
3.40453902	1.0865
3.4302183	1.0791
3.47095925	1.0943
3.50772896	1.1338
3.52125724	1.1743
3.50578485	1.1919
3.47173395	1.2112
3.43588528	1.24
3.41043894	1.2721
3.38709278	1.2887
3.36742759	1.2827
3.35973101	1.2514
3.37283132	1.2286
3.41862482	1.212
3.48745615	1.2162
3.54214715	1.245
3.57281376	1.2746
3.58130669	1.3086
3.57369155	1.356
3.53912574	1.4084
3.48359729	1.4597
3.4285264	1.4752
3.37952699	1.4694
3.3330061	1.4481
3.30610155	1.4262
3.30187441	1.4014
3.32419228	1.3757
3.35648818	1.34
3.38966108	1.2944
3.42620181	1.2394
3.46725425	1.1889
3.49620085	1.1757
3.49169629	1.1963
3.44501043	1.2421
3.37583134	1.3035
3.33498249	1.3432
3.33220352	1.3542
3.3564808	1.3473
3.3816119	1.3359
3.39427143	1.3134
3.41528139	1.2515
3.45660544	1.1571
3.51881224	1.0766
3.55727094	1.0461
3.52997664	1.0705
3.45931213	1.1376
3.38205328	1.2096
3.33302876	1.275
3.3225338	1.3407
3.33139337	1.3834
3.34858658	1.4084
3.36768137	1.4069
3.3897181	1.3774
3.42181153	1.3346
3.46569793	1.2861
3.50656654	1.2464
3.5226036	1.2265
3.49966254	1.2342
3.4542102	1.2759
3.41839083	1.3178
3.39647256	1.3453
3.38813456	1.3569
3.38892287	1.3559
3.39317295	1.3397
3.42059747	1.3075
3.46910864	1.2647
3.52910517	1.2189
3.55729404	1.1993
3.53660204	1.2059
3.50315423	1.2347
3.47854974	1.2793
3.46845078	1.3172
3.47066403	1.343
3.48372782	1.3432
3.51269121	1.3099
3.55797017	1.2622
3.60791955	1.2167
3.64760531	1.1962
3.64392023	1.1998
3.60666448	1.2205
3.56304791	1.2461
3.52577706	1.2803
3.50305646	1.3277
3.52210833	1.3598
3.56573744	1.3638
3.60079447	1.345
3.61717898	1.308
3.63081458	1.2772
3.65079985	1.282
3.65329759	1.3135
3.6228743	1.3485
3.5873856	1.3564
3.5504759	1.3482
3.53741534	1.33
3.58394489	1.2833
3.67043611	1.2286
3.76428901	1.1848
3.82545146	1.1706
3.85082625	1.1848
3.80878404	1.2264
3.73343092	1.2669
3.65624141	1.3184
3.60882834	1.355
3.57704705	1.3711
3.56419961	1.3619
3.58590418	1.3209
3.65814992	1.2535
3.77423047	1.1894
3.86751949	1.1486
3.89076652	1.1341
3.85358559	1.1449
3.77310146	1.1739
3.6958868	1.2085
3.62278958	1.2468
3.54856678	1.291
3.49828924	1.3302
3.4736313	1.3474
3.49118946	1.3336
3.55421909	1.285
3.64039495	1.2283
3.72311349	1.1788
3.76763664	1.154
3.77569625	1.1477
3.76834774	1.1374
3.72738419	1.141
3.65994574	1.1524
3.5692961	1.1848
3.48542137	1.225
3.45578859	1.2562
3.49896644	1.2795
3.55722226	1.3012
3.60531684	1.3092
3.64401592	1.3021
3.67490979	1.2868
3.70656479	1.2712
3.71957558	1.2563
3.67367047	1.2549
3.58489349	1.2695
3.50099678	1.3063
3.46060563	1.3531
3.46593415	1.391
3.47777785	1.4202
3.49667654	1.4291
3.53459706	1.4185
3.58411092	1.4009
3.63101611	1.3863
3.65642435	1.3657
3.63825145	1.3505
3.58087425	1.3552
3.51513859	1.395
3.49154557	1.4344
3.48724317	1.4712
3.49626887	1.4785
3.51480855	1.4678
3.52933788	1.4523
3.54187831	1.4336
3.54191913	1.4014
3.53903936	1.3494
3.53211899	1.2951
3.51852241	1.28
3.48235244	1.313
3.42681968	1.3802
3.3796135	1.4415
3.36441695	1.4608
3.38683445	1.445
3.41894568	1.4157
3.44750408	1.3846
3.45500248	1.3516
3.44313635	1.3302
3.42877099	1.3203
3.4106828	1.329
3.37890589	1.3548
3.34556059	1.4022
3.33591861	1.4214
3.35914461	1.4248
3.40384582	1.4045
3.46422408	1.371
3.51697548	1.34
3.54099643	1.3241
3.54455029	1.3062
3.53595524	1.3024
3.53235623	1.3069
3.53988554	1.3261
3.55845781	1.351
3.56793131	1.3678
3.57956655	1.35
3.6085494	1.2898
3.6647225	1.2153
3.71594402	1.1383
3.71375482	1.0715
3.64452615	1.0339
3.53823471	1.038
3.44606269	1.089
3.4014327	1.1694
3.37855112	1.2434
3.37208838	1.29
3.39223124	1.3002
3.45843025	1.2715
3.55994914	1.2199
3.68316783	1.121
3.78313325	1.0234
3.82112225	0.9662
3.77973044	0.9579
3.67046631	0.9943
3.53781582	1.0571
3.42429621	1.1221
3.37312788	1.1717
3.37716708	1.2069
3.43065595	1.2273
3.52602699	1.2221
3.63881219	1.1735
3.72634329	1.1076
3.75052629	1.0688
3.70469979	1.0749
3.64290068	1.1296
3.57455985	1.2007
3.50164354	1.2543
3.424358	1.2937
3.36410776	1.3293
3.35626678	1.3449
3.39994417	1.3275
3.47208005	1.2781
3.54388358	1.2226
3.60739556	1.1942
3.65839707	1.1953
3.68496311	1.2439
3.66254265	1.3152
3.60913431	1.3749
3.54926935	1.3939
3.51071525	1.375
3.49254643	1.3345
3.46987112	1.2764
3.42070134	1.1979
3.36172397	1.1232
3.3425883	1.0561
3.39150819	1.0112
3.46485961	1.0126
3.47897187	1.0655
3.4655522	1.141
3.45836865	1.1978
3.46653087	1.24
3.47750527	1.2833
3.47083775	1.3111
3.44554185	1.311
3.401843	1.2956
3.36826919	1.2645
3.35679235	1.2441
3.36984978	1.2442
3.38846263	1.2585
3.4047142	1.2748
3.43405337	1.2761
3.47370519	1.2661
3.51967851	1.2465
3.53997074	1.2321
3.53590547	1.2058
3.50443708	1.1897
3.45224279	1.1965
3.39522109	1.2363
3.34712648	1.3004
3.32299061	1.3547
3.33040462	1.3808
3.36712665	1.3941
3.42251007	1.3931
3.48435395	1.3685
3.56580605	1.3062
3.6479638	1.2434
3.69649162	1.2005
3.66665488	1.2023
3.57892966	1.2393
3.488123	1.2879
3.42735878	1.3117
3.39360377	1.3238
3.38755394	1.3456
3.40120763	1.3653
3.43171039	1.3608
3.48788339	1.303
3.54823546	1.216
3.56270621	1.1536
3.53582404	1.1479
3.49078852	1.1938
3.44315804	1.2407
3.39505228	1.254
3.347616	1.2362
3.31806922	1.2082
3.31647042	1.1857
3.35568221	1.1516
3.42026686	1.1015
3.49241557	1.0384
3.54135576	1.0136
3.56875718	1.0532
3.59881269	1.1437
3.5968386	1.2451
3.55267739	1.3101
3.4985132	1.3368
3.46115757	1.3594
3.46397981	1.3859
3.48873125	1.367
3.52453992	1.2958
3.56325298	1.2049
3.59467366	1.1304
3.61130151	1.1146
3.60375169	1.1488
3.56988066	1.2029
3.50946501	1.2699
3.4482131	1.3352
3.39477475	1.4132
3.37064638	1.4804
3.37805348	1.5114
3.40519252	1.4981
3.43248426	1.4585
3.45237731	1.4037
3.47702839	1.3656
3.50801815	1.3556
3.54306433	1.3803
3.5313681	1.4253
3.47882107	1.4686
3.42172752	1.5044
3.38752015	1.534
3.36982222	1.5285
3.35484383	1.5151
3.3466629	1.4944
3.34411621	1.4812
3.34970641	1.4686
3.36189855	1.4558
3.37052368	1.4427
3.36893743	1.4423
3.36878402	1.4569
3.36049005	1.4725
3.3347667	1.4689
3.32154219	1.4296
3.33675499	1.3852
3.38019113	1.3435
3.42692802	1.3382
3.46328885	1.3472
3.4953982	1.3493
3.50295055	1.364
3.49030254	1.3735
3.45487859	1.3935
3.41348014	1.4101
3.37683324	1.4312
3.3614655	1.4367
3.36108842	1.4357
3.37111772	1.4317
3.38020821	1.4403
3.38978996	1.4238
3.39693732	1.3875
3.38139144	1.3411
3.3275894	1.3159
3.26193126	1.3182
3.21363143	1.3311
3.190064	1.3645
3.18843753	1.4058
3.20717259	1.4506
3.24462883	1.4779
3.30410213	1.4787
3.38190159	1.4798
3.44317293	1.4777
3.47199063	1.4754
3.47561711	1.4769
3.46088405	1.4757
3.41032374	1.4842
3.33133135	1.494
3.2617084	1.5074
3.22698326	1.5151
3.22110589	1.5053
3.23663168	1.4946
3.27239538	1.4784
3.32769432	1.451
3.4014554	1.4095
3.47947401	1.3601
3.51929111	1.318
3.46416131	1.2971
3.33980682	1.313
3.23789668	1.369
3.18506322	1.4264
3.15872944	1.4562
3.14892855	1.4588
3.15819172	1.4471
3.19948934	1.4333
3.27581989	1.4178
3.3637831	1.4036
3.42505608	1.3758
3.44333201	1.3408
3.42622208	1.328
3.39618845	1.3718
3.35580303	1.4562
3.31136278	1.5039
3.2669683	1.4956
3.2239429	1.4481
3.20569245	1.4221
3.21053037	1.3975
3.23850291	1.3719
3.27938888	1.3432
3.32672874	1.3198
3.35108159	1.3031
3.33975308	1.3149
3.3271921	1.3558
3.34687888	1.4026
3.37435167	1.4316
3.37158191	1.4316
3.35715349	1.4148
3.35531399	1.3812
3.37557043	1.334
3.40198563	1.2859
3.4050453	1.2601
3.37711534	1.2708
3.35358663	1.3136
3.36148811	1.3799
3.36953559	1.4423
3.36414407	1.482
3.34922232	1.4944
3.35000002	1.4839
3.37362439	1.4098
3.40544612	1.2934
3.41618203	1.171
3.38265071	1.0953
3.3304807	1.0817
3.28087131	1.1194
3.2397713	1.2019
3.2272211	1.2987
3.22320671	1.3936
3.23448594	1.4685
3.25965351	1.5158
3.30190592	1.5238
3.35257249	1.4848
3.39777348	1.4113
3.42763513	1.3142
3.43759699	1.2224
3.41993523	1.1761
3.37867333	1.1942
3.34463925	1.2717
3.33857716	1.3726
3.34442543	1.4489
3.34284376	1.4923
3.34427367	1.5079
3.34875176	1.5002
3.3592576	1.4367
3.36759218	1.3342
3.37366235	1.2395
3.35296736	1.2011
3.31448375	1.2164
3.28365809	1.2705
3.26682027	1.3205
3.26512387	1.363
3.28006164	1.4055
3.32228488	1.4428
3.38885576	1.4552
3.47318408	1.4118
3.54024854	1.3413
3.55534187	1.2734
3.53454064	1.2359
3.50703307	1.249
3.47155666	1.2858
3.40758606	1.3317
3.32320894	1.3676
3.26031948	1.3964
3.24978813	1.4087
3.27958853	1.3937
3.30926401	1.3592
3.32998404	1.3138
3.33583433	1.277
3.34710969	1.2671
3.36402827	1.2838
3.37768503	1.3267
3.37532627	1.3704
3.36247772	1.4028
3.34856551	1.4227
3.36350831	1.4343
3.40161644	1.4123
3.45433334	1.3678
3.51594012	1.3384
3.56600639	1.343
3.59344298	1.3621
3.5866171	1.3811
3.54998839	1.4014
3.51143226	1.4194
3.47980302	1.4405
3.45490942	1.4526
3.44817417	1.4288
3.44632962	1.3604
3.44442669	1.2474
3.4650689	1.1384
3.50284681	1.0589
3.5339921	1.0244
3.53517316	1.057
3.49261282	1.1449
3.44290529	1.2693
3.40798916	1.397
3.39633291	1.4935
3.4102591	1.5443
3.44581158	1.5462
3.49799891	1.4806
3.54996026	1.3597
3.59565855	1.23
3.60809922	1.1345
3.57231223	1.0999
3.51477537	1.1354
3.46140032	1.2344
3.40000111	1.3441
3.35419003	1.4272
3.34331874	1.468
3.36109677	1.4685
3.410456	1.4332
3.48793784	1.3389
3.59408817	1.2216
3.69353951	1.1367
3.74295269	1.114
3.70786161	1.1577
3.59535964	1.2581
3.47216191	1.3814
3.39792629	1.4864
3.36522902	1.5446
3.37538559	1.567
3.41479761	1.5675
3.47101005	1.5192
3.54795441	1.397
3.64456933	1.2725
3.73446299	1.2093
3.74484528	1.2262
3.65749151	1.2984
3.52818737	1.3908
3.42863301	1.4728
3.37494256	1.5136
3.36197114	1.5194
3.3786484	1.4849
3.42685101	1.4079
3.52603533	1.2774
3.67318742	1.1528
3.79122368	1.0812
3.79105591	1.0864
3.68038673	1.15
3.53760876	1.2581
3.42140563	1.3674
3.33797887	1.4227
3.28753118	1.437
3.27964802	1.4338
3.32000046	1.4126
3.4059388	1.3701
3.50008394	1.3185
3.55893187	1.2996
3.57424985	1.3479
3.5476384	1.4395
3.49331837	1.5203
3.438922	1.5467
3.39742525	1.544
3.36997471	1.522
3.37389802	1.4482
3.43201751	1.3352
3.53603762	1.2071
3.62281398	1.1218
3.65690442	1.0864
3.65677026	1.1137
3.63129527	1.1951
3.5922834	1.2693
3.53922703	1.3204
3.48631243	1.3541
3.4595981	1.3786
3.48138086	1.3682
3.56154854	1.3055
3.65508945	1.2084
3.70292436	1.1253
3.69055195	1.0838
3.63314047	1.1119
3.55504505	1.1949
3.45233405	1.3003
3.36397743	1.3961
3.31700141	1.4707
3.31362956	1.5002
3.35062443	1.4678
3.42358223	1.3799
3.49937971	1.2605
3.55292716	1.1654
3.56539061	1.1128
3.52503979	1.1175
3.43704404	1.174
3.32059918	1.2583
3.22951727	1.3571
3.19239806	1.426
3.20144497	1.4586
3.2634278	1.4495
3.3734279	1.3729
3.5018501	1.2679
3.62724369	1.1638
3.71648033	1.1129
3.71941065	1.1185
3.61286547	1.1753
3.44293599	1.2605
3.29549714	1.3487
3.20694179	1.4229
3.17978483	1.4502
3.20081077	1.4388
3.26841782	1.3907
3.37066059	1.3096
3.51922884	1.2066
3.68203694	1.1089
3.75996478	1.0575
3.70408564	1.0623
3.55186121	1.1334
3.40194352	1.2524
3.30572147	1.3559
3.26724579	1.4007
3.27564362	1.4029
3.31861897	1.3891
3.38603719	1.3715
3.45991002	1.3465
3.5165781	1.3187
3.54034766	1.3103
3.52231962	1.3365
3.47255816	1.3899
3.40563321	1.4317
3.33738817	1.4327
3.28068938	1.3817
3.24162129	1.2936
3.21579856	1.1791
3.2116765	1.0678
3.23522563	1.0063
3.27566153	0.9912
3.32207008	1.0198
3.35423819	1.0849
3.36365323	1.168
3.3640258	1.27
3.36493278	1.3442
3.37291701	1.3789
3.38856672	1.3528
3.42951834	1.2882
3.4983723	1.2109
3.55730297	1.1642
3.56355239	1.1225
3.52940201	1.1023
3.47078623	1.1152
3.41474006	1.1636
3.37124011	1.2448
3.36556554	1.3195
3.39181152	1.3668
3.45225533	1.37
3.53466975	1.3506
3.60631379	1.3195
3.64813284	1.2723
3.65483079	1.215
3.62891359	1.1693
3.56117147	1.1691
3.47347767	1.2001
3.40369649	1.2686
3.38578354	1.3368
3.40650857	1.3652
3.44579988	1.3606
3.50699821	1.3389
3.58217969	1.2967
3.66453413	1.2254
3.72303303	1.1339
3.74079341	1.0564
3.67400159	1.0365
3.56986116	1.0763
3.48778395	1.1451
3.43869632	1.2169
3.41712364	1.2651
3.42458054	1.3088
3.46417305	1.3369
3.53375709	1.3423
3.6102015	1.3042
3.65605259	1.2434
3.66626327	1.2088
3.63400713	1.2455
3.55985532	1.3276
3.47988533	1.4058
3.4221904	1.4293
3.38658553	1.4057
3.36768813	1.3771
3.36372205	1.3584
3.38154095	1.3417
3.4163908	1.3112
3.47029276	1.2626
3.52930927	1.232
3.55474584	1.2549
3.55105291	1.338
3.52841366	1.4254
3.49103715	1.471
3.4352713	1.4535
3.38754578	1.4026
3.37846875	1.349
3.40789751	1.2801
3.45062336	1.2004
3.51065377	1.1163
3.58483373	1.0737
3.63946847	1.0897
3.66377911	1.1507
3.63517674	1.2217
3.56909452	1.2747
3.48490589	1.2991
3.40953263	1.3131
3.37385239	1.3025
3.35970162	1.2688
3.35467871	1.2047
3.36822477	1.1441
3.40811727	1.1149
3.4753605	1.1319
3.54192459	1.1848
3.58749977	1.2656
3.60869299	1.3615
3.60079814	1.4544
3.57236137	1.5196
3.53393962	1.5461
3.48807135	1.5451
3.44911144	1.518
3.41437316	1.487
3.37081718	1.4661
3.34186334	1.4336
3.34387936	1.3973
3.35783789	1.3709
3.36652657	1.344
3.35195556	1.3158
3.33070578	1.2824
3.33932752	1.245
3.37587277	1.2001
3.40623	1.1683
3.42075886	1.1747
3.42473099	1.2149
3.44352091	1.2625
3.46360903	1.3072
3.45299597	1.3229
3.40867654	1.321
3.35843136	1.3158
3.33119959	1.2876
3.33217085	1.2505
3.34383099	1.2057
3.34496119	1.1788
3.3261546	1.179
3.30636226	1.1993
3.30671463	1.227
3.32190393	1.2415
3.32538876	1.2441
3.30592707	1.2524
3.27633057	1.2681
3.2599993	1.277
3.28987728	1.2623
3.34939001	1.2506
3.40591431	1.2535
3.4465605	1.2802
3.49008233	1.3066
3.56209472	1.3215
3.62639483	1.3259
3.66436859	1.3177
3.66487762	1.3018
3.63372302	1.2696
3.59688738	1.2294
3.57637959	1.2098
3.55320804	1.207
3.51199483	1.2106
3.4795222	1.2039
3.47822469	1.2003
3.49886531	1.2124
3.51580106	1.2159
3.51472275	1.205
3.49432272	1.1967
3.48677999	1.1797
3.49386495	1.162
3.51179792	1.1512
3.52498019	1.1403
3.51400794	1.1524
3.49583389	1.1765
3.50580867	1.2129
3.52445636	1.2443
3.52769254	1.2809
3.50523289	1.3253
3.47538004	1.3627
3.46209498	1.3828
3.46938197	1.3739
3.47775029	1.3372
3.47912812	1.3044
3.475655	1.2864
3.47948682	1.2732
3.48255969	1.2679
3.46823928	1.2598
3.43817069	1.2532
3.40369912	1.2657
3.38405426	1.2879
3.39646203	1.3082
3.44213897	1.2973
3.51659353	1.269
3.59377559	1.223
3.66363049	1.1766
3.70623661	1.1396
3.70431799	1.1337
3.65862923	1.1539
3.5750043	1.1757
3.4852879	1.1943
3.4200768	1.2109
3.39774054	1.2201
3.4271422	1.2184
3.47194426	1.2124
3.49787783	1.2048
3.51920756	1.1998
3.53662562	1.2134
3.56139295	1.2267
3.54970092	1.2519
3.49769623	1.2734
3.43652012	1.2941
3.39394681	1.3004
3.38794664	1.2725
3.41306263	1.2296
3.47337277	1.1814
3.54046075	1.1584
3.60815231	1.1553
3.65061651	1.1598
3.6510759	1.1662
3.59335866	1.1764
3.50574883	1.1965
3.4146856	1.2205
3.34448342	1.2197
3.28818106	1.1988
3.25192306	1.1693
3.24360069	1.1448
3.2823244	1.1278
3.35795254	1.119
3.44192977	1.1266
3.49594219	1.1601
3.50380107	1.2172
3.49167235	1.2949
3.48009741	1.3572
3.47298396	1.3919
3.4664475	1.3938
3.44583298	1.3895
3.41926731	1.3902
3.4048531	1.3816
3.40261546	1.3546
3.38663419	1.3173
3.35471856	1.2956
3.32897368	1.2954
3.32215429	1.3101
3.33849522	1.3179
3.35061515	1.3294
3.34362113	1.3399
3.33454058	1.3634
3.34773746	1.3801
3.37004922	1.3875
3.38220678	1.376
3.36933875	1.3638
3.3474777	1.3602
3.34832636	1.3491
3.37111577	1.3311
3.40008318	1.3121
3.41217763	1.3063
3.41896039	1.3273
3.44126948	1.3689
3.48312976	1.4089
3.52443716	1.4281
3.54788888	1.4271
3.54902662	1.4275
3.51593083	1.4305
3.47096038	1.4143
3.43162761	1.3895
3.41443038	1.3617
3.42285326	1.3328
3.43215357	1.3212
3.43556138	1.3265
3.4605866	1.3387
3.50855772	1.3574
3.57119709	1.3659
3.61377611	1.3776
3.62625876	1.3927
3.61058567	1.4084
3.58568399	1.4022
3.55088049	1.3895
3.50865069	1.3766
3.4736351	1.3608
3.44999517	1.3627
3.45325463	1.3672
3.47792079	1.3675
3.51130314	1.3627
3.55098442	1.3483
3.60965075	1.3257
3.66845001	1.3041
3.69678472	1.2887
3.6787393	1.2757
3.62172254	1.2787
3.563943	1.2874
3.52134423	1.3033
3.50581761	1.3099
3.50118594	1.3166
3.50668069	1.3164
3.53006096	1.314
3.57720077	1.3241
3.63813862	1.3297
3.676983	1.3356
3.6750613	1.339
3.65156602	1.3532
3.61691236	1.3664
3.58335476	1.3699
3.56209168	1.357
3.54674427	1.339
3.54110998	1.3103
3.54099858	1.2843
3.54540376	1.2689
3.54162003	1.2666
3.54252575	1.2797
3.53657277	1.289
3.52895164	1.2856
3.51708957	1.2764
3.5008938	1.2726
3.51563816	1.262
3.55298513	1.2592
3.57358545	1.2606
3.54967539	1.2657
3.49745356	1.2681
3.4579035	1.2799
3.44994852	1.2896
3.46013331	1.3088
3.47023003	1.3261
3.48924591	1.3548
3.52285027	1.3792
3.55725066	1.3993
3.5867586	1.3979
3.59631574	1.3924
3.58220035	1.387
3.54195297	1.3914
3.48116725	1.4052
3.41886312	1.4289
3.37172654	1.4483
3.37170966	1.4289
3.37508001	1.4216
3.39501407	1.4142
3.42952885	1.3944
3.47468789	1.3607
3.53273085	1.3165
3.57535738	1.2763
3.56726166	1.2612
3.52370484	1.2777
3.48029119	1.3188
3.44678095	1.3627
3.41292936	1.4006
3.38490563	1.4299
3.37993471	1.4307
3.40179094	1.4032
3.46229473	1.3527
3.52228755	1.3074
3.55500169	1.2722
3.54466391	1.2502
3.51284702	1.238
3.46405504	1.258
3.39175995	1.298
3.32732632	1.3411
3.29413897	1.3595
3.2911317	1.356
3.30512427	1.3408
3.32473129	1.3202
3.35218866	1.3059
3.39058224	1.3029
3.43609812	1.3035
3.47002625	1.3218
3.4838805	1.3442
3.45056588	1.4059
3.44441028	1.4402
3.44525529	1.4517
3.43460166	1.4361
3.42403351	1.3839
3.42093819	1.3169
3.4274328	1.2567
3.42882699	1.2208
3.41664695	1.2082
3.3812	1.2228
3.32490594	1.2759
3.28842269	1.3509
3.28380881	1.4166
3.29850638	1.451
3.31872124	1.4541
3.33574284	1.4444
3.34236663	1.4089
3.34289604	1.3379
3.35249757	1.2457
3.37723022	1.1837
3.39685239	1.1724
3.38661631	1.2079
3.3547781	1.2694
3.32466693	1.3468
3.32376593	1.3998
3.34661582	1.4274
3.3754272	1.4386
3.4077486	1.4447
3.43420877	1.428
3.44548755	1.4043
3.45606261	1.3703
3.46465625	1.3567
3.46299663	1.3602
3.44414388	1.3672
3.41998849	1.3754
3.4097155	1.3778
3.4192413	1.3751
3.43789011	1.3685
3.45813371	1.3511
3.47847105	1.3253
3.47643845	1.3093
3.45769821	1.3046
3.44014296	1.323
3.42144755	1.3454
3.40338604	1.3604
3.38503428	1.3537
3.36098806	1.3438
3.34463662	1.3226
3.3450277	1.2905
3.36359936	1.2509
3.39974056	1.2058
3.4194432	1.1719
3.40646781	1.1781
3.3774792	1.231
3.36227491	1.3187
3.36516878	1.3923
3.35571145	1.4416
3.3430062	1.459
3.34241939	1.4489
3.36060526	1.4151
3.38786922	1.357
3.41164154	1.2948
3.41693926	1.2454
3.41033393	1.2319
3.40066847	1.2715
3.38508272	1.3311
3.36021139	1.3773
3.320538	1.4014
3.27183871	1.4054
3.22944146	1.4034
3.20597262	1.3857
3.19692199	1.3521
3.19740342	1.3069
3.20379462	1.2714
3.22040424	1.2612
3.26068846	1.2743
3.32219197	1.2914
3.38210079	1.309
3.42388134	1.3148
3.45309119	1.309
3.47304746	1.2902
3.50305875	1.2761
3.52553959	1.2633
3.50306793	1.2493
3.4339293	1.2397
3.36075922	1.2424
3.33085766	1.2606
3.32104598	1.2865
3.29308827	1.3155
3.25393952	1.3566
3.24051328	1.3914
3.26981417	1.402
3.31238066	1.3848
3.33217586	1.3568
3.33169252	1.3234
3.33563982	1.3099
3.35085905	1.3103
3.35001345	1.3185
3.31081031	1.3288
3.25842693	1.3354
3.23041803	1.3396
3.23270424	1.348
3.24268544	1.3478
3.25083044	1.3341
3.26398145	1.2926
3.30362905	1.2382
3.36073843	1.1975
3.40008321	1.1875
3.40455899	1.1965
3.38328646	1.2079
3.35816464	1.2146
3.33420014	1.2275
3.31304449	1.2385
3.29521177	1.243
3.2966784	1.2209
3.31715838	1.1793
3.35415991	1.1427
3.38112118	1.1234
3.39587141	1.1265
3.40028694	1.151
3.40568961	1.1842
3.39509594	1.2327
3.37336491	1.2961
3.35434918	1.341
3.34190951	1.3632
3.33896479	1.3514
3.34390699	1.3322
3.36065618	1.3038
3.39255426	1.2765
3.43193927	1.2488
3.45842607	1.2165
3.44593705	1.1937
3.40724863	1.1818
3.3701273	1.1766
3.37336133	1.1802
3.4042277	1.1682
3.41351951	1.1704
3.40186121	1.1923
3.40706469	1.2072
3.42953811	1.2363
3.46418375	1.2548
3.47159167	1.2795
3.44223774	1.2979
3.4088024	1.3192
3.39956846	1.3094
3.39064397	1.2805
3.39758243	1.2224
3.41215631	1.1732
3.4123935	1.1486
3.39551021	1.1376
3.39266837	1.1278
3.41916361	1.1271
3.44351875	1.153
3.43234165	1.212
3.39602616	1.2914
3.37222687	1.3591
3.37847008	1.408
3.4062589	1.4307
3.44337751	1.4289
3.4701761	1.3991
3.48537935	1.3531
3.49203545	1.2905
3.51511467	1.2305
3.52491238	1.1811
3.49654307	1.1532
3.42370189	1.1588
3.35895918	1.184
3.33309181	1.2219
3.35390836	1.2587
3.39512369	1.2898
3.42901627	1.3099
3.45770065	1.3162
3.48686972	1.2897
3.51728095	1.2436
3.54445799	1.1862
3.53613816	1.1438
3.50031234	1.1138
3.43620728	1.0963
3.38351083	1.0824
3.35588428	1.0832
3.35134562	1.0964
3.35863264	1.1179
3.36915044	1.1332
3.39495773	1.1423
3.4422626	1.1346
3.49336525	1.1186
3.51959665	1.1145
3.50609962	1.1247
3.51199691	1.1437
3.46019958	1.179
3.43773324	1.2037
3.45126213	1.2287
3.47627005	1.2436
3.49016596	1.2424
3.48670459	1.2314
3.50725657	1.1894
3.54844005	1.1378
3.605812	1.1046
3.63055893	1.0844
3.59125573	1.0838
3.51955424	1.1203
3.47592104	1.1787
3.46117793	1.2537
3.44844648	1.3195
3.43179534	1.3554
3.4278376	1.3587
3.44013414	1.3314
3.47236191	1.278
3.50523142	1.2136
3.51682138	1.1824
3.4936916	1.2062
3.45577272	1.2347
3.41618671	1.2511
3.37720746	1.2636
3.35010227	1.2593
3.34120919	1.2346
3.36266266	1.2031
3.41225808	1.1692
3.48764916	1.1412
3.54539062	1.1387
3.57459362	1.1542
3.58261111	1.1979
3.56472042	1.2632
3.55251951	1.3283
3.53170284	1.3748
3.51153938	1.3859
3.51143147	1.3661
3.54147521	1.3078
3.59822287	1.233
3.65784689	1.1618
3.67684478	1.114
3.64095323	1.1016
3.56211006	1.1237
3.50347266	1.1746
3.47470189	1.2355
3.45547831	1.3013
3.45239395	1.3346
3.45843186	1.3399
3.48728218	1.3146
3.52627997	1.2664
3.57286637	1.2122
3.5948405	1.1563
3.5748928	1.1265
3.52373626	1.1429
3.46509083	1.201
3.43121403	1.2731
3.41957817	1.3263
3.4192558	1.3213
3.4353538	1.2912
3.47359393	1.2587
3.52714947	1.233
3.57898343	1.2161
3.60541474	1.1887
3.58002943	1.1902
3.52454288	1.2414
3.46196488	1.3433
3.41021836	1.4352
3.37799653	1.4616
3.3571569	1.4319
3.35183166	1.3749
3.36114113	1.3018
3.38647461	1.2104
3.44224246	1.1184
3.49873488	1.0452
3.51770526	1.0201
3.50566456	1.051
3.4734671	1.1344
3.449304	1.2411
3.43694774	1.3261
3.42620532	1.3735
3.42768796	1.3806
3.44173592	1.3527
3.46813342	1.3121
3.50851634	1.2737
3.53024956	1.2492
3.52749136	1.2506
3.50672528	1.2818
3.46031377	1.334
3.42048274	1.3793
3.39225488	1.3883
3.37499234	1.3702
3.36962807	1.3378
3.36589381	1.2899
3.3614142	1.2386
3.37283594	1.2068
3.38911897	1.21
3.3958494	1.246
3.38024807	1.3057
3.35365853	1.3614
3.34582463	1.3865
3.3503406	1.3851
3.36445059	1.3718
3.37977084	1.3375
3.39291757	1.2736
3.41287558	1.1984
3.44950729	1.1502
3.47068365	1.1464
3.44333739	1.1985
3.38768579	1.2821
3.34167285	1.3693
3.3353723	1.4155
3.3401283	1.4336
3.34214804	1.446
3.3446852	1.4508
3.35872997	1.4313
3.38749401	1.3759
3.40886196	1.323
3.39741296	1.3069
3.36448555	1.3311
3.30583364	1.3945
3.30835856	1.4175
3.30831062	1.4235
3.28228573	1.4326
3.24364608	1.4355
3.21225667	1.4187
3.20978515	1.3714
3.22346634	1.3217
3.2304022	1.3025
3.23829003	1.3247
3.25766502	1.3697
3.29534795	1.4145
3.3334787	1.4493
3.351132	1.4651
3.35647639	1.4668
3.35969498	1.4431
3.37652315	1.3893
3.41349535	1.3096
3.44960005	1.227
3.46257603	1.169
3.46092946	1.1428
3.46067573	1.1547
3.46562729	1.1881
3.46496402	1.2466
3.45049976	1.3179
3.43258226	1.3716
3.40053246	1.404
3.3676609	1.401
3.35033472	1.3715
3.34722415	1.3426
3.3531673	1.311
3.34514688	1.2762
3.32336627	1.2668
3.30241005	1.2896
3.30047348	1.336
3.29420014	1.3835
3.28369616	1.4254
3.26870951	1.4565
3.25693319	1.4716
3.2642408	1.4549
3.2994616	1.3973
3.34331737	1.3194
3.3655765	1.2761
3.3672014	1.2656
3.37513488	1.2845
3.37137279	1.3043
3.33535542	1.345
3.27925712	1.3891
3.23422246	1.4247
3.2290443	1.434
3.25104109	1.4119
3.27722215	1.3601
3.29419843	1.2966
3.35601857	1.2336
3.39591927	1.2065
3.42570324	1.2286
3.40807758	1.2825
3.35916546	1.3382
3.30742752	1.3823
3.27359633	1.4205
3.26082787	1.4571
3.27294587	1.4703
3.3092136	1.4375
3.37443358	1.3618
3.4482955	1.2856
3.50452499	1.2264
3.54863892	1.2013
3.58385145	1.1891
3.59292977	1.184
3.5463483	1.1825
3.46632531	1.1979
3.41721291	1.2134
3.42463111	1.2254
3.47768716	1.2167
3.53284368	1.2089
3.58074766	1.2046
3.64006513	1.207
3.69395081	1.2248
3.69905253	1.2425
3.63537626	1.2598
3.54695241	1.2658
3.48222676	1.266
3.46602244	1.2565
3.4584543	1.2393
3.47034535	1.1968
3.49284696	1.1533
3.54504414	1.1265
3.61532236	1.1224
3.65812874	1.1479
3.63727716	1.1947
3.58184877	1.2507
3.50221415	1.3152
3.43706843	1.3748
3.40643904	1.411
3.40601778	1.4174
3.43385597	1.3821
3.48556336	1.3251
3.54513147	1.2608
3.59612105	1.2105
3.64431677	1.1766
3.67087131	1.1688
3.65324607	1.1851
3.58858884	1.2258
3.51048141	1.2908
3.45783842	1.3494
3.4354823	1.3766
3.43092865	1.3568
3.43148243	1.3177
3.44251666	1.2608
3.46017587	1.2087
3.47908459	1.1704
3.48397237	1.1474
3.45355646	1.1449
3.41198351	1.1625
3.39062567	1.1898
3.40584135	1.2249
3.43826235	1.2489
3.48133834	1.2469
3.51452777	1.2405
3.55081108	1.2333
3.57015435	1.2386
3.57106947	1.245
3.54150061	1.2675
3.49894973	1.3059
3.45686492	1.3525
3.42669874	1.3977
3.41645874	1.4204
3.41992901	1.4113
3.43610406	1.3891
3.4643014	1.3524
3.49655748	1.306
3.53152795	1.255
3.55413108	1.2226
3.54216768	1.2086
3.49732802	1.2098
3.44538581	1.225
3.39587191	1.2512
3.37645954	1.2677
3.38956003	1.2769
3.42760591	1.2671
3.47723174	1.2531
3.52316169	1.232
3.56782099	1.2151
3.58961604	1.2173
3.58430846	1.2339
3.54563809	1.2594
3.49961194	1.2832
3.45181923	1.3175
3.4206551	1.343
3.39979043	1.355
3.38208225	1.3557
3.39660922	1.3347
3.43456947	1.3026
3.48173405	1.2726
3.51162646	1.2593
3.51994786	1.2673
3.51254238	1.2833
3.48794351	1.314
3.44897381	1.3452
3.41396035	1.3675
3.39954007	1.3728
3.40588065	1.3454
3.41467945	1.3066
3.41649411	1.273
3.43324944	1.2387
3.46778839	1.2172
3.52087063	1.2042
3.58319156	1.204
3.62899488	1.2112
3.64901028	1.2186
3.66561767	1.2228
3.68868739	1.2186
3.72043021	1.211
3.74735456	1.2049
3.74736372	1.1922
3.69698578	1.1868
3.63724662	1.1825
3.61605133	1.1743
3.61176001	1.1671
3.61235368	1.1447
3.60935445	1.1045
3.62405875	1.0538
3.65233198	1.0026
3.69420364	0.9632
3.72772764	0.9385
3.72860606	0.9275
3.71054653	0.9341
3.66757752	0.9629
3.61407762	1.0183
3.54674394	1.0915
3.47376541	1.1695
3.42555322	1.2406
3.40564084	1.296
3.41142502	1.3217
3.4310288	1.3243
3.46555764	1.2932
3.5075007	1.2499
3.53256442	1.2148
3.52447432	1.1936
3.50297161	1.192
3.47177456	1.2067
3.44301831	1.2204
3.40756175	1.2366
3.37173808	1.2638
3.35805122	1.2846
3.37794416	1.2947
3.41967096	1.2884
3.47030673	1.2713
3.50552932	1.269
3.50634244	1.2708
3.4961272	1.2641
3.4959701	1.2536
3.50425503	1.2465
3.49549779	1.241
3.47847337	1.231
3.46497354	1.2226
3.47006224	1.2206
3.48108688	1.2177
3.49212866	1.217
3.49900407	1.2057
3.51577345	1.2
3.54794781	1.2088
3.56382946	1.2147
3.55416911	1.2058
3.52619287	1.2001
3.50618644	1.1967
3.50135572	1.197
3.48878838	1.1921
3.45643733	1.195
3.41691726	1.1959
3.39278076	1.1984
3.40781278	1.1998
3.44158375	1.213
3.4588093	1.2207
3.45515142	1.2391
3.43466003	1.2639
3.42813182	1.2849
3.43850313	1.2939
3.43724218	1.3027
3.42792585	1.3014
3.40822609	1.3121
3.39650314	1.315
3.40440503	1.3101
3.42367363	1.2893
3.41724887	1.281
3.38936157	1.2766
3.36024419	1.2634
3.3645995	1.2394
3.37426628	1.2168
3.36415981	1.2109
3.34202782	1.21
3.32881728	1.204
3.3457666	1.194
3.40927586	1.1839
3.46794759	1.1897
3.48814896	1.2061
3.47889092	1.2086
3.4800054	1.1875
3.49955407	1.17
3.52788857	1.1728
3.53607916	1.1872
3.53418978	1.2001
3.53791361	1.198
3.54405429	1.1845
3.53629312	1.1859
3.51557391	1.1856
3.50432761	1.1949
3.50109364	1.2108
3.49045808	1.226
3.47667419	1.2347
3.47576555	1.2385
3.48497164	1.238
3.49790058	1.2406
3.50937976	1.2326
3.50140095	1.2048
3.49045149	1.1793
3.47976813	1.1614
3.47907332	1.1606
3.48599867	1.1579
3.47886699	1.1473
3.46071649	1.1417
3.47056491	1.139
3.52028963	1.1528
3.57859743	1.1744
3.60180489	1.1894
3.60528153	1.1984
3.6265018	1.2161
3.66628659	1.2299
3.67727393	1.2338
3.62737386	1.2218
3.55063091	1.1981
3.49706212	1.1858
3.48418989	1.1742
3.47042045	1.1548
3.4491264	1.1304
3.44567528	1.0989
3.4840747	1.0777
3.52794149	1.0812
3.53277199	1.105
3.50530094	1.1439
3.46705996	1.1915
3.4411567	1.2432
3.42668818	1.2916
3.41041486	1.3262
3.39816191	1.3421
3.40664833	1.3118
3.44408957	1.2519
3.50297466	1.1927
3.55809319	1.1401
3.58049418	1.1092
3.5809033	1.1033
3.58007091	1.1214
3.57359877	1.1597
3.55319079	1.2052
3.52605617	1.2397
3.50746803	1.2514
3.50054753	1.2356
3.50389102	1.2058
3.52217379	1.1729
3.53751277	1.1456
3.53471433	1.1199
3.50081994	1.1138
3.45480675	1.1279
3.42560202	1.1627
3.42156122	1.2041
3.42977713	1.2162
3.4340375	1.2199
3.44667771	1.2121
3.48066256	1.2035
3.51506602	1.193
3.53102914	1.1859
3.51082962	1.1821
3.46592016	1.1873
3.41170722	1.2319
3.38674825	1.2984
3.37753443	1.3772
3.37688062	1.4314
3.38397704	1.4537
3.41415079	1.4416
3.46907952	1.4073
3.5249324	1.3479
3.54269489	1.2657
3.51176986	1.1875
3.45700958	1.1324
3.404038	1.1203
3.35557214	1.1449
3.30719814	1.1857
3.27405299	1.2294
3.27616396	1.2648
3.33889631	1.2947
3.44182931	1.3064
3.55068166	1.3054
3.6295216	1.2822
3.65857095	1.2686
3.64711959	1.2651
3.61728011	1.2661
3.56083487	1.2816
3.49698724	1.2973
3.43061864	1.3053
3.38820239	1.308
3.3808812	1.3119
3.4010289	1.3076
3.44032415	1.2834
3.48724445	1.2598
3.53474923	1.2404
3.55789926	1.2383
3.54470297	1.2514
3.49418322	1.2742
3.44001604	1.2908
3.40598156	1.2986
3.39021849	1.2936
3.40129426	1.2813
3.38689787	1.2644
3.420396	1.2099
3.44340578	1.1716
3.47153483	1.1436
3.50565262	1.1489
3.53199972	1.1828
3.5322707	1.2407
3.50624725	1.3089
3.47228815	1.3798
3.45916208	1.4109
3.47603243	1.4023
3.49986904	1.3572
3.51195944	1.2943
3.50279624	1.2274
3.48830469	1.1791
3.50000682	1.1461
3.52951107	1.1383
3.5372139	1.1622
3.51698904	1.2139
3.48975377	1.2868
3.47774568	1.3602
3.47012738	1.4175
3.46016757	1.4474
3.44182264	1.4465
3.40533888	1.4259
3.37493001	1.4051
3.36434241	1.3848
3.37009776	1.3726
3.37743977	1.3734
3.38657368	1.3973
3.39946065	1.4382
3.43294638	1.4684
3.46491798	1.4807
3.47913919	1.4702
3.48514015	1.4314
3.47848173	1.3793
3.45641945	1.3121
3.42838166	1.2588
3.40024638	1.2309
3.37822372	1.2253
3.35721057	1.2433
3.35108843	1.2697
3.35831484	1.3014
3.37972756	1.3306
3.39751032	1.334
3.41770453	1.3254
3.42396597	1.3124
3.41195577	1.3066
3.38934903	1.3186
3.36831443	1.3457
3.3549061	1.3633
3.35237309	1.3841
3.35770857	1.411
3.38708478	1.4029
3.40688761	1.4004
3.43474963	1.3748
3.47746191	1.3443
3.51183764	1.3186
3.52783472	1.3077
3.51488518	1.3279
3.48913993	1.3641
3.45892292	1.3981
3.4231081	1.4106
3.39374605	1.4017
3.38206248	1.3876
3.3866414	1.377
3.39755659	1.3409
3.41395487	1.2863
3.4256942	1.2481
3.44659769	1.234
3.47649883	1.2479
3.51429769	1.2833
3.52683349	1.3254
3.50824074	1.3598
3.48483952	1.367
3.46746691	1.3669
3.46824413	1.357
3.47333942	1.3298
3.45722573	1.2928
3.40982783	1.2488
3.36260682	1.2176
3.35199229	1.2106
3.363087	1.2182
3.35031012	1.2527
3.32402749	1.2721
3.31455976	1.2854
3.33523413	1.2967
3.36421923	1.2943
3.37698137	1.2714
3.38339062	1.2387
3.40924233	1.2125
3.46063531	1.2184
3.50317343	1.2432
3.51982833	1.2862
3.51479384	1.3321
3.52673408	1.376
3.53714261	1.4115
3.53754706	1.4241
3.52311429	1.4174
3.50451165	1.3872
3.49533368	1.3348
3.5136028	1.2853
3.53215385	1.2514
3.53121108	1.2379
3.51516797	1.2363
3.49071503	1.2337
3.46506528	1.2311
3.43802757	1.2186
3.4032403	1.2058
3.38057879	1.1801
3.37232338	1.1513
3.34844348	1.1492
3.37267851	1.1594
3.39460958	1.1709
3.39307673	1.1877
3.38716359	1.1969
3.36890492	1.2021
3.34572103	1.2131
3.31031253	1.231
3.27028999	1.23
3.24186361	1.2219
3.23956249	1.2359
3.25800843	1.2696
3.28781816	1.3132
3.31038572	1.3502
3.32092464	1.3786
3.32644704	1.3944
3.3315689	1.4086
3.34564874	1.4239
3.34210378	1.4154
3.33383256	1.3814
3.33062607	1.3184
3.34832937	1.2488
3.39361448	1.1916
3.44642658	1.1564
3.49616433	1.1545
3.53425728	1.1758
3.55216207	1.215
3.55269727	1.2617
3.55184181	1.2975
3.5565008	1.3074
3.55727491	1.3004
3.5513711	1.2824
3.53181336	1.2643
3.51699559	1.2607
3.51451403	1.2667
3.5321548	1.2686
3.57496763	1.2731
3.60841899	1.2914
3.62161813	1.2988
3.60394892	1.3025
3.55893828	1.2744
3.49970959	1.2412
3.44283382	1.2272
3.40288476	1.2318
3.39051865	1.2476
3.41441318	1.2511
3.44866899	1.2531
3.48028433	1.2573
3.50736037	1.2649
3.51433535	1.2693
3.49183278	1.2648
3.43899886	1.2672
3.38015192	1.2832
3.33819446	1.3089
3.32472934	1.3421
3.33500191	1.3575
3.3599173	1.3561
3.3933958	1.3268
3.43165902	1.2904
3.46738114	1.2566
3.48847991	1.2316
3.48170085	1.2002
3.45419112	1.2015
3.43579074	1.2217
3.42841042	1.2617
3.41976773	1.3033
3.38648012	1.3305
3.34268413	1.3392
3.31275015	1.3286
3.30096789	1.3219
3.31310608	1.3196
3.34187398	1.3126
3.3836798	1.2658
3.43177673	1.1953
3.49509423	1.1307
3.56170583	1.0947
3.61434942	1.0907
3.6450033	1.1044
3.63556749	1.138
3.59608453	1.1644
3.53685743	1.1847
3.49136787	1.211
3.47915931	1.2228
3.48352119	1.2102
3.4958582	1.1826
3.49619682	1.1623
3.5128904	1.1484
3.55735829	1.1313
3.59310004	1.1204
3.59835792	1.1173
3.57789284	1.1288
3.53899447	1.1482
3.51207217	1.174
3.48269489	1.1956
3.44269208	1.209
3.42278921	1.213
3.43098678	1.2288
3.45536484	1.2319
3.49354005	1.2391
3.53552412	1.2555
3.57016292	1.2646
3.59120214	1.2692
3.58931641	1.2758
3.56455958	1.2972
3.53056654	1.3289
3.49577704	1.3625
3.47485389	1.3777
3.45610891	1.3747
3.45648447	1.3596
3.48209134	1.3292
3.51968176	1.2818
3.55833105	1.2343
3.56580087	1.1891
3.54031122	1.1642
3.51046534	1.1594
3.49779144	1.172
3.49322033	1.1957
3.47647564	1.2344
3.44605734	1.263
3.44078513	1.2775
3.47191973	1.2725
3.51276618	1.2619
3.55160878	1.2493
3.55228879	1.2352
3.54480252	1.2206
3.55598585	1.2182
3.57917374	1.2324
3.58743414	1.2754
3.57162728	1.3108
3.53753568	1.331
3.52624052	1.3175
3.5267382	1.2917
3.51628228	1.2759
3.49489733	1.2532
3.46576963	1.2282
3.46738488	1.1951
3.49215794	1.1549
3.51506596	1.1422
3.52251332	1.16
3.51450875	1.1916
3.51425892	1.2129
3.53585163	1.2304
3.56589934	1.247
3.60694431	1.2503
3.64608193	1.2265
3.67789833	1.1791
3.69286936	1.1255
3.68215906	1.101
3.66318989	1.1094
3.67069763	1.1311
3.70586759	1.145
3.72562793	1.1569
3.70469187	1.1764
3.66469366	1.2023
3.63883685	1.2121
3.62743802	1.2165
3.6235394	1.2146
3.60732455	1.2162
3.59387159	1.2203
3.57924139	1.2391
3.57935173	1.2471
3.58881206	1.2341
3.60354422	1.2049
3.61840048	1.1817
3.62726782	1.165
3.60990165	1.1553
3.58520421	1.1538
3.57382902	1.1597
3.57176198	1.2014
3.54979887	1.2684
3.51130327	1.3135
3.46208985	1.3256
3.41411622	1.3171
3.40284503	1.298
3.42596151	1.2748
3.46028041	1.243
3.47386167	1.2187
3.48814217	1.2008
3.54797793	1.1783
3.64329909	1.1794
3.70123986	1.2014
3.67356512	1.2459
3.60344373	1.2775
3.53238047	1.3126
3.48826196	1.3264
3.45234833	1.3247
3.41003964	1.3177
3.37616453	1.2876
3.36780547	1.2333
3.40157653	1.1689
3.44540692	1.1155
3.48489096	1.0917
3.50463439	1.0833
3.51120707	1.1013
3.49856326	1.139
3.47760959	1.1835
3.44736214	1.2379
3.44249767	1.2785
3.46490345	1.2917
3.49144051	1.2857
3.51987626	1.2643
3.55645888	1.2458
3.61586848	1.2329
3.6609562	1.2238
3.66472429	1.2091
3.62250243	1.2143
3.55723506	1.2263
3.50992686	1.2464
3.47775625	1.2454
3.45698179	1.2385
3.44702429	1.2334
3.44922146	1.2298
3.46936524	1.2343
3.48942182	1.2248
3.49230243	1.2163
3.47116708	1.2273
3.43680581	1.2429
3.40348016	1.2591
3.37340126	1.262
3.35664059	1.2496
3.36428333	1.242
3.40130378	1.2375
3.46011336	1.237
3.51252768	1.2396
3.52294302	1.2437
3.51357263	1.2483
3.47023527	1.2555
3.41063991	1.2597
3.35177214	1.2534
3.30001062	1.2482
3.27038113	1.2195
3.27202323	1.1773
3.33317119	1.1128
3.43676608	1.0508
3.53047471	1.0086
3.56281643	0.9798
3.53728818	0.9783
3.48833844	1.0103
3.42930279	1.0495
3.36273178	1.0786
3.30355185	1.0847
3.27269011	1.0752
3.29585653	1.0326
3.39394011	0.9889
3.55777799	0.9496
3.71957571	0.9148
3.81663206	0.8836
3.8092768	0.8774
3.7175103	0.902
3.58180101	0.9593
3.46814767	1.0403
3.37416154	1.1248
3.29968443	1.1844
3.27206162	1.2346
3.28019465	1.2362
3.33272403	1.2087
3.41042253	1.1642
3.4761312	1.1411
3.51678686	1.1401
3.53513838	1.1596
3.5324545	1.1832
3.49567488	1.2201
3.44674941	1.2593
3.40991667	1.304
3.40772748	1.3413
3.4239432	1.3504
3.44125894	1.3374
3.4436471	1.3115
3.43925242	1.2946
3.44469013	1.2917
3.45502806	1.2917
3.4589011	1.2868
3.44288948	1.272
3.41459395	1.2545
3.40610847	1.2351
3.42548839	1.2243
3.46534148	1.2169
3.50430283	1.1988
3.50918111	1.1845
3.48174069	1.1973
3.44746846	1.2443
3.43068838	1.3125
3.41542451	1.3645
3.39302694	1.3945
3.37679298	1.4064
3.38137056	1.4124
3.40799524	1.3924
3.44144077	1.3555
3.47821709	1.2911
3.4835595	1.2222
3.45945325	1.1949
3.44865521	1.2145
3.43564056	1.2683
3.40423189	1.3145
3.36456363	1.3677
3.33818698	1.4218
3.33940587	1.4584
3.35532947	1.4544
3.37872515	1.4113
3.39255632	1.3321
3.35157681	1.2752
3.35225159	1.2185
3.35517012	1.1981
3.33747446	1.2137
3.29663523	1.2671
3.26810873	1.3401
3.26119354	1.4021
3.27149441	1.4422
3.29414333	1.4477
3.32137613	1.4291
3.34859332	1.3871
3.37660463	1.332
3.3944115	1.2893
3.40099174	1.2695
3.3995974	1.2706
3.39819358	1.297
3.38939431	1.3515
3.36787445	1.427
3.35322644	1.4804
3.35063785	1.497
3.35734189	1.4826
3.35930459	1.4282
3.35327509	1.3457
3.34455065	1.2548
3.33974189	1.1917
3.35530104	1.1452
3.35588775	1.1469
3.31622773	1.1877
3.27375594	1.2502
3.26249945	1.3185
3.2757035	1.3438
3.33828295	1.3143
3.39892992	1.2638
3.48379706	1.2053
3.56711708	1.1532
3.64571617	1.1007
3.70478802	1.0708
3.70931494	1.095
3.64511951	1.1865
3.54388938	1.3211
3.45342706	1.4314
3.40796259	1.4736
3.40150282	1.4701
3.42017204	1.4405
3.45108562	1.3761
3.48812663	1.263
3.5381896	1.1421
3.58871052	1.0692
3.58681752	1.0874
3.51939327	1.1823
3.4248099	1.3021
3.34877504	1.3869
3.31705454	1.4179
3.32082647	1.416
3.35270904	1.4099
3.39927938	1.3876
3.44664959	1.31
3.48406138	1.2139
3.54765316	1.1356
3.61277888	1.1297
3.61803412	1.1992
3.56404106	1.2783
3.50285197	1.3157
3.47240196	1.3164
3.49563958	1.2855
3.56449432	1.2459
3.63360149	1.1885
3.65283205	1.1186
3.62365736	1.0789
3.56044993	1.1079
3.50739798	1.1889
3.44506384	1.2835
3.38231876	1.3439
3.32815447	1.3652
3.30236285	1.3542
3.31808445	1.3144
3.40074108	1.2358
3.54691816	1.1222
3.66970765	1.0209
3.68417383	0.9527
3.60827706	0.9618
3.52357304	1.051
3.46055243	1.1907
3.40786638	1.3177
3.36576551	1.3879
3.34542388	1.4109
3.35182931	1.3974
3.40261049	1.3499
3.49287987	1.2596
3.57113817	1.1698
3.58562955	1.1037
3.54358624	1.089
3.46856122	1.1394
3.37916104	1.2329
3.29909504	1.3267
3.24524817	1.3953
3.22031245	1.4384
3.22446777	1.4454
3.24752752	1.4227
3.29656912	1.3726
3.35820464	1.3208
3.40824857	1.3005
3.4349796	1.2934
3.43485054	1.2993
3.42290152	1.301
3.40408807	1.3081
3.38403726	1.3327
3.3641975	1.3644
3.35829353	1.3813
3.37011876	1.374
3.38718793	1.3605
3.39094629	1.3623
3.37735131	1.3879
3.35486161	1.4287
3.33583219	1.4653
3.32235535	1.4867
3.30852537	1.4932
3.29279142	1.4754
3.28788992	1.4476
3.30339645	1.3979
3.3243344	1.3326
3.3216183	1.2817
3.32769248	1.2623
3.33692629	1.2772
3.33591062	1.3164
3.31840364	1.3721
3.29553772	1.4059
3.2792671	1.4111
3.27744884	1.3994
3.2988045	1.3728
3.34304163	1.3243
3.39217276	1.2661
3.43350691	1.2175
3.48017327	1.208
3.47798868	1.2446
3.44947265	1.3044
3.40942242	1.3531
3.36778422	1.3913
3.33373038	1.4278
3.31011581	1.4661
3.29978505	1.4885
3.30428066	1.4638
3.31625991	1.4162
3.32472667	1.3795
3.32602521	1.3737
3.33412033	1.3862
3.34346546	1.4054
3.35261526	1.4125
3.36418457	1.4268
3.3840135	1.4402
3.41207625	1.4418
3.44939915	1.4327
3.48281752	1.418
3.50752725	1.4
3.51935066	1.3764
3.51671197	1.3639
3.4912712	1.366
3.43502884	1.3786
3.37320834	1.3864
3.33374723	1.3794
3.31761364	1.3445
3.32523125	1.2953
3.36423295	1.2271
3.42600188	1.17
3.5048972	1.1469
3.5769188	1.173
3.59985237	1.2291
3.56988068	1.292
3.50417239	1.3552
3.43444889	1.4097
3.37477283	1.4755
3.33759329	1.5132
3.31517134	1.5094
3.31606593	1.4619
3.35549258	1.3808
3.42521261	1.3139
3.49847887	1.2762
3.53789279	1.272
3.54693006	1.2933
3.51909452	1.3217
3.46381185	1.3488
3.40965528	1.3834
3.3644751	1.4233
3.3421986	1.4349
3.35078666	1.4055
3.37786467	1.3645
3.41680534	1.3232
3.45880279	1.284
3.4913855	1.2747
3.5017677	1.2803
3.4787832	1.2962
3.43275546	1.31
3.38591944	1.3081
3.36065136	1.2995
3.36084652	1.2859
3.38209386	1.2638
3.40684675	1.2478
3.43377434	1.2396
3.46508814	1.2434
3.48456413	1.2614
3.46986516	1.3012
3.42413157	1.3358
3.36269258	1.3678
3.31028893	1.3905
3.28487447	1.3863
3.2877055	1.342
3.32230095	1.2661
3.37916463	1.2003
3.44667308	1.1621
3.51871974	1.1438
3.55019198	1.1379
3.52293202	1.1591
3.45916016	1.2024
3.39437338	1.2512
3.3564572	1.2979
3.34292948	1.3241
3.35647379	1.3294
3.39689526	1.3206
3.466546	1.3018
3.53921447	1.277
3.60310991	1.2659
3.63216452	1.2702
3.60861644	1.2823
3.53997798	1.3018
3.45589567	1.3282
3.38812533	1.3459
3.33814835	1.3562
3.31322981	1.3541
3.30975943	1.3289
3.3182559	1.2904
3.32629046	1.2544
3.34322907	1.2245
3.36321761	1.218
3.38288301	1.2124
3.37901318	1.2214
3.34750867	1.2441
3.31895806	1.2661
3.31116196	1.283
3.32613231	1.2978
3.34167482	1.298
3.35087924	1.2998
3.36435639	1.3158
3.39274712	1.3354
3.4235372	1.3608
3.45561855	1.3743
3.47428249	1.3584
3.47514185	1.3436
3.47642479	1.3216
3.49300093	1.2983
3.51837448	1.2829
3.51424193	1.2806
3.48503693	1.2848
3.43824763	1.2904
3.39594499	1.2897
3.36507094	1.3096
3.34981185	1.3248
3.34583525	1.3301
3.36027159	1.3032
3.39972454	1.2613
3.46599364	1.2106
3.54978175	1.1699
3.60718894	1.1344
3.60265603	1.0983
3.56	1.05
3.5149305	1.0379
3.51171437	1.0575
3.54558759	1.1037
3.58458696	1.1474
3.61025604	1.1775
3.61450518	1.1924
3.61486897	1.1718
3.60535685	1.1474
3.59377929	1.102
3.55827796	1.0555
3.50291944	1.007
3.45223976	0.9743
3.45319383	0.9742
3.51945248	0.9878
3.62885048	1.0024
3.73151937	1.0046
3.78216744	1.0054
3.77463116	1.0196
3.7193657	1.0477
3.6440884	1.099
3.56776902	1.1366
3.46079182	1.1691
3.44026461	1.1836
3.45471785	1.1897
3.49632534	1.1759
3.55878693	1.1319
3.64568506	1.0789
3.722416	1.0471
3.74794108	1.045
3.67998344	1.0831
3.55667365	1.122
3.41399729	1.1625
3.31057191	1.2069
3.26074571	1.2442
3.27268739	1.2666
3.32042561	1.268
3.39217103	1.2428
3.45971272	1.2192
3.50233173	1.1979
3.52524119	1.2012
3.53393219	1.2214
3.51982824	1.2402
3.48498563	1.2441
3.45416138	1.2357
3.43866005	1.2222
3.4484093	1.2122
3.46825352	1.2008
3.47830546	1.199
3.46955527	1.2142
3.43618728	1.2477
3.38807383	1.2877
3.33558101	1.3258
3.29499974	1.3487
3.29303439	1.3444
3.28234726	1.2955
3.29298711	1.2299
3.32717468	1.1639
3.38093836	1.1236
3.44710615	1.1076
3.49642322	1.1277
3.49771061	1.1693
3.44615386	1.2414
3.38624965	1.3065
3.33799382	1.3517
3.31777177	1.362
3.31429644	1.3354
3.32545789	1.2939
3.34663347	1.2354
3.39407567	1.1615
3.47321181	1.0785
3.55212042	1.0139
3.6016316	0.9706
3.59941038	0.9421
3.57431812	0.9251
3.55566429	0.9349
3.54025239	0.9351
3.53798871	0.9227
3.54496857	0.9114
3.54500987	0.9057
3.55640603	0.9003
3.58611443	0.9001
3.61296235	0.9162
3.61869058	0.9396
3.60017613	0.9511
3.57272403	0.9424
3.55508026	0.9337
3.55752099	0.9362
3.56526398	0.9568
3.58923194	0.9806
3.60352443	1.0037
3.58315916	1.0156
3.54958777	1.0491
3.50293385	1.1098
3.44851033	1.1696
3.38950048	1.2008
3.35052594	1.2107
3.35888345	1.2199
3.42147973	1.2135
3.51300631	1.2061
3.58901723	1.1865
3.63704808	1.1468
3.6485619	1.106
3.64353908	1.1047
3.62543245	1.1494
3.56556831	1.2061
3.46638973	1.2574
3.39576261	1.2881
3.38136027	1.3099
3.40551949	1.3196
3.43588489	1.2895
3.45192175	1.2134
3.4653645	1.0901
3.48345356	1.0003
3.51409796	0.9622
3.50346981	0.9929
3.45405174	1.0818
3.40328506	1.1915
3.36734967	1.2921
3.34492862	1.3571
3.33345143	1.3675
3.33904006	1.3428
3.36292841	1.3024
3.39405658	1.244
3.44527267	1.1895
3.46688259	1.1511
3.44827378	1.1722
3.40121085	1.2468
3.36145221	1.3235
3.34225273	1.385
3.33740559	1.4181
3.33821823	1.4276
3.34587006	1.4225
3.35815999	1.3796
3.37209679	1.3057
3.38458115	1.2297
3.38694027	1.1857
3.36997092	1.2039
3.34204653	1.2549
3.32460529	1.3054
3.33433136	1.344
3.3430719	1.3895
3.38321724	1.397
3.41435363	1.3729
3.43655636	1.3106
3.44273449	1.2248
3.43878458	1.1488
3.40141877	1.0997
3.32955447	1.1078
3.26039247	1.169
3.22397743	1.2688
3.23089606	1.3481
3.2526328	1.3802
3.2762316	1.3804
3.30735364	1.3568
3.34402954	1.3092
3.3842984	1.2398
3.4228355	1.1747
3.41809691	1.1358
3.36471392	1.1447
3.30394085	1.2083
3.27315596	1.2939
3.27196273	1.3702
3.27289168	1.409
3.27620822	1.4242
3.28886233	1.4172
3.3160261	1.3871
3.35347077	1.332
3.37649665	1.2686
3.37913998	1.2157
3.36330135	1.2019
3.34496969	1.2623
3.33424308	1.3417
3.33806783	1.4115
3.34509168	1.4176
3.35717306	1.3975
3.37172823	1.3719
3.41383427	1.3358
3.47138823	1.2942
3.51103794	1.2527
3.52948441	1.222
3.52240622	1.2239
3.49131529	1.272
3.45261629	1.3229
3.43963964	1.3396
3.39909157	1.3415
3.37213779	1.3244
3.35664894	1.3033
3.35802758	1.2744
3.37250525	1.2368
3.3854214	1.2069
3.38553208	1.2033
3.37583673	1.2376
3.36147036	1.3157
3.35187455	1.3868
3.34667525	1.4222
3.34673844	1.4239
3.34614844	1.403
3.34235888	1.3625
3.3332601	1.305
3.3369676	1.2381
3.36577716	1.1825
3.40296255	1.1582
3.4302012	1.1807
3.42957606	1.2371
3.41216294	1.2997
3.40125246	1.3521
3.41296421	1.3787
3.44268054	1.3808
3.46892761	1.3542
3.48602811	1.3001
3.4974737	1.2365
3.51766467	1.1746
3.53491338	1.1342
3.53118308	1.1245
3.5164939	1.1363
3.51014046	1.1599
3.52100394	1.1825
3.54839006	1.2101
3.59021548	1.2235
3.62185731	1.2295
3.63913474	1.2238
3.62741517	1.2205
3.58670401	1.227
3.53082316	1.2489
3.46275185	1.2796
3.39979423	1.3064
3.35191167	1.3279
3.33739055	1.3338
3.34741434	1.3314
3.37398432	1.3196
3.40911632	1.2986
3.4369799	1.2857
3.46564448	1.2734
3.47712245	1.27
3.4599855	1.2782
3.42932877	1.2882
3.39732425	1.291
3.37733889	1.2894
3.37591983	1.2753
3.404984	1.2513
3.45400899	1.2158
3.51988201	1.1499
3.60947293	1.0863
3.70641462	1.0307
3.77637332	1.0124
3.6714634	1.0258
3.59610994	1.0646
3.48462524	1.1025
3.38748104	1.1281
3.33011434	1.1436
3.31420211	1.1454
3.31953938	1.1155
3.35086732	1.0484
3.42243214	0.9655
3.507946	0.9029
3.57300627	0.8652
3.5620308	0.8905
3.5045205	0.964
3.44307027	1.0643
3.38819633	1.1689
3.35166793	1.2601
3.33789642	1.3295
3.33730486	1.3593
3.34497915	1.3415
3.36401346	1.2759
3.38885777	1.1889
3.39971829	1.1307
3.40048207	1.114
3.38787878	1.1415
3.36722425	1.1756
3.3360724	1.2311
3.32269081	1.283
3.32411399	1.3112
3.34288248	1.3
3.37185746	1.2431
3.39577372	1.1814
3.42531292	1.1404
3.45561812	1.1294
3.46957237	1.1385
3.45558283	1.1764
3.42530431	1.2367
3.39101388	1.3037
3.37162699	1.3422
3.3765268	1.358
3.41146386	1.3205
3.47816126	1.2414
3.57484446	1.1451
3.66134037	1.0652
3.67806733	1.0285
3.60052807	1.0449
