3.43944769	1.4574
3.4450968	1.408
3.46478068	1.366
3.48648859	1.3583
3.49425362	1.3845
3.48131547	1.3995
3.45888301	1.4103
3.4434648	1.4198
3.42696511	1.4322
3.397299	1.4522
3.36745756	1.4458
3.35177589	1.4214
3.36378529	1.3878
3.40625815	1.3521
3.45270379	1.3151
3.49752626	1.2838
3.52619744	1.2585
3.52167065	1.2657
3.49222622	1.2956
3.46815825	1.3336
3.44602954	1.3731
3.43921673	1.4087
3.43892522	1.4461
3.45170634	1.4678
3.47736904	1.4621
3.51523162	1.4297
3.57134232	1.3724
3.62391039	1.3174
3.63027507	1.2911
3.57604411	1.3043
3.51810654	1.328
3.46545542	1.355
3.417605	1.3745
3.37833972	1.3881
3.36319565	1.3825
3.38506147	1.3572
3.44838681	1.3083
3.52334757	1.2471
3.57605405	1.2059
3.59920005	1.1883
3.58824901	1.229
3.53478811	1.3183
3.47383012	1.4288
3.42062977	1.525
3.38885646	1.587
3.38188162	1.6113
3.38922355	1.6081
3.4182012	1.5581
3.46526884	1.4662
3.52739185	1.3651
3.5774806	1.2746
3.57095655	1.2269
3.50441657	1.2384
3.4205431	1.2927
3.3410517	1.3655
3.28107093	1.4427
3.2517226	1.4994
3.25204028	1.53
3.27837385	1.5297
3.32069776	1.4999
3.3752225	1.46
3.42728367	1.4226
3.44811931	1.3924
3.43318275	1.3897
3.39294144	1.4085
3.33657658	1.4692
3.29955951	1.5443
3.29245477	1.5899
3.3134469	1.5859
3.35557736	1.5356
3.39737206	1.472
3.44124696	1.4002
3.48803799	1.3402
3.55158776	1.2943
3.58050357	1.2925
3.53099265	1.3305
3.43207929	1.4034
3.3520844	1.4664
3.30816389	1.5027
3.31042173	1.4991
3.34864789	1.4736
3.42297997	1.4207
3.51562761	1.3602
3.59186869	1.3081
3.62667425	1.2643
3.6083249	1.2575
3.56358358	1.307
3.50060459	1.3975
3.42133401	1.5033
3.35580236	1.5715
3.32462989	1.5944
3.33384435	1.5799
3.37984751	1.5216
3.44309651	1.4301
3.50273925	1.3362
3.54665424	1.2686
3.54884682	1.2511
3.49805044	1.2737
3.40421014	1.3214
3.30560067	1.386
3.24363113	1.4435
3.23625482	1.4689
3.27119958	1.4492
3.33763894	1.3852
3.42139091	1.2943
3.51115758	1.2361
3.60334059	1.2213
3.62900105	1.2707
3.5778408	1.3483
3.47267208	1.4436
3.37072417	1.5344
3.30970883	1.5904
3.28384196	1.6085
3.28469501	1.5772
3.30987894	1.4828
3.35777568	1.3645
3.42213686	1.2728
3.46518274	1.2429
3.47110871	1.2671
3.4275383	1.3418
3.37542587	1.436
3.33346632	1.5213
3.31872532	1.5862
3.32986392	1.6316
3.35765995	1.6358
3.41378342	1.543
3.50892921	1.3823
3.61759584	1.2482
3.69415063	1.1881
3.70976473	1.1837
3.62959481	1.2146
3.49038254	1.2739
3.34700829	1.3609
3.24660167	1.4553
3.20138561	1.4971
3.20469173	1.4797
3.24072215	1.4176
3.28559945	1.3474
3.33685212	1.2816
3.39837541	1.2245
3.45466222	1.182
3.47502123	1.1678
3.45508324	1.199
3.42757351	1.261
3.39519995	1.3261
3.38441691	1.3578
3.39925906	1.3598
3.41568988	1.354
3.415059	1.3618
3.40807479	1.3784
3.39826512	1.394
3.36798235	1.3981
3.31064703	1.4045
3.24983647	1.4359
3.22268271	1.4655
3.23504494	1.4743
3.28065126	1.4503
3.34201745	1.3985
3.40412694	1.33
3.46693036	1.2699
3.53778108	1.2324
3.59204899	1.231
3.57825857	1.2603
3.48767882	1.3112
3.37710869	1.3701
3.31223921	1.4191
3.31282894	1.4387
3.35403948	1.4261
3.39704748	1.3834
3.44752035	1.3064
3.52103356	1.2247
3.60814682	1.1695
3.64943359	1.1716
3.5833975	1.2204
3.44258126	1.3394
3.33108758	1.4683
3.27633338	1.5469
3.25741149	1.5554
3.26621085	1.5285
3.29390621	1.4893
3.34713714	1.4085
3.44481464	1.287
3.59539611	1.171
3.70389837	1.1237
3.71143395	1.1471
3.62071644	1.239
3.50707001	1.3708
3.41543099	1.4877
3.36728685	1.554
3.3673028	1.5695
3.41009305	1.5522
3.4781041	1.4795
3.56608099	1.3514
3.67483062	1.2321
3.75774812	1.1644
3.74843793	1.1579
3.64842859	1.1931
3.50451606	1.2453
3.37925837	1.2951
3.3168158	1.3156
3.31750374	1.3066
3.39007781	1.2767
3.51361532	1.2418
3.64548866	1.1987
3.73800052	1.1615
3.75774648	1.1638
3.7206636	1.2457
3.6518553	1.3762
3.56681799	1.4962
3.50039928	1.5713
3.46155241	1.5863
3.4670077	1.5429
3.52421057	1.4574
3.61811223	1.3436
3.69297911	1.2402
3.70098278	1.1742
3.63956665	1.17
3.55807995	1.2374
3.46383405	1.3657
3.36312033	1.5191
3.2934595	1.6253
3.26695451	1.6637
3.27533102	1.6667
3.32004979	1.6342
3.40419216	1.5319
3.5218361	1.3732
3.60588603	1.2167
3.61004701	1.1436
3.55322675	1.1809
3.46040641	1.292
3.34919857	1.4154
3.25855455	1.4981
3.20847439	1.5168
3.20779952	1.4864
3.25223152	1.4332
3.32888067	1.361
3.39916275	1.2884
3.44358083	1.2312
3.4573441	1.2288
3.43757125	1.2856
3.38510447	1.3836
3.31331269	1.501
3.27064579	1.5999
3.26652519	1.6486
3.28290935	1.6569
3.32004166	1.6238
3.3711317	1.5463
3.41918278	1.44
3.44228332	1.3502
3.43945692	1.3205
3.39819408	1.3629
3.33505227	1.456
3.27650755	1.5599
3.24462364	1.6216
3.2258249	1.6312
3.21995157	1.6169
3.23283904	1.593
3.26898901	1.5467
3.31844928	1.4553
3.3733826	1.35
3.42006006	1.2849
3.43480318	1.3081
3.41132704	1.4199
3.37295697	1.5678
3.33575175	1.6521
3.30290341	1.6467
3.28230213	1.602
3.27968562	1.5406
3.313141	1.4512
3.39123613	1.3413
3.49827775	1.2437
3.58025106	1.2087
3.58594124	1.2618
3.54020955	1.3788
3.46565643	1.5134
3.39091635	1.5952
3.33177458	1.6159
3.30272311	1.5834
3.32774185	1.504
3.41472083	1.3835
3.55033177	1.2547
3.67853234	1.1511
3.74802938	1.1021
3.71039803	1.1308
3.60395563	1.2394
3.48956594	1.3885
3.40015758	1.4915
3.33736259	1.5251
3.32265731	1.5161
3.36792858	1.4778
3.46494904	1.402
3.59948901	1.2869
3.71096903	1.178
3.72139966	1.1191
3.62933101	1.1205
3.49163531	1.1957
3.3905485	1.3201
3.33682043	1.4477
3.31711906	1.5336
3.32753312	1.5733
3.36755531	1.5685
3.44053884	1.5148
3.54566558	1.4285
3.65565855	1.3419
3.72839259	1.2895
3.7400087	1.2751
3.69698426	1.3006
3.61692901	1.3494
3.53848594	1.4135
3.49287747	1.4789
3.49352417	1.4911
3.53634963	1.4696
3.60265039	1.4196
3.67310987	1.3613
3.71535693	1.3132
3.73423078	1.2781
3.70633459	1.2633
3.61663181	1.2789
3.48914569	1.3186
3.3573701	1.3639
3.25950662	1.3886
3.20862911	1.3861
3.21221251	1.3679
3.26550737	1.3389
3.36000202	1.2932
3.47241574	1.263
3.57663241	1.2563
3.66366705	1.272
3.70593764	1.3122
3.67049218	1.365
3.58169586	1.436
3.48395287	1.5058
3.42169809	1.5479
3.39860396	1.558
3.39681033	1.5379
3.40076876	1.4985
3.41296943	1.444
3.4390637	1.3845
3.46548221	1.3413
3.4724315	1.3235
3.44809352	1.3304
3.40332825	1.3518
3.35898692	1.3833
3.33435409	1.415
3.33763881	1.4456
3.36971332	1.4693
3.42029618	1.4751
3.47661885	1.4505
3.52924736	1.4077
3.56940372	1.3794
3.58132459	1.3793
3.5624866	1.4027
3.52804886	1.4336
3.50030459	1.4489
3.49601789	1.4496
3.49593982	1.4373
3.48760886	1.4103
3.47188546	1.3637
3.46255297	1.2933
3.46639422	1.2404
3.48781477	1.2356
3.47855181	1.278
3.43163662	1.3584
3.38768584	1.4525
3.36300194	1.5258
3.36167463	1.5779
3.38220829	1.604
3.40628447	1.6029
3.44051942	1.5551
3.4957713	1.461
3.55993868	1.366
3.57984312	1.3146
3.53412302	1.3093
3.45187855	1.3523
3.35473533	1.4245
3.28892292	1.4949
3.259348	1.5356
3.25693231	1.5472
3.26814556	1.5446
3.29947905	1.5099
3.37277226	1.4198
3.46318972	1.3352
3.53622387	1.2901
3.56316183	1.2787
3.52867565	1.2828
3.44630696	1.311
3.37014579	1.3636
3.32759339	1.4149
3.32174417	1.4351
3.34481425	1.4186
3.39111269	1.3656
3.45762362	1.2979
3.54556983	1.2252
3.6261917	1.1602
3.66660803	1.1058
3.63526649	1.0765
3.54186042	1.0925
3.44055041	1.1555
3.35585145	1.2297
3.29245332	1.2959
3.25243928	1.3375
3.23495835	1.3567
3.25206046	1.3465
3.29542831	1.3195
3.3522266	1.2909
3.41892283	1.2652
3.46807964	1.2639
3.50571016	1.2821
3.53799606	1.3174
3.53540381	1.3599
3.50603729	1.3942
3.46207531	1.4163
3.44785131	1.4166
3.46652635	1.398
3.49355993	1.3667
3.4994903	1.3337
3.48356168	1.3192
3.45604409	1.3202
3.43273821	1.3448
3.40682586	1.3716
3.37654624	1.3972
3.34988333	1.4111
3.33831512	1.4149
3.34646592	1.4171
3.36777834	1.4184
3.38485515	1.4104
3.3838333	1.3947
3.36426407	1.3942
3.35163214	1.4066
3.35069942	1.4253
3.3426842	1.457
3.33468353	1.4827
3.32784405	1.4979
3.32723181	1.5011
3.3488167	1.498
3.37631613	1.4811
3.39007435	1.45
3.39008328	1.4055
3.39605479	1.3753
3.40705078	1.3662
3.40444599	1.3786
3.38399504	1.3996
3.36983881	1.4032
3.37944599	1.398
3.425228	1.383
3.49266585	1.3639
3.57061461	1.3276
3.61375104	1.2967
3.62252632	1.2694
3.61436693	1.2572
3.59255075	1.274
3.54919886	1.3134
3.49588287	1.3537
3.44609595	1.3875
3.42304371	1.3865
3.43224509	1.3505
3.47275989	1.2852
3.5381488	1.2011
3.60737204	1.112
3.66121004	1.0603
3.68423249	1.0514
3.69220469	1.0831
3.67592392	1.1478
3.63243866	1.2287
3.58173016	1.3166
3.53907887	1.3979
3.52131119	1.4399
3.53924057	1.4252
3.59337991	1.3587
3.64447133	1.2696
3.6501941	1.1897
3.62636051	1.1423
3.5876884	1.1331
3.55643999	1.1519
3.53076662	1.195
3.50770076	1.2569
3.49181057	1.3142
3.49707571	1.3428
3.511452	1.3567
3.52371635	1.3568
3.51944516	1.3612
3.51091743	1.3664
3.49764118	1.3707
3.49198837	1.374
3.48139041	1.3783
3.45633465	1.3832
3.42771913	1.3729
3.4152574	1.3461
3.43589373	1.3158
3.47772631	1.3003
3.50453396	1.3009
3.47895084	1.3081
3.42943501	1.3135
3.38851241	1.3309
3.36839318	1.3654
3.36815422	1.3936
3.37481228	1.403
3.40074253	1.3946
3.44508926	1.368
3.49705364	1.3231
3.55055873	1.2694
3.6006639	1.2408
3.62354505	1.2511
3.59104237	1.2895
3.52007364	1.3292
3.45032728	1.3539
3.39524537	1.3822
3.37160964	1.4043
3.37060046	1.4143
3.3932447	1.3869
3.41273629	1.3405
3.44169952	1.2918
3.46977459	1.2709
3.46064859	1.2875
3.41706181	1.3336
3.36755458	1.3946
3.34520792	1.4511
3.33932235	1.4962
3.33356909	1.523
3.33752062	1.5169
3.36234752	1.4756
3.41549966	1.3994
3.49829543	1.3122
3.5859156	1.2395
3.62292987	1.2062
3.57967298	1.2349
3.48585723	1.3222
3.41139816	1.4362
3.36193054	1.5108
3.32877253	1.5267
3.31278173	1.5041
3.31373575	1.4784
3.34095338	1.455
3.40678146	1.4093
3.50421447	1.336
3.57259231	1.2752
3.58209106	1.2432
3.56665019	1.256
3.56504945	1.289
3.56442232	1.3264
3.54833579	1.3494
3.51958105	1.3681
3.49641094	1.394
3.50273177	1.4116
3.53254412	1.4133
3.56363885	1.3997
3.57742603	1.3844
3.57472985	1.3593
3.55776872	1.3422
3.52677116	1.3429
3.48997937	1.3398
3.45198011	1.3351
3.41865858	1.3281
3.40269792	1.3208
3.4165081	1.3132
3.4466953	1.3129
3.48072594	1.3159
3.51616947	1.319
3.54663466	1.3291
3.57572777	1.3454
3.57727172	1.3729
3.53640744	1.4113
3.46795986	1.4335
3.40837333	1.4471
3.40570334	1.4328
3.45045121	1.4171
3.49847856	1.3883
3.5181934	1.3543
3.52181266	1.3262
3.54221552	1.3011
3.56382594	1.2876
3.57402135	1.2912
3.56277283	1.3086
3.53171568	1.3406
3.49410498	1.3826
3.47259649	1.417
3.4651892	1.4475
3.4803355	1.4581
3.51996801	1.4805
3.56498711	1.4988
3.62540561	1.5003
3.66032922	1.4979
3.64470487	1.4976
3.59898119	1.4867
3.55445525	1.4555
3.5335433	1.399
3.54034811	1.3385
3.53700279	1.31
3.53874893	1.2956
3.53489034	1.2852
3.52366807	1.2865
3.51466959	1.2976
3.48439764	1.3351
3.44773387	1.3908
3.40977197	1.4476
3.39141635	1.4877
3.38863924	1.5086
3.39005163	1.5181
3.39621519	1.5066
3.40940571	1.4706
3.45063519	1.3952
3.52315404	1.3076
3.58968216	1.247
3.59793765	1.2265
3.55168636	1.243
3.48927369	1.3042
3.46395599	1.3818
3.44309932	1.446
3.40723237	1.4888
3.37754326	1.5187
3.3710914	1.5347
3.38924232	1.5347
3.43521097	1.5061
3.49177462	1.4621
3.54194839	1.3999
3.5699461	1.3478
3.60796967	1.3122
3.65790134	1.2867
3.69900608	1.277
3.72399034	1.2767
3.70797362	1.2944
3.66734755	1.3348
3.63732398	1.3854
3.60896181	1.4351
3.59093722	1.4673
3.58240332	1.4873
3.5665015	1.4804
3.54823737	1.4494
3.52803607	1.4031
3.52503468	1.3479
3.53957241	1.2842
3.55460491	1.2325
3.54361152	1.211
3.50840103	1.219
3.46952286	1.2434
3.44453221	1.2703
3.43331446	1.2949
3.4396913	1.323
3.46593634	1.3555
3.50618003	1.3738
3.52433733	1.3744
3.51959673	1.3722
3.50370735	1.3695
3.51221866	1.3815
3.53332939	1.403
3.54717797	1.4334
3.52702703	1.4696
3.48625485	1.4796
3.43368591	1.4582
3.39645064	1.4159
3.38382117	1.3846
3.40043644	1.3381
3.4332495	1.2615
3.48327903	1.1827
3.53848662	1.1505
3.5835429	1.1726
3.6140158	1.2301
3.6258506	1.3023
3.6230148	1.3686
3.59392046	1.4306
3.55916513	1.4734
3.54260185	1.4838
3.553607	1.4427
3.57715116	1.3702
3.60617365	1.2923
3.63084899	1.2333
3.62674469	1.198
3.59782861	1.179
3.55969822	1.1757
3.53049292	1.1938
3.51032035	1.2345
3.49632152	1.2883
3.4987083	1.3238
3.5206788	1.3296
3.54453088	1.3348
3.56190115	1.3539
3.58671717	1.3644
3.60992032	1.3541
3.61843861	1.3341
3.61564486	1.3048
3.62580011	1.2552
3.62054534	1.2009
3.60797186	1.1348
3.59234337	1.0792
3.5761216	1.0371
3.57058413	1.0295
3.5685287	1.062
3.56857537	1.1406
3.57800009	1.2335
3.58292153	1.3082
3.5818565	1.3523
3.58068697	1.3615
3.58936883	1.3368
3.59071393	1.2865
3.59971138	1.2327
3.63826745	1.184
3.70341334	1.1414
3.75875506	1.1114
3.78265464	1.1192
3.78704803	1.1559
3.78204146	1.2008
3.75978601	1.2361
3.71516711	1.2672
3.68663621	1.2799
3.66588656	1.2835
3.64236894	1.2882
3.60425809	1.3003
3.565185	1.3255
3.5233312	1.3535
3.50895415	1.3673
3.52305795	1.365
3.55698963	1.3517
3.58575037	1.3353
3.58881904	1.3116
3.58066837	1.2767
3.5801927	1.2345
3.58124796	1.1883
3.5734573	1.1394
3.58383555	1.1078
3.64636034	1.0945
3.72848381	1.1034
3.77906409	1.1157
3.77066002	1.0978
3.71206422	1.0691
3.64404972	1.0496
3.6007171	1.0355
3.5902463	1.0127
3.5796067	1.0011
3.56493861	1.0021
3.5640317	1.011
3.59333828	1.0132
3.62888723	1.0306
3.67609368	1.0559
3.7239582	1.0802
3.73768879	1.1135
3.71554841	1.1458
3.66826362	1.1847
3.62354711	1.2408
3.60664327	1.2997
3.59744274	1.3654
3.59947729	1.4207
3.60898436	1.4501
3.62899097	1.4534
3.64636094	1.4316
3.64889332	1.3836
3.63293661	1.3358
3.62301859	1.2817
3.6260965	1.2348
3.6207216	1.2012
3.59447235	1.1931
3.55016648	1.216
3.52815306	1.2661
3.54474873	1.3219
3.57462543	1.3746
3.596524	1.4054
3.60534298	1.4095
3.6023691	1.3771
3.6015452	1.3167
3.62052616	1.236
3.63557361	1.1616
3.64008235	1.1212
3.61651056	1.1293
3.57314899	1.1621
3.5342081	1.2013
3.50560897	1.2377
3.50102371	1.2646
3.49100142	1.2919
3.46265613	1.3141
3.43881168	1.3056
3.43564144	1.2877
3.44593333	1.2869
3.46517733	1.3162
3.47776464	1.3612
3.49262621	1.3826
3.49957529	1.3831
3.49795302	1.3747
3.49671111	1.3622
3.49120637	1.3498
3.49359467	1.3235
3.50309984	1.2928
3.51595506	1.2686
3.52529478	1.2679
3.53507921	1.2938
3.54581199	1.3348
3.54872637	1.3631
3.54186841	1.3767
3.54099493	1.3769
3.54960548	1.3731
3.57533692	1.3476
3.60498795	1.2987
3.62862856	1.2518
3.64276624	1.2153
3.65353406	1.1831
3.69068307	1.1713
3.73014209	1.1751
3.74848585	1.1709
3.7367816	1.1768
3.70710226	1.2036
3.66538036	1.2424
3.62576594	1.275
3.61575925	1.2859
3.62080395	1.2984
3.62714062	1.3246
3.62215244	1.344
3.62528875	1.3423
3.63807568	1.3294
3.66207856	1.3192
3.6805236	1.3279
3.68802632	1.3277
3.6779239	1.3243
3.66326724	1.3066
3.63924806	1.282
3.62451596	1.2584
3.61630969	1.2555
3.61508027	1.2745
3.62209463	1.3079
3.63914793	1.3323
3.64943204	1.3326
3.67289849	1.3258
3.70850684	1.3256
3.74607154	1.3268
3.77312746	1.3239
3.76024311	1.3096
3.70388259	1.2965
3.64034855	1.3054
3.58321474	1.3371
3.55273137	1.3425
3.53696429	1.3208
3.5414484	1.2888
3.584253	1.2693
3.66370286	1.269
3.75434023	1.2608
3.79809127	1.2506
3.78483464	1.2522
3.71626253	1.3206
3.64230651	1.4215
3.58005939	1.5106
3.52828428	1.5517
3.49160758	1.5577
3.46834637	1.5269
3.47394805	1.4727
3.50969495	1.4012
3.54348023	1.3333
3.55602066	1.2736
3.55057861	1.2265
3.56035231	1.204
3.59047213	1.2086
3.62168837	1.2262
3.62114159	1.2662
3.59239694	1.2986
3.57337062	1.3317
3.57937876	1.3508
3.60899934	1.3613
3.64301647	1.3587
3.67272326	1.3415
3.68518244	1.3081
3.67685837	1.2676
3.6568298	1.2237
3.6300883	1.181
3.61137832	1.1385
3.58173996	1.1061
3.55179096	1.0855
3.53411828	1.0726
3.5321031	1.0717
3.55599818	1.0761
3.57557488	1.1009
3.5841105	1.1392
3.57499312	1.1834
3.54789517	1.2184
3.52375719	1.2322
3.50825723	1.2338
3.49654533	1.2218
3.49358687	1.1935
3.49349486	1.1536
3.49271444	1.0992
3.48053671	1.041
3.46752227	0.999
3.46753074	0.9774
3.49123959	0.9799
3.5212295	0.9973
3.53857824	1.0206
3.54174238	1.0478
3.5399247	1.0866
3.55114725	1.1205
3.57256077	1.1574
3.60611753	1.189
3.63192536	1.2189
3.65540946	1.2363
3.65340278	1.2526
3.64562739	1.2598
3.6366534	1.2629
3.63612046	1.2506
3.63862246	1.2385
3.64172022	1.2308
3.64658596	1.2197
3.67039435	1.201
3.7055136	1.1824
3.7282285	1.1937
3.73517555	1.2357
3.7130331	1.309
3.66294471	1.3944
3.5933934	1.4731
3.53303305	1.5255
3.49147745	1.5529
3.4719231	1.555
3.46873372	1.5338
3.4852311	1.4745
3.50292873	1.3808
3.52240026	1.2817
3.5545357	1.2044
3.60403028	1.1658
3.66159849	1.1594
3.68794585	1.187
3.66089318	1.24
3.6174235	1.3096
3.5791549	1.3735
3.55735637	1.4194
3.53918144	1.4473
3.53128523	1.4414
3.54753152	1.4131
3.57964385	1.3737
3.61286596	1.326
3.64328215	1.2801
3.67767629	1.2402
3.70842432	1.2113
3.72152165	1.1984
3.71228516	1.2007
3.71775789	1.2131
3.7259188	1.2364
3.72833081	1.2741
3.72329993	1.3257
3.6966601	1.389
3.65153521	1.4514
3.60697793	1.4888
3.56010727	1.5035
3.52857189	1.4945
3.50603701	1.4849
3.48829071	1.4638
3.4659641	1.4374
3.4428423	1.4063
3.43691054	1.376
3.45312737	1.3559
3.46746875	1.35
3.46914968	1.3489
3.45962183	1.3526
3.44956654	1.3679
3.45421872	1.38
3.4509773	1.4
3.44476847	1.4103
3.4423454	1.4064
3.45215598	1.3964
3.48573207	1.3815
3.52850136	1.3603
3.55843675	1.3314
3.5622364	1.3003
3.55027258	1.2763
3.53066629	1.2622
3.51267755	1.2685
3.49712173	1.2882
3.49878409	1.3039
3.51096948	1.3029
3.53077365	1.2948
3.56971927	1.292
3.61560916	1.3011
3.64974641	1.3139
3.65316023	1.318
3.6274651	1.321
3.58473011	1.3487
3.53466029	1.3887
3.4840859	1.4178
3.44591269	1.4115
3.42969756	1.3682
3.45540721	1.301
3.5113483	1.2363
3.57179838	1.183
3.61043506	1.1392
3.64810595	1.1081
3.6806554	1.1182
3.66897489	1.1722
3.59975209	1.2414
3.51415187	1.2977
3.44951797	1.33
3.4368464	1.3354
3.47084271	1.3281
3.53513785	1.3004
3.59047109	1.2437
3.62542456	1.1663
3.62503598	1.1047
3.59357266	1.0857
3.54716324	1.1125
3.4753057	1.1567
3.39236108	1.2047
3.34573792	1.2418
3.35778062	1.2763
3.41389213	1.3166
3.47294327	1.3489
3.51227605	1.3508
3.53481306	1.3245
3.55418395	1.302
3.56424276	1.31
3.53904941	1.3502
3.4902142	1.3857
3.45049776	1.404
3.43712303	1.4087
3.44481977	1.4064
3.46638679	1.392
3.50540319	1.3514
3.57197083	1.2772
3.64209648	1.1904
3.69565781	1.1315
3.70541778	1.1216
3.65106697	1.1595
3.55007747	1.211
3.43921638	1.2795
3.37247225	1.3473
3.35070513	1.395
3.35118727	1.4039
3.36772775	1.3774
3.40338845	1.3205
3.4470398	1.2511
3.48767909	1.1846
3.51009453	1.1331
3.52557543	1.1109
3.51715128	1.1218
3.46934326	1.1591
3.41891971	1.2193
3.39771841	1.2966
3.41557903	1.3621
3.43066162	1.4067
3.42257254	1.4107
3.4102971	1.386
3.41495691	1.3425
3.41886174	1.3005
3.40723048	1.2575
3.37619084	1.2063
3.35902683	1.1522
3.36823094	1.1062
3.39096344	1.0851
3.42392345	1.069
3.48309942	1.051
3.55861067	1.0399
3.62804369	1.0481
3.67850354	1.0884
3.70078604	1.1492
3.67637089	1.2284
3.6358269	1.3121
3.59632692	1.3961
3.56574829	1.4606
3.54252852	1.4765
3.52109546	1.4435
3.5025679	1.379
3.49669514	1.3069
3.49381934	1.2455
3.49754083	1.1993
3.49237111	1.1826
3.46699808	1.2012
3.42008653	1.2584
3.38945421	1.3391
3.39107924	1.4004
3.40708967	1.4312
3.42301898	1.4485
3.43973527	1.4573
3.46027241	1.4466
3.47683156	1.4052
3.48274386	1.3472
3.48067378	1.3061
3.46525491	1.296
3.42972953	1.315
3.4144913	1.3462
3.43398716	1.3606
3.46923967	1.3679
3.49940726	1.3719
3.52114013	1.3657
3.54917114	1.3364
3.56923745	1.2981
3.56286458	1.2699
3.5351636	1.2716
3.48768389	1.3294
3.46277752	1.4054
3.46628815	1.4793
3.48507028	1.5345
3.50712516	1.5569
3.54848021	1.5453
3.595362	1.5024
3.63807641	1.4347
3.64916499	1.3584
3.63506329	1.3046
3.60593007	1.2905
3.55732453	1.3306
3.49425062	1.4013
3.43077383	1.4721
3.379859	1.5218
3.34840456	1.5442
3.34312655	1.546
3.36782871	1.5365
3.42582412	1.4945
3.51573642	1.4231
3.61250889	1.3539
3.6583001	1.3254
3.65346796	1.342
3.59978657	1.3862
3.52739935	1.4195
3.45839726	1.4348
3.40176632	1.4265
3.36342554	1.414
3.37181716	1.3834
3.43619979	1.3394
3.54453847	1.2986
3.64953575	1.2696
3.70662225	1.2514
3.70782827	1.2513
3.68625301	1.2591
3.63501936	1.2831
3.5749461	1.3204
3.53662792	1.3574
3.51461728	1.38
3.51042527	1.3809
3.51616129	1.3583
3.53493769	1.3295
3.5523863	1.3169
3.56085493	1.3224
3.55756041	1.331
3.55442162	1.3404
3.55992178	1.3586
3.59047061	1.3812
3.61073411	1.4022
3.62209931	1.3985
3.6270977	1.372
3.63540004	1.3263
3.63502308	1.3016
3.61519212	1.3071
3.56174421	1.3185
3.50678221	1.328
3.47357653	1.3376
3.45895057	1.3494
3.46274828	1.3468
3.50008712	1.3086
3.5709997	1.2535
3.66087835	1.1954
3.74374893	1.1456
3.80614103	1.1239
3.82706696	1.1287
3.7737013	1.1753
3.66382662	1.2544
3.55504459	1.3499
3.49174747	1.4248
3.46276567	1.459
3.46062463	1.4613
3.49008631	1.4355
3.54275787	1.3744
3.60484213	1.2833
3.66481684	1.19
3.69273017	1.1414
3.67887434	1.1368
3.60662	1.1816
3.51139296	1.2504
3.42252629	1.3293
3.36686909	1.3944
3.35691785	1.4365
3.39209446	1.4561
3.45416452	1.4565
3.51258203	1.4323
3.54938185	1.388
3.56520015	1.3353
3.56357378	1.2918
3.53142193	1.275
3.46715521	1.2704
3.38596761	1.2693
3.31737196	1.2647
3.27920713	1.2637
3.27270015	1.2654
3.28373747	1.2765
3.30996527	1.2938
3.34534506	1.326
3.37693851	1.3774
3.38341421	1.4395
3.37716915	1.4895
3.36384458	1.5187
3.35046998	1.5203
3.32905754	1.5182
3.29970414	1.5015
3.27492053	1.473
3.28277012	1.4212
3.3187645	1.369
3.35186856	1.3384
3.35340657	1.353
3.34774819	1.3994
3.35131298	1.4544
3.34837682	1.5141
3.33228739	1.5705
3.31249781	1.6039
3.31182532	1.6094
3.33561593	1.5893
3.37175602	1.5303
3.40923403	1.4468
3.44223553	1.3446
3.4735743	1.2483
3.49656834	1.1908
3.47954416	1.1762
3.42836439	1.1963
3.37283553	1.24
3.33890625	1.2954
3.34569456	1.3508
3.3772928	1.4048
3.4109721	1.4379
3.43562323	1.443
3.45625078	1.4263
3.49121246	1.4069
3.50980404	1.3909
3.50431726	1.3843
3.46996745	1.3791
3.42777789	1.378
3.40107215	1.3751
3.39387417	1.3632
3.39821076	1.3426
3.41774992	1.3085
3.45691986	1.2712
3.52647423	1.2364
3.59091184	1.2269
3.62546648	1.2515
3.61675265	1.3175
3.57316294	1.4201
3.5157515	1.503
3.47386493	1.5471
3.45681372	1.5501
3.46579039	1.5263
3.50685418	1.4644
3.58230367	1.3646
3.68948811	1.2554
3.7948724	1.1777
3.88324074	1.1374
3.91527403	1.146
3.87715865	1.1884
3.78653085	1.2582
3.70239887	1.3315
3.64092443	1.3867
3.60763888	1.4174
3.59895496	1.4316
3.6180978	1.4172
3.6608189	1.3752
3.71346834	1.3199
3.75097887	1.2817
3.75466053	1.2821
3.72189793	1.3165
3.66341307	1.3611
3.59078298	1.3965
3.5145265	1.4094
3.45949162	1.4072
3.45687617	1.3842
3.49896164	1.3441
3.57081304	1.3031
3.64571896	1.2663
3.69703718	1.2465
3.70410299	1.2649
3.68462039	1.3157
3.64232696	1.3967
3.6019107	1.464
3.56929816	1.5062
3.56389383	1.5048
3.57436142	1.4612
3.58804518	1.3977
3.60244899	1.3233
3.62237103	1.2653
3.62999537	1.2328
3.62777547	1.215
3.61499697	1.2141
3.59702656	1.2265
3.5804332	1.2434
3.5879779	1.2531
3.60692103	1.2561
3.62978047	1.2677
3.63888445	1.2808
3.62209967	1.2995
3.58856023	1.3195
3.5422834	1.3388
3.4859802	1.3753
3.44006339	1.4128
3.40830157	1.431
3.39516128	1.4062
3.40231414	1.3509
3.42978582	1.2771
3.48851007	1.2068
3.58441731	1.1499
3.68304919	1.1193
3.74042362	1.1248
3.7322663	1.1767
3.6643441	1.2719
3.58652606	1.3683
3.51097824	1.4482
3.45471211	1.4911
3.41583397	1.5007
3.3989327	1.4725
3.40170684	1.4153
3.42319474	1.3326
3.4411127	1.2564
3.44397315	1.2043
3.44728335	1.1822
3.45364848	1.1872
3.44648906	1.2054
3.41871765	1.2398
3.40672586	1.2877
3.43708778	1.3291
3.49057128	1.3538
3.5444113	1.3669
3.59021773	1.3635
3.6227264	1.3478
3.65125856	1.3329
3.65556351	1.3247
3.63404941	1.3142
3.59967785	1.2698
3.55917282	1.2114
3.53605009	1.1553
3.49947546	1.1273
3.47151032	1.1078
3.46783584	1.0818
3.49925536	1.0597
3.55211922	1.0588
3.57330759	1.0909
3.54030147	1.1415
3.48816961	1.2061
3.44963007	1.2723
3.43696509	1.3215
3.43645884	1.3399
3.44936894	1.3196
3.48155381	1.2639
3.52669428	1.2014
3.56394942	1.1478
3.56140446	1.1093
3.50856352	1.0867
3.42630698	1.0899
3.35206431	1.1254
3.31037631	1.1934
3.29582561	1.2779
3.29394359	1.3463
3.3003907	1.3845
3.32422519	1.3895
3.36714436	1.3595
3.42248127	1.3082
3.48979206	1.2441
3.53733263	1.1917
3.55619201	1.1415
3.5356433	1.1011
3.48544233	1.0847
3.43684102	1.0959
3.41157324	1.1205
3.41297414	1.1409
3.4385946	1.1545
3.48151055	1.1597
3.51719483	1.1611
3.53756082	1.1585
3.5378628	1.1485
3.52281113	1.1372
3.48649812	1.1409
3.43588038	1.1678
3.38886495	1.193
3.36192258	1.195
3.36448783	1.183
3.40968652	1.1684
3.48237045	1.1608
3.56538752	1.1533
3.62660917	1.1313
3.64052772	1.1074
3.63821373	1.0943
3.60933985	1.1147
3.55940399	1.1535
3.49354768	1.1977
3.43420277	1.2307
3.39823336	1.2578
3.39017358	1.2628
3.40596075	1.2456
3.44685932	1.2118
3.49628158	1.1671
3.54331933	1.1372
3.57446078	1.1305
3.57719791	1.1366
3.55852753	1.1595
3.5221951	1.1846
3.48489886	1.1973
3.46514185	1.1858
3.47768362	1.1638
3.53319044	1.124
3.62719922	1.0684
3.73482648	1.007
3.80413658	0.9669
3.80658814	0.9535
3.7356394	0.9688
3.63256303	1.0072
3.51523612	1.0626
3.4174475	1.107
3.34719251	1.1449
3.30686507	1.148
3.29360385	1.0977
3.30724443	1.0159
3.36986353	0.9407
3.49405585	0.8918
3.6198584	0.8693
3.68224528	0.8624
3.67245293	0.8755
3.62289607	0.9128
3.57955422	0.986
3.57048157	1.0811
3.57216697	1.1667
3.57241591	1.2159
3.57527029	1.2361
3.59162076	1.2331
3.59964471	1.2149
3.57594675	1.18
3.52796638	1.1336
3.47454628	1.0926
3.45174749	1.0606
3.48372771	1.0432
3.54725004	1.0466
3.60528372	1.0656
3.65461671	1.08
3.69918571	1.0884
3.74634941	1.1066
3.79889025	1.1408
3.80354322	1.1948
3.7400185	1.2595
3.65808643	1.3191
3.5979629	1.3619
3.56705355	1.3856
3.56396001	1.3842
3.58128856	1.3341
3.61356586	1.2547
3.65299844	1.1679
3.68608894	1.1053
3.71977288	1.0711
3.72072399	1.0596
3.69414383	1.0602
3.63750522	1.0972
3.57426206	1.1725
3.52054615	1.2674
3.48808286	1.3342
3.47960935	1.3526
3.49642077	1.3374
3.53764469	1.3105
3.60791536	1.2776
3.6914186	1.2385
3.77057171	1.1953
3.81896871	1.1559
3.82398669	1.142
3.80253553	1.1551
3.75808357	1.1704
3.69278623	1.1718
3.61577408	1.1566
3.55345739	1.1435
3.5173553	1.1476
3.52045436	1.1493
3.54093878	1.1494
3.55288256	1.1517
3.5629587	1.1583
3.56517424	1.1838
3.56574952	1.221
3.56051291	1.2554
3.55578979	1.2661
3.55359987	1.2518
3.56138106	1.2239
3.57903725	1.2016
3.59772193	1.1899
3.60082532	1.1781
3.59639879	1.1611
3.57456947	1.1621
3.55236086	1.1827
3.52418501	1.2228
3.49607016	1.2582
3.47292656	1.2677
3.45650262	1.269
3.46544485	1.2613
3.4914557	1.2496
3.51066774	1.2303
3.50946776	1.2077
3.48708871	1.1912
3.45289407	1.1898
3.41620883	1.1992
3.3836813	1.2093
3.34770425	1.2196
3.31955287	1.2141
3.31465562	1.2004
3.35078667	1.177
3.41296693	1.1652
3.45683705	1.1648
3.46799096	1.1689
3.45868586	1.1849
3.43919491	1.1954
3.41278625	1.2157
3.37359078	1.2149
3.34119692	1.1937
3.33234962	1.1412
3.37244844	1.0826
3.46119121	1.0349
3.55345873	1.0064
3.62239733	0.9889
3.66392994	0.9749
3.67830906	0.988
3.65736168	1.0376
3.6058749	1.1132
3.52165591	1.1879
3.4499194	1.2317
3.41290804	1.2485
3.42459171	1.2403
3.46662499	1.2115
3.51553598	1.1459
3.55874032	1.0643
3.59461204	1.0046
3.60578847	0.9829
3.58303562	1.007
3.55101482	1.0705
3.51215533	1.1518
3.46874085	1.2347
3.42111186	1.3036
3.39656202	1.3419
3.38661059	1.3476
3.38924507	1.3424
3.41112923	1.3254
3.45296775	1.3049
3.5074057	1.2874
3.56332411	1.2792
3.59161058	1.2874
3.58240855	1.2929
3.54873975	1.2826
3.51383655	1.2741
3.48716282	1.2519
3.47614065	1.2179
3.47845343	1.1912
3.49899685	1.1847
3.54447336	1.1943
3.60079397	1.2159
3.64770902	1.24
3.65733412	1.2592
3.61974308	1.2664
3.56977374	1.2776
3.54174624	1.2934
3.53907616	1.3121
3.53763635	1.3242
3.53215554	1.3189
3.52296343	1.3145
3.52039717	1.3188
3.52502653	1.3235
3.53544804	1.3191
3.54650694	1.2913
3.56025247	1.2637
3.55539872	1.2613
3.51933614	1.2809
3.47433978	1.301
3.44541384	1.2987
3.42965909	1.2717
3.41287453	1.2505
3.38324378	1.2474
3.36658189	1.2568
3.38264	1.2545
3.42085376	1.2429
3.45813736	1.2469
3.47609334	1.2611
3.47262106	1.2778
3.46496766	1.2762
3.45739125	1.2614
3.44473921	1.2538
3.4321673	1.2653
3.43541826	1.2776
3.46903909	1.2827
3.51986113	1.3006
3.572013	1.3283
3.594723	1.3607
3.57945401	1.378
3.55754134	1.3777
3.54803647	1.3603
3.54658102	1.3309
3.54633964	1.3
3.5507629	1.2774
3.56608472	1.2797
3.58744463	1.2951
3.59265252	1.3183
3.57337176	1.3554
3.5316992	1.398
3.48118734	1.4409
3.43755321	1.4822
3.40678566	1.5151
3.39994263	1.5267
3.40448451	1.5217
3.43240846	1.4918
3.47925057	1.4347
3.51826011	1.3749
3.53449151	1.3293
3.52156168	1.3106
3.51702491	1.3075
3.52157976	1.3235
3.51677775	1.3546
3.49430639	1.3956
3.4690313	1.4273
3.46342895	1.4227
3.49830836	1.3832
3.55387972	1.3235
3.5925897	1.2567
3.59717368	1.1932
3.58669981	1.1635
3.58661105	1.1779
3.57746131	1.2173
3.54250343	1.2505
3.48358745	1.2833
3.43710549	1.3189
3.42825455	1.3476
3.46456001	1.3535
3.52121999	1.336
3.58090003	1.3199
3.63138067	1.3004
3.66374686	1.2971
3.69128429	1.2948
3.71243806	1.2916
3.69895051	1.2969
3.63770021	1.3251
3.55923903	1.3713
3.51273217	1.4086
3.49653123	1.4289
3.50194649	1.4225
3.5069012	1.406
3.51659865	1.3776
3.52607713	1.3441
3.54207179	1.3109
3.56683582	1.2668
3.58163684	1.2168
3.59348731	1.1662
3.61256948	1.1284
3.64205629	1.1108
3.65393984	1.1265
3.63945576	1.1614
3.58817133	1.2128
3.51670375	1.2687
3.46550878	1.3143
3.43267241	1.3465
3.43551967	1.3497
3.47107474	1.3286
3.55948789	1.2763
3.67262519	1.2163
3.74653793	1.1621
3.74994041	1.1208
3.68147514	1.0991
3.60015691	1.0982
3.53036678	1.1256
3.47214625	1.1731
3.43978702	1.2344
3.42752474	1.2982
3.44978699	1.3471
3.5055239	1.3811
3.58039129	1.3872
3.64096395	1.3716
3.67146897	1.3284
3.67005576	1.2839
3.66666359	1.2534
3.67009083	1.2384
3.65837787	1.2395
3.64493483	1.24
3.61792027	1.2459
3.60664541	1.2453
3.61800242	1.2364
3.65202756	1.2232
3.70013716	1.2153
3.74151942	1.2172
3.75603117	1.2175
3.74600257	1.2191
3.71698447	1.2304
3.66892649	1.2564
3.59360939	1.2898
3.53907778	1.3047
3.51201784	1.3045
3.53075536	1.2993
3.58337533	1.2985
3.65465522	1.2925
3.70501724	1.2828
3.72921407	1.2698
3.73016643	1.2548
3.69082077	1.2507
3.621662	1.2511
3.5425246	1.2539
3.49193377	1.25
3.47299885	1.2558
3.48465573	1.2789
3.50897636	1.2947
3.53758351	1.2759
3.57014807	1.2143
3.6088117	1.1516
3.66411141	1.1051
3.70951604	1.0788
3.747421	1.0663
3.74774363	1.0659
3.70627495	1.0816
3.64537998	1.111
3.58929247	1.1444
3.55852787	1.1678
3.53883199	1.1814
3.51529576	1.1938
3.49682852	1.2043
3.50233896	1.2083
3.54395023	1.2172
3.58485524	1.2341
3.59638579	1.2726
3.58622578	1.3094
3.5654184	1.3256
3.52978666	1.3325
3.48830688	1.3219
3.44118892	1.3191
3.40705747	1.3127
3.39615676	1.2953
3.4122446	1.2774
3.42816045	1.273
3.44129534	1.2884
3.452503	1.3176
3.47838651	1.3369
3.50910047	1.354
3.53368672	1.3733
3.54422361	1.3857
3.53596385	1.3923
3.52867811	1.3982
3.52147437	1.4112
3.49653492	1.4269
3.45770642	1.4261
3.4091214	1.4176
3.38586583	1.4055
3.40001659	1.395
3.44335677	1.3784
3.5007327	1.342
3.56760815	1.2916
3.63887193	1.2444
3.6997259	1.2176
3.73139193	1.221
3.72663799	1.2407
3.67315899	1.2845
3.60880866	1.3422
3.54662182	1.425
3.49644692	1.5045
3.46122716	1.5542
3.43882122	1.5614
3.42458833	1.5295
3.41370978	1.4764
3.41946583	1.4151
3.45626981	1.356
3.50339256	1.3113
3.52838716	1.2839
3.52875982	1.2746
3.49266799	1.2902
3.45015739	1.3239
3.41542337	1.3574
3.37692894	1.3842
3.34510185	1.3994
3.33942285	1.4113
3.37369741	1.4194
3.45014735	1.4172
3.5406667	1.4092
3.62800003	1.3749
3.67676002	1.3246
3.69815759	1.2754
3.69101284	1.2433
3.65469564	1.2372
3.60328153	1.2466
3.52848419	1.2742
3.46235708	1.3108
3.42870136	1.344
3.42901334	1.3714
3.45430894	1.386
3.47122686	1.4015
3.49564429	1.4032
3.51936154	1.3929
3.55281175	1.3684
3.58735457	1.3387
3.59606387	1.3247
3.56663052	1.3208
3.50994382	1.3283
3.46864297	1.3326
3.44891537	1.3324
3.43223771	1.339
3.41380655	1.3388
3.40467889	1.3387
3.43020954	1.3328
3.47803811	1.3259
3.51642692	1.3212
3.51260803	1.3227
3.46235836	1.3231
3.40440148	1.3312
3.36689102	1.3393
3.35162583	1.3459
3.34208746	1.3488
3.33833968	1.3436
3.35910617	1.3251
3.40581799	1.2819
3.48493243	1.2222
3.57716118	1.1782
3.67815839	1.155
3.7380906	1.1549
3.76406468	1.1649
3.73565014	1.1923
3.67487745	1.2267
3.59932679	1.2744
3.52630909	1.33
3.47295209	1.3736
3.44970424	1.3844
3.45215135	1.3715
3.48587198	1.3398
3.54675509	1.3005
3.61661478	1.2749
3.6631874	1.2827
3.65729683	1.306
3.59932363	1.3275
3.52348668	1.3554
3.45890593	1.3923
3.41498564	1.4165
3.38699876	1.416
3.37741105	1.3895
3.38646235	1.354
3.42836454	1.3237
3.49225048	1.319
3.5460655	1.3371
3.56194943	1.3578
3.53801665	1.3978
3.50441926	1.4427
3.49408002	1.4739
3.4992025	1.4933
3.50604026	1.4928
3.5103091	1.4652
3.51276985	1.4084
3.51012723	1.3486
3.50688775	1.3152
3.49267892	1.3261
3.4726759	1.3607
3.45190585	1.411
3.43711178	1.4457
3.43360906	1.4796
3.44968972	1.4974
3.47009366	1.5043
3.4815346	1.4891
3.4677488	1.4655
3.44251553	1.4411
3.40869515	1.4214
3.37001269	1.4247
3.33828013	1.4513
3.32832542	1.4732
3.33620129	1.4748
3.3584138	1.4564
3.39295842	1.4122
3.45216661	1.3606
3.51098015	1.3134
3.54227674	1.2903
3.53197594	1.2894
3.46224273	1.3183
3.35634128	1.3678
3.26735434	1.4188
3.21375432	1.445
3.18544401	1.4422
3.17094487	1.4183
3.18670674	1.3739
3.25642565	1.3183
3.3412846	1.258
3.40541269	1.2215
3.43623341	1.2235
3.43001139	1.2807
3.4095895	1.3845
3.38761737	1.4999
3.36556716	1.5894
3.34202715	1.6385
3.31030213	1.6494
3.28796246	1.6252
3.3018249	1.5696
3.34008452	1.4817
3.3842775	1.379
3.4220949	1.3034
3.43809978	1.2713
3.42106375	1.2886
3.36928245	1.3498
3.30951501	1.4334
3.26060924	1.5118
3.23364718	1.5686
3.21859193	1.5961
3.23093252	1.5955
3.26305674	1.5778
3.30616877	1.5385
3.33822404	1.4865
3.35299348	1.4491
3.38038392	1.4299
3.41313166	1.4396
3.4263888	1.4606
3.40721706	1.4856
3.3719083	1.5134
3.35414316	1.5377
3.36905338	1.5451
3.38938689	1.5372
3.39476529	1.5248
3.3911173	1.5084
3.38841022	1.487
3.40393855	1.4673
3.41456085	1.4507
3.39603503	1.4474
3.35814384	1.4521
3.32989502	1.4519
3.33236709	1.4401
3.36509234	1.4114
3.40792868	1.3743
3.44139593	1.3375
3.45349175	1.3208
3.45725252	1.33
3.46690087	1.3523
3.4693104	1.385
3.46352437	1.4239
3.460751	1.4577
3.46377678	1.468
3.49041286	1.4569
3.53147543	1.4286
3.57227196	1.3897
3.60925753	1.346
3.62990865	1.3082
3.6137369	1.2916
3.56093347	1.2888
3.47900991	1.3077
3.41071216	1.3328
3.36060646	1.3701
3.32989056	1.414
3.32763156	1.4492
3.34593886	1.4524
3.38639702	1.421
3.44067274	1.393
3.49839468	1.381
3.54297179	1.3801
3.56302373	1.3792
3.55664385	1.3998
3.53217949	1.4377
3.48877863	1.4849
3.44214795	1.5092
3.40632343	1.4986
3.3961463	1.4559
3.4035594	1.4041
3.41944551	1.3549
3.43395588	1.3176
3.4355752	1.2834
3.43082203	1.257
3.42444623	1.2547
3.40799737	1.2886
3.39555449	1.3395
3.38926632	1.3932
3.39574001	1.4297
3.41299024	1.444
3.44297371	1.4373
3.49083337	1.4189
3.54333849	1.3858
3.58019941	1.3437
3.58145349	1.2972
3.53566489	1.2835
3.46564341	1.3036
3.41539438	1.3389
3.38915318	1.3749
3.36440373	1.4088
3.34694964	1.4278
3.34562915	1.4284
3.36802453	1.4084
3.40675175	1.3838
3.43981994	1.3706
3.45094738	1.3864
3.44149335	1.4322
3.4291306	1.5017
3.41639861	1.5595
3.39884436	1.5965
3.38394974	1.613
3.39276331	1.5982
3.436875	1.55
3.51330616	1.47
3.60397457	1.3838
3.70512483	1.2947
3.75783762	1.2349
3.74384386	1.2093
3.6604011	1.2242
3.55317297	1.2711
3.47686168	1.3232
3.42608889	1.3651
3.39524323	1.3974
3.3943563	1.4101
3.42153479	1.4076
3.47970013	1.3757
3.5480964	1.3436
3.59704969	1.3252
3.61170473	1.3325
3.61006761	1.3438
3.60589697	1.359
3.5914824	1.3722
3.54825647	1.3935
3.49728821	1.4166
3.4636386	1.441
3.45375295	1.462
3.45984636	1.4749
3.45914877	1.4852
3.44529017	1.4995
3.43129295	1.5071
3.41949807	1.5041
3.40883477	1.4939
3.39417609	1.4735
3.38890982	1.4399
3.38373845	1.4031
3.39143924	1.353
3.4133732	1.3007
3.45677481	1.2498
3.50769397	1.2234
3.54676304	1.2343
3.55675922	1.273
3.51625246	1.323
3.45572363	1.3623
3.38601249	1.4027
3.33472361	1.4431
3.30421556	1.4647
3.29372044	1.4493
3.31232991	1.3994
3.34403716	1.3446
3.37829883	1.3048
3.3998939	1.2821
3.3879909	1.2866
3.35841829	1.3042
3.31435404	1.3398
3.28868893	1.3813
3.29830895	1.4227
3.3354823	1.4563
3.38221334	1.4798
3.41517338	1.4958
3.43498471	1.4906
3.45010448	1.4741
3.46933821	1.4507
3.4815136	1.4433
3.47616966	1.4418
3.45710944	1.4512
3.44538767	1.4583
3.43703764	1.46
3.42335269	1.4587
3.39579511	1.4363
3.3569445	1.3927
3.31985767	1.3594
3.29077883	1.3353
3.27914827	1.3313
3.29693132	1.3337
3.33033423	1.3418
3.35478566	1.3576
3.36824086	1.3875
3.39221868	1.4074
3.44381473	1.4003
3.50846768	1.3791
3.52701605	1.3822
3.48477468	1.4038
3.41500553	1.4394
3.36352628	1.481
3.33591811	1.4952
3.30646108	1.4907
3.2629123	1.4837
3.2275769	1.4862
3.22404113	1.4787
3.25635843	1.4568
3.30039164	1.4198
3.34401649	1.3994
3.37555232	1.3983
3.39516608	1.423
3.40942841	1.454
3.41190515	1.4755
3.41127051	1.4874
3.40954481	1.484
3.41381629	1.4624
3.41330573	1.4334
3.41016933	1.3965
3.41948274	1.36
3.45034217	1.3277
3.49929999	1.3097
3.53279355	1.3151
3.54085565	1.3345
3.54155737	1.3668
3.54910571	1.39
3.56086498	1.3919
3.55063345	1.3747
3.49614691	1.3469
3.42689279	1.3286
3.37057897	1.3102
3.33906084	1.3045
3.32343119	1.305
3.3098652	1.3328
3.31794956	1.3591
3.35731446	1.383
3.41947492	1.384
3.48290283	1.3703
3.53247449	1.3434
3.55935802	1.3224
3.58213351	1.3096
3.58955046	1.3148
3.54512819	1.3578
3.47218347	1.4281
3.40951239	1.494
3.36580562	1.5301
3.33606739	1.5417
3.32504873	1.538
3.33303199	1.5316
3.36024382	1.5047
3.40807844	1.4441
3.46921595	1.3536
3.53248703	1.2744
3.56956755	1.2429
3.56463179	1.2604
3.52139629	1.3016
3.44852627	1.3615
3.38846619	1.4277
3.3534119	1.4929
3.34848088	1.5324
3.37440341	1.5399
3.41819523	1.5203
3.47502893	1.4642
3.53157526	1.3829
3.57727471	1.285
3.56870519	1.2001
3.51791387	1.1309
3.44414667	1.0913
3.37682147	1.1106
3.32341078	1.1782
3.26212358	1.2637
3.22132061	1.3431
3.22319228	1.4029
3.24353266	1.4489
3.2770465	1.4824
3.31737271	1.504
3.35325542	1.5048
3.39005919	1.5015
3.41901965	1.4893
3.42222999	1.4712
3.38810413	1.4516
3.33943052	1.4243
3.30755681	1.388
3.29955427	1.3712
3.30281202	1.3621
3.30962193	1.3632
3.32156279	1.3527
3.33674814	1.3534
3.35939983	1.3688
3.37568292	1.4018
3.38809001	1.4259
3.38670748	1.438
3.38579142	1.4271
3.39302934	1.3973
3.4203453	1.3483
3.45665559	1.2833
3.49182959	1.2324
3.51285628	1.2038
3.53071964	1.2013
3.55195617	1.2236
3.55617222	1.2624
3.53058262	1.3068
3.50763127	1.3307
3.5037508	1.3352
3.53402181	1.3297
3.58029321	1.3209
3.61193356	1.3112
3.61585105	1.2834
3.58917235	1.2475
3.55682423	1.2272
3.51694431	1.24
3.4653908	1.2692
3.40780817	1.3058
3.36082451	1.3289
3.35435605	1.3322
3.36925732	1.3316
3.39255703	1.318
3.40799291	1.2974
3.42007393	1.2669
3.4496722	1.2365
3.48423311	1.2219
3.50143581	1.2146
3.48724459	1.2105
3.4634153	1.2118
3.43723727	1.2112
3.42357482	1.2151
3.42024183	1.2338
3.42462259	1.2587
3.44060219	1.2655
3.45767281	1.2698
3.46778852	1.2738
3.4597086	1.2941
3.43243588	1.3294
3.40176947	1.369
3.38963203	1.3827
3.40219321	1.3626
3.42881756	1.33
3.46598672	1.3016
3.5170977	1.2736
3.5852916	1.2501
3.63646409	1.2437
3.64951192	1.2576
3.61940162	1.2936
3.56939803	1.3315
3.50659073	1.3672
3.46067036	1.3819
3.44236838	1.383
3.45867411	1.363
3.51028492	1.317
3.57836143	1.2548
3.65168684	1.1863
3.71291036	1.13
3.74628077	1.1063
3.73281634	1.1164
3.66841041	1.1775
3.58906687	1.2697
3.52206596	1.3525
3.47635943	1.4103
3.44409141	1.427
3.42469665	1.4166
3.4306826	1.3807
3.47056092	1.3144
3.53118183	1.2289
3.58634436	1.14
3.60286672	1.0817
3.59340068	1.0462
3.59149725	1.0309
3.57774032	1.0413
3.55182977	1.0752
3.51998029	1.1301
3.52432938	1.1948
3.5489609	1.2598
3.57704166	1.3121
3.58683205	1.3425
3.57938685	1.3444
3.57861255	1.3179
3.58394705	1.2753
3.59118482	1.227
3.60944335	1.1751
3.65417649	1.1237
3.72073278	1.09
3.78196591	1.0765
3.81651106	1.0881
3.81907873	1.1234
3.78534782	1.1753
3.71976523	1.2352
3.63845482	1.2997
3.56993707	1.3648
3.53174218	1.4228
3.52052709	1.4585
3.53180382	1.4549
3.5607848	1.4102
3.62667247	1.3289
3.71582245	1.2407
3.79956775	1.1564
3.85096455	1.09
3.85551427	1.0528
3.81028817	1.0607
3.71325172	1.1124
3.58829596	1.1876
3.47705677	1.2633
3.40751136	1.318
3.40528353	1.345
3.45571057	1.3487
3.531893	1.3254
3.60264119	1.2663
3.6577697	1.1841
3.71847035	1.1039
3.79015879	1.0535
3.83716483	1.0463
3.83466059	1.0983
3.7714525	1.1513
3.69064762	1.1917
3.6392134	1.2085
3.61404845	1.2117
3.61949433	1.1998
3.63799595	1.1831
3.66230824	1.1655
3.69767607	1.1423
3.74789657	1.129
3.80496648	1.1246
3.83621631	1.1327
3.8235773	1.157
3.77753787	1.1898
3.7304854	1.2039
3.69287199	1.1931
3.6712414	1.1761
3.64300857	1.1726
3.60313066	1.1791
3.55441359	1.1753
3.53511152	1.1598
3.5452829	1.1529
3.57454999	1.1692
3.60369851	1.198
3.62291229	1.218
3.63613169	1.2173
3.6654867	1.2025
3.69492713	1.1848
3.69991938	1.1711
3.68610838	1.1542
3.65137561	1.1532
3.60135021	1.1654
3.5338202	1.2027
3.47661453	1.2468
3.44151246	1.2773
3.44134507	1.2719
3.46957137	1.2503
3.52463661	1.2209
3.58901339	1.175
3.66873747	1.1155
3.76277507	1.0625
3.85147298	1.0414
3.89088699	1.0678
3.85541032	1.1391
3.76025987	1.2376
3.64759872	1.3332
3.56627387	1.4193
3.5333206	1.4565
3.53085698	1.4552
3.54161083	1.4211
3.55485223	1.369
3.55740608	1.3061
3.55108528	1.2498
3.55548091	1.2112
3.57610971	1.1918
3.57585043	1.2021
3.55096442	1.2265
3.52167686	1.2448
3.5183259	1.2462
3.54469839	1.2505
3.58524044	1.2585
3.61151835	1.277
3.63295275	1.2904
3.65646747	1.2879
3.67539942	1.2838
3.68690801	1.2799
3.6902744	1.266
3.68324379	1.242
3.67005547	1.2113
3.66839658	1.1673
3.6709208	1.1273
3.69443462	1.0838
3.73913013	1.0428
3.76098734	1.0331
3.74267689	1.0606
3.68907196	1.1303
3.61677161	1.2181
3.54900524	1.308
3.5022144	1.3647
3.48308081	1.3846
3.50131077	1.3663
3.5667196	1.3102
3.67966236	1.2175
3.79095209	1.1153
3.87854882	1.0235
3.92717453	0.9751
3.93560082	0.9795
3.88526796	1.016
3.786072	1.0639
3.67537041	1.1151
3.5840946	1.1661
3.553579	1.1905
3.57282413	1.1798
3.62740094	1.1463
3.70226988	1.1123
3.77619223	1.0831
3.84398989	1.0606
3.90213015	1.0407
3.92791343	1.0209
3.89465111	1.0153
3.83381071	1.0292
3.78438479	1.0653
3.75374762	1.1175
3.73346163	1.1693
3.71439304	1.204
3.68967245	1.2221
3.6568926	1.2341
3.62637433	1.2387
3.60619497	1.2356
3.58038068	1.2292
3.55149268	1.2223
3.52055583	1.2272
3.4969197	1.2499
3.50359791	1.2726
3.55197346	1.2739
3.63794297	1.2492
3.70648643	1.2206
3.73456743	1.2006
3.73695672	1.1889
3.72888552	1.1874
3.71301074	1.1876
3.6690776	1.1997
3.63342827	1.2172
3.61335305	1.2319
3.62185914	1.2283
3.66481833	1.2067
3.74125897	1.1783
3.81898457	1.1602
3.8564856	1.1556
3.8503336	1.1581
3.77024319	1.1809
3.65112408	1.2343
3.54914301	1.3103
3.48754414	1.3817
3.45805942	1.4221
3.45028392	1.4301
3.46191714	1.4182
3.48900176	1.3928
3.53361102	1.3574
3.59960235	1.3117
3.67324189	1.2652
3.69826839	1.2367
3.65002235	1.236
3.56213541	1.2723
3.48876699	1.3367
3.435949	1.3914
3.39295999	1.4226
3.36808011	1.4252
3.36396313	1.4097
3.38541317	1.3825
3.43082129	1.3451
3.48817834	1.3157
3.54130279	1.3002
3.55054447	1.304
3.54508258	1.3204
3.52341489	1.3594
3.51743217	1.3993
3.51741197	1.4266
3.51619232	1.4382
3.51382192	1.4398
3.52276398	1.4332
3.55257416	1.4118
3.56826772	1.3779
3.55449746	1.3433
3.52415031	1.3238
3.49345722	1.3319
3.47261727	1.3493
3.45970771	1.3691
3.45763128	1.3775
3.46260228	1.3719
3.4643211	1.352
3.48415066	1.316
3.51614831	1.2771
3.55214421	1.2512
3.55164215	1.258
3.52496237	1.2897
3.4933543	1.3385
3.45917856	1.384
3.42743715	1.4045
3.4006082	1.4074
3.40397247	1.3848
3.44337325	1.3257
3.52241344	1.2382
3.61136106	1.1471
3.6605465	1.0843
3.65898373	1.0647
3.62386408	1.0907
3.57154029	1.1571
3.50202657	1.2451
3.43670937	1.3283
3.39719207	1.3806
3.376191	1.4026
3.38105013	1.3901
3.40923894	1.3484
3.45549045	1.2868
3.49823952	1.2372
3.54050755	1.1989
3.57857584	1.1814
3.60634541	1.1815
3.59167443	1.2026
3.56022859	1.2285
3.52684903	1.2488
3.52811773	1.2557
3.55876753	1.25
3.59087142	1.234
3.60073687	1.2187
3.60032277	1.2065
3.60597882	1.2057
3.60363795	1.227
3.56695487	1.2621
3.50492115	1.2993
3.46526524	1.3132
3.47386686	1.2934
3.53483551	1.2598
3.60522493	1.2185
3.64721347	1.172
3.67597452	1.1317
3.69452572	1.1303
3.68387556	1.1688
3.6106026	1.2451
3.48855424	1.349
3.38157614	1.469
3.33294672	1.5529
3.32369516	1.5766
3.34245301	1.5437
3.37428334	1.4733
3.40609456	1.3805
3.44276179	1.2756
3.50572183	1.1932
3.56057142	1.1773
3.53908426	1.2235
3.45650025	1.3047
3.36132521	1.4092
3.30880642	1.4925
3.31017378	1.5417
3.34537469	1.562
3.40339433	1.5388
3.47773337	1.464
3.55388069	1.3641
3.6189778	1.2898
3.66926329	1.2714
3.66611265	1.2994
3.59950905	1.3355
3.50475822	1.3612
3.41372211	1.385
3.35617918	1.4037
3.34324245	1.4033
3.35493717	1.3775
3.38561597	1.3304
3.42472226	1.2858
3.47629384	1.2728
3.53431567	1.2941
3.5849483	1.3307
3.60392015	1.3649
3.57359201	1.4025
3.52462472	1.4435
3.48432004	1.4753
3.46541339	1.4745
3.46731588	1.4296
3.46454632	1.3656
3.45506492	1.3155
3.44789576	1.292
3.43800069	1.2884
3.4145484	1.3126
3.38457219	1.3593
3.36090899	1.4178
3.36427996	1.4673
3.39677232	1.4867
3.45254791	1.4643
3.51894878	1.4132
3.57470845	1.3576
3.61399224	1.3149
3.6454984	1.2921
3.64697417	1.2905
3.60297481	1.3147
3.52703964	1.3685
3.46916686	1.4229
3.44201585	1.4559
3.43212289	1.4534
3.43408356	1.4291
3.45686713	1.3945
3.51378309	1.3473
3.58738315	1.3038
3.6480213	1.2653
3.64302983	1.241
3.57071667	1.2563
3.49228744	1.3143
3.44076561	1.3991
3.40657467	1.4824
3.38148908	1.5459
3.38373135	1.576
3.42215633	1.5684
3.48798169	1.5365
3.55984604	1.488
3.61245032	1.4306
3.64662064	1.3676
3.65269131	1.34
3.6305461	1.3529
3.57510894	1.3904
3.49314416	1.4393
3.42901568	1.4756
3.40209055	1.4939
3.40262586	1.4957
3.42120348	1.4875
3.44784491	1.4771
3.50015014	1.4528
3.57116656	1.4215
3.624649	1.4003
3.61927358	1.41
3.58163612	1.4269
3.54867527	1.4384
3.5678959	1.4222
3.63286252	1.3881
3.7117075	1.3536
3.76925634	1.318
3.81274502	1.2812
3.83935097	1.2577
3.84870238	1.2673
3.78901007	1.3262
3.66501606	1.4181
3.55668017	1.5002
3.497146	1.5395
3.47564211	1.5278
3.46999153	1.4872
3.47738701	1.4191
3.51535924	1.3257
3.6027678	1.2252
3.73323375	1.1414
3.8158646	1.1025
3.82123845	1.1055
3.7803552	1.1479
3.74410294	1.2
3.67947464	1.2586
3.59517048	1.3133
3.51811032	1.3579
3.4793949	1.3862
3.49090891	1.3817
3.53094914	1.3425
3.55301586	1.2942
3.55879164	1.2468
3.5724299	1.2163
3.60881273	1.203
3.64816824	1.1989
3.67645506	1.2024
3.67855721	1.223
3.67442878	1.2533
3.67390215	1.2744
3.6661846	1.2854
3.65110243	1.2979
3.61982667	1.3175
3.60069471	1.3285
3.58708347	1.3282
3.58351109	1.3083
3.58577912	1.2827
3.59793369	1.2408
3.62809412	1.1962
3.64765349	1.1477
3.64554373	1.1098
3.63975091	1.1059
3.64561591	1.1261
3.64237693	1.1699
3.61068684	1.2177
3.55983134	1.2665
3.51549614	1.2965
3.49220102	1.3015
3.49701208	1.2703
3.51960485	1.2281
3.55531168	1.1785
3.61420668	1.1303
3.68184784	1.0965
3.7391912	1.0907
3.76283995	1.116
3.7140358	1.1624
3.62484059	1.2155
3.53636016	1.2548
3.48544116	1.2816
3.45446567	1.2934
3.42519521	1.2857
3.40398283	1.2578
3.41707372	1.2247
3.46486877	1.1983
3.53607367	1.1849
3.58993531	1.1844
3.58944936	1.1943
3.55323248	1.2154
3.53281616	1.2426
3.52374367	1.2746
3.51525311	1.3014
3.50161325	1.3224
3.49996166	1.3297
3.52570606	1.3219
3.56069907	1.3062
3.59574649	1.2788
3.60893274	1.2365
3.59672917	1.1914
3.57328638	1.1636
3.5612047	1.16
3.54382978	1.1764
3.53188263	1.1891
3.52066766	1.1931
3.50309424	1.2047
3.47922935	1.223
3.47308784	1.2401
3.50029163	1.2492
3.53410379	1.2481
3.56260369	1.2583
3.58553896	1.2816
3.59858427	1.2972
3.60279317	1.297
3.59634489	1.2842
3.59256623	1.2696
3.59931783	1.2611
3.59939607	1.2646
3.5941268	1.2628
3.58384307	1.2552
3.56220402	1.2489
3.54082544	1.2588
3.51745399	1.274
3.48580482	1.2955
3.44749729	1.3158
3.41708994	1.3358
3.41397329	1.3475
3.44254068	1.3504
3.50355119	1.3422
3.5938569	1.3146
3.69497717	1.2706
3.78187494	1.2194
3.83745404	1.1772
3.84040103	1.15
3.79815591	1.1549
3.7275815	1.1933
3.66104102	1.2447
3.61065401	1.2968
3.58572157	1.3183
3.57232424	1.3079
3.57186374	1.2731
3.58945107	1.226
3.61503696	1.1829
3.63648639	1.1492
3.62122761	1.1337
3.55955929	1.1532
3.4965635	1.208
3.47724123	1.2681
3.49302699	1.3055
3.50291657	1.3112
3.49749311	1.2895
3.47417846	1.2492
3.44510602	1.2073
3.45352615	1.1719
3.50268859	1.1627
3.54772368	1.1815
3.53608914	1.2195
3.48630869	1.2615
3.44186016	1.3083
3.42326273	1.3506
3.42267772	1.3691
3.42744571	1.3491
3.4410323	1.2941
3.45651997	1.2328
3.48039898	1.193
3.50316103	1.1836
3.51762443	1.1964
3.50999685	1.2149
3.4927406	1.2384
3.47724547	1.2863
3.46724541	1.3411
3.45605457	1.3808
3.44439116	1.3804
3.44695329	1.348
3.46809584	1.302
3.49604971	1.254
3.51349725	1.209
3.50788466	1.1749
3.48256459	1.1523
3.45878338	1.1458
3.44674013	1.1496
3.43349277	1.1632
3.40209574	1.1711
3.35467243	1.1728
3.32843129	1.1588
3.33446544	1.1392
3.36411555	1.1225
3.40111907	1.1289
3.43014551	1.1616
3.44013121	1.2117
3.44139962	1.2615
3.43407203	1.3073
3.40885901	1.3399
3.38375827	1.348
3.36967819	1.3312
3.37077574	1.2901
3.37616663	1.2352
3.38419656	1.1846
3.38415998	1.1551
3.38916999	1.154
3.38842405	1.1915
3.39948929	1.2553
3.40979731	1.3224
3.42712902	1.3708
3.45041605	1.3959
3.46113163	1.4012
3.45593768	1.3779
3.44546879	1.3271
3.44370235	1.2672
3.45477679	1.227
3.46801229	1.2347
3.46840302	1.2758
3.46102895	1.3241
3.45591922	1.3448
3.46165624	1.3489
3.47233736	1.3532
3.49018811	1.3502
3.51132946	1.3287
3.5388377	1.2807
3.54718333	1.2387
3.53637504	1.2242
3.51652558	1.2663
3.50803632	1.3263
3.50005384	1.3761
3.47064353	1.3958
3.43869621	1.4007
3.42017683	1.3951
3.43328093	1.3637
3.45981075	1.3061
3.47465581	1.2575
3.47270309	1.2377
3.45955452	1.2471
3.45331773	1.2749
3.46743033	1.3201
3.47473709	1.35
3.46551703	1.3823
3.44895352	1.4091
3.44504431	1.4186
3.46118087	1.4046
3.46973758	1.3734
3.47064369	1.3451
3.48249913	1.326
3.48941364	1.3156
3.48573832	1.315
3.48017788	1.329
3.47473361	1.346
3.48185116	1.3469
3.48621232	1.3266
3.49148806	1.2848
3.50406018	1.2302
3.53134652	1.1782
3.55803989	1.1542
3.56875505	1.1639
3.56061427	1.1958
3.54404138	1.2361
3.52315648	1.2784
3.50219308	1.3044
3.47787277	1.3142
3.4543707	1.3013
3.46216553	1.2544
3.50851122	1.1901
3.56427573	1.1433
3.59208147	1.1165
3.59837804	1.1183
3.60325371	1.1426
3.59915762	1.1972
3.58424842	1.2621
3.55256598	1.3312
3.51241496	1.377
3.47689878	1.4022
3.46257522	1.3956
3.46554993	1.3709
3.47517976	1.3422
3.48708757	1.3065
3.48337132	1.281
3.46909824	1.2708
3.45879609	1.2864
3.45728033	1.3106
3.4669332	1.3212
3.47489035	1.3155
3.46439488	1.3065
3.45593047	1.3023
3.47826687	1.3008
3.5155822	1.2965
3.52648201	1.2995
3.50854274	1.3102
3.47052098	1.3392
3.44596744	1.3632
3.4306309	1.3844
3.41952966	1.3932
3.41165507	1.3855
3.41414598	1.354
3.4454962	1.3056
3.49550015	1.2641
3.52223709	1.2472
3.50510723	1.2437
3.48034435	1.2328
3.45932453	1.2262
3.43305463	1.2228
3.39253377	1.238
3.35493519	1.2674
3.35070262	1.2934
3.38675396	1.3127
3.44160929	1.3172
3.49670425	1.323
3.53480214	1.3309
3.55825265	1.3373
3.55447174	1.3453
3.50835638	1.3541
3.43783954	1.3644
3.36132721	1.3881
3.31318905	1.4136
3.29063502	1.4305
3.29339597	1.4331
3.30959731	1.4126
3.35045859	1.3743
3.41083433	1.3317
3.46386411	1.2936
3.48495782	1.2644
3.46265662	1.2445
3.39207034	1.2394
3.30868509	1.2454
3.24135108	1.2617
3.20290124	1.2704
3.19962988	1.2682
3.23400752	1.2548
3.30556119	1.2398
3.40856584	1.2159
3.523376	1.2022
3.60841411	1.2045
3.62588821	1.2315
3.58976802	1.2673
3.53133352	1.2976
3.46656275	1.3209
3.40739262	1.3388
3.34747966	1.3576
3.31021353	1.3614
3.31767129	1.3373
3.37125249	1.2842
3.44830618	1.2196
3.52313858	1.1647
3.57506398	1.1282
3.59334232	1.1195
3.58124002	1.1433
3.52991428	1.2016
3.46155695	1.2901
3.40631063	1.369
3.38251023	1.4093
3.39844523	1.4019
3.43152699	1.3593
3.47397949	1.2865
3.51096379	1.2041
3.53086118	1.1427
3.53098878	1.1109
3.49801427	1.1184
3.43488218	1.173
3.37254055	1.2572
3.33545898	1.3352
3.33448698	1.3915
3.36282897	1.4241
3.41185731	1.4271
3.47095868	1.3935
3.52157515	1.3121
3.54686792	1.2277
3.52906778	1.1922
3.49875684	1.1982
3.45149938	1.2262
3.40226742	1.2558
3.36732945	1.2955
3.36314502	1.3349
3.3952722	1.3483
3.44397898	1.3337
3.48462009	1.2984
3.49866571	1.2593
3.48608843	1.2258
3.45957237	1.2157
3.43383745	1.2367
3.39985258	1.2823
3.36218733	1.3556
3.33869924	1.4161
3.34516219	1.4383
3.37191039	1.4099
3.41750919	1.3555
3.47007611	1.2842
3.50586288	1.2079
3.51167172	1.1366
3.49133144	1.0903
3.46001885	1.0745
3.39313616	1.1107
3.32829184	1.1878
3.28849774	1.2719
3.29008855	1.3212
3.31968443	1.3421
3.37291717	1.3503
3.43035865	1.3535
3.48476651	1.3324
3.54348605	1.288
3.60302417	1.2403
3.62822958	1.2214
3.59692516	1.248
3.52490988	1.2784
3.44434481	1.3139
3.40404118	1.3519
3.39506325	1.385
3.41298165	1.3901
3.44541746	1.3693
3.49364411	1.3301
3.5618734	1.2845
3.63581553	1.2596
3.67657016	1.2616
3.66040796	1.2887
3.5959393	1.3133
3.5137634	1.3389
3.42949048	1.3552
3.35942866	1.3664
3.31858612	1.3538
3.31827925	1.3205
3.36845004	1.264
3.46412106	1.2122
3.57083886	1.1899
3.63365013	1.2047
3.63152341	1.2331
3.59141366	1.277
3.54594424	1.3298
3.515863	1.3788
3.5002125	1.4208
3.49182406	1.4491
3.49645916	1.44
3.5182966	1.3812
3.54573181	1.3152
3.56782924	1.2895
3.56955988	1.3254
3.55087901	1.3845
3.51838566	1.4411
3.46331432	1.4917
3.39671643	1.5374
3.33973682	1.5765
3.31356154	1.588
3.32427543	1.5486
3.36628147	1.4727
3.42009842	1.3848
3.47776108	1.3087
3.53094193	1.2619
3.56968432	1.2766
3.57372246	1.3509
3.54862723	1.4628
3.50504394	1.5585
3.47587382	1.6045
3.46000449	1.6137
3.45674597	1.5885
3.46500499	1.5341
3.48616568	1.4548
3.5075803	1.3705
3.51160931	1.3043
3.4817852	1.2817
3.43216652	1.3046
3.37915921	1.3633
3.33725766	1.4391
3.31089908	1.5186
3.30324776	1.5899
3.30854174	1.64
3.32256447	1.6487
3.34552027	1.606
3.38058521	1.5417
3.41328995	1.479
3.42988909	1.4445
3.41464688	1.4358
3.38293429	1.424
3.34110604	1.398
3.30056595	1.374
3.28423561	1.3622
3.30752036	1.3673
3.35725314	1.3829
3.41717462	1.3877
3.47785134	1.3818
3.5352676	1.3823
3.56468733	1.408
3.55579936	1.4564
3.51349406	1.4999
3.46537093	1.5089
3.42397823	1.4869
3.3988493	1.4579
3.40625593	1.4324
3.45542723	1.3992
3.5211042	1.351
3.56930398	1.2963
3.59129375	1.2547
3.56977486	1.2595
3.51184435	1.31
3.42709974	1.3871
3.34468077	1.4638
3.29731756	1.528
3.28434568	1.5725
3.30081122	1.6045
3.34388718	1.6064
3.3991254	1.549
3.45605807	1.4449
3.50849411	1.349
3.5382411	1.2881
3.52780595	1.2661
3.47341322	1.275
3.40464381	1.3054
3.34170475	1.3531
3.29465123	1.4008
3.27114321	1.4132
3.26752944	1.397
3.28544586	1.3638
3.32317701	1.3234
3.35814348	1.2856
3.38423337	1.2554
3.39526308	1.236
3.38608135	1.2506
3.37983462	1.2968
3.3786143	1.364
3.38041377	1.4304
3.38409401	1.4667
3.37276097	1.4855
3.36603692	1.4869
3.3706232	1.4794
3.38321597	1.4654
3.39551291	1.4463
3.39505462	1.4363
3.39574532	1.4388
3.40981246	1.4492
3.43270092	1.4619
3.44254061	1.4781
3.4454315	1.4906
3.44615071	1.4897
3.45309102	1.469
3.46717809	1.4264
3.4687569	1.3954
3.44934874	1.3836
3.4317781	1.384
3.43710183	1.3743
3.45872774	1.3615
3.46503869	1.3612
3.45774705	1.3613
3.44355387	1.3549
3.45333439	1.3263
3.47983061	1.2885
3.50560688	1.2658
3.51625143	1.2644
3.50525712	1.2792
3.49012468	1.298
3.482599	1.3142
3.48497467	1.343
3.49146598	1.3654
3.4953633	1.3851
3.48758908	1.3876
3.46809933	1.3726
3.44164256	1.3602
3.42052636	1.3334
3.43288027	1.3166
3.46510646	1.2876
3.48086888	1.2766
3.47136752	1.2814
3.45758513	1.2863
3.46316076	1.2819
3.48305636	1.2741
3.50218831	1.2661
3.51616913	1.2579
3.51731128	1.2395
3.51452009	1.2155
3.50173021	1.21
3.48188983	1.2224
3.45543785	1.2463
3.45071258	1.2597
3.45578807	1.2723
3.46706009	1.2849
3.47812849	1.2858
3.47795384	1.2639
3.48544191	1.2213
3.51465379	1.1783
3.54494853	1.1546
3.55007565	1.1525
3.52115715	1.1676
3.48465009	1.1937
3.45504955	1.2292
3.42866348	1.2726
3.39092738	1.3131
3.35543053	1.3403
3.33671275	1.3478
3.33730981	1.3281
3.35236241	1.2852
3.37142536	1.2507
3.38485244	1.2383
3.38721992	1.2545
3.4000232	1.281
3.40869506	1.3122
3.39695319	1.352
3.35406965	1.3974
3.31368545	1.4237
3.29337063	1.4271
3.29036002	1.4161
3.30867446	1.4015
3.33924352	1.3775
3.39036247	1.3346
3.46084993	1.2925
3.54329132	1.2685
3.60613586	1.2777
3.61494172	1.3197
3.57520016	1.3684
3.52627556	1.401
3.50267273	1.4041
3.49981629	1.4011
3.49620388	1.3847
3.48098597	1.3606
3.46871951	1.3272
3.46875311	1.3059
3.48416393	1.3084
3.49622907	1.347
3.49651609	1.3948
3.49902304	1.4285
3.51616327	1.4303
3.55000794	1.404
3.58251507	1.3782
3.60810985	1.3585
3.61250188	1.3453
3.60728369	1.3366
3.59455355	1.3604
3.56849852	1.4216
3.528838	1.4992
3.47432023	1.5528
3.43609274	1.55
3.43220343	1.5175
3.46279896	1.4645
3.51736463	1.4069
3.59614805	1.345
3.7029175	1.2855
3.80094189	1.2591
3.85777285	1.2758
3.84719798	1.3149
3.77184374	1.3669
3.6768979	1.4106
3.59829357	1.4395
3.56385027	1.4452
3.58316472	1.4313
3.65202854	1.4016
3.74844412	1.3661
3.8455547	1.3207
3.91960749	1.2762
3.937625	1.2526
3.87974193	1.2577
3.76603154	1.2904
3.64879841	1.3515
3.56389443	1.4121
3.5229125	1.4551
3.51044785	1.4594
3.5130616	1.4471
3.53273893	1.4178
3.57452042	1.3649
3.61321666	1.3208
3.6241419	1.2993
3.58987929	1.3125
3.53140307	1.37
3.48011385	1.4482
3.45078889	1.4994
3.43753384	1.5007
3.43106045	1.4591
3.43122892	1.3902
3.44693263	1.3064
3.49726908	1.2253
3.55014032	1.1713
3.57740943	1.1494
3.56847656	1.1655
3.53086109	1.2322
3.51833125	1.324
3.53387942	1.4133
3.5536546	1.4637
3.57419275	1.4801
3.60806822	1.4644
3.66608683	1.4257
3.73998259	1.3767
3.77013992	1.3405
3.73772942	1.3254
3.64253258	1.3423
3.54332929	1.3627
3.46784771	1.3916
3.42249611	1.4039
3.41266597	1.3995
3.44451529	1.3742
3.50844004	1.3415
3.58441526	1.306
3.64654862	1.2723
3.68038078	1.2495
3.66419285	1.2505
3.60829846	1.2896
3.54129303	1.3598
3.51119619	1.4165
3.49618866	1.4469
3.50647116	1.4403
3.53224933	1.4102
3.57151281	1.3676
3.62511311	1.3091
3.67762358	1.2395
3.6993467	1.1792
3.66696068	1.1552
3.5730147	1.1791
3.47121356	1.2391
3.40087414	1.301
3.35696002	1.3522
3.33555098	1.3949
3.32869825	1.419
3.33213362	1.4212
3.36200529	1.4096
3.41057374	1.3791
3.45358463	1.3593
3.48038077	1.3528
3.48645113	1.3705
3.49170634	1.401
3.49188749	1.4283
3.47401944	1.4501
3.46069871	1.4585
3.46308266	1.4496
3.48957018	1.4238
3.52637178	1.38
3.54605734	1.3349
3.53585501	1.3038
3.5085156	1.2905
3.4752711	1.292
3.44200055	1.3101
3.40404658	1.3467
3.37439019	1.3885
3.36349976	1.4289
3.3680603	1.4364
3.39611848	1.4204
3.43878975	1.3782
3.48787232	1.3177
3.54218069	1.2683
3.58418884	1.2408
3.61564863	1.2391
3.61924079	1.2611
3.5905181	1.2998
3.54755611	1.355
3.52481212	1.4117
3.53447936	1.4517
3.56223954	1.4629
3.58445633	1.4507
3.57917852	1.4288
3.54932677	1.4005
3.5036822	1.4002
3.47310119	1.4083
3.45622089	1.4152
3.44351253	1.4062
3.42706842	1.3812
3.41345917	1.3511
3.41714399	1.3318
3.44109052	1.3166
3.49130385	1.2805
3.56535611	1.2358
3.61706517	1.2215
3.63089483	1.2454
3.6220871	1.2957
3.58592719	1.3585
3.54497837	1.4041
3.50614598	1.4223
3.4809633	1.4113
3.47610386	1.3823
3.48630047	1.3257
3.50790293	1.256
3.52168419	1.1873
3.52118762	1.1376
3.51678141	1.1113
3.51837934	1.1054
3.5117976	1.1348
3.48850338	1.1921
3.46034592	1.2635
3.4478727	1.3235
3.46112589	1.3668
3.49527575	1.3914
3.52631109	1.3948
3.54776108	1.3738
3.57161232	1.3189
3.61343633	1.2531
3.64338921	1.2145
3.61828432	1.2158
3.54884992	1.2462
3.46815295	1.2816
3.40348085	1.2922
3.3660752	1.2764
3.33788513	1.2609
3.32044192	1.2618
3.34021026	1.2564
3.40454881	1.2245
3.50554963	1.1854
3.603179	1.1731
3.64688334	1.1732
3.63858406	1.1908
3.61706112	1.2068
3.61382744	1.2228
3.62936513	1.2476
3.63391578	1.2622
3.62510282	1.261
3.61143687	1.2357
3.59486685	1.1999
3.5959731	1.163
3.61893409	1.1413
3.6393718	1.1312
3.62486842	1.134
3.57533286	1.127
3.48331884	1.1286
3.40818934	1.1384
3.3784852	1.1611
3.39493613	1.1978
3.43683051	1.2303
3.47821998	1.2595
3.51106311	1.295
3.53697358	1.338
3.56170722	1.3717
3.58304256	1.3819
3.59628189	1.3881
3.59992512	1.3933
3.58636457	1.3865
3.5668101	1.3683
3.55745129	1.3253
3.56173235	1.281
3.58134575	1.2621
3.5887267	1.2729
3.56182308	1.311
3.51111808	1.3475
3.43809869	1.3793
3.38635092	1.4032
3.37043018	1.4132
3.37684888	1.4042
3.39012888	1.364
3.41369598	1.2979
3.45351217	1.234
3.51869193	1.1883
3.56855068	1.1892
3.59241899	1.2287
3.59458514	1.2923
3.59124175	1.3595
3.58182823	1.4045
3.55049827	1.4262
3.51258814	1.4286
3.49741443	1.4022
3.50363721	1.3535
3.533621	1.2956
3.56369212	1.2465
3.58215033	1.2326
3.58468862	1.2417
3.56931339	1.274
3.54346498	1.3118
3.50426967	1.3549
3.47172878	1.3865
3.47655882	1.3994
3.53314619	1.3853
3.62885279	1.3417
3.72937633	1.3031
3.80255684	1.2804
3.83430331	1.2836
3.80655495	1.3095
3.73764938	1.3335
3.64303943	1.3693
3.55644244	1.423
3.49712527	1.4631
3.46494834	1.4681
3.46436503	1.4331
3.49542042	1.3767
3.55670389	1.3263
3.62284454	1.2955
3.67313566	1.278
3.70455946	1.2723
3.71937486	1.277
3.73129478	1.288
3.71982217	1.3095
3.68696334	1.333
3.66113848	1.3591
3.6596431	1.3837
3.68311512	1.3933
3.7082349	1.3936
3.71112709	1.3838
3.68111415	1.3671
3.63062623	1.3598
3.60184161	1.3591
3.59724268	1.3554
3.59265869	1.3537
3.58990922	1.3389
3.60224663	1.3102
3.62344804	1.2883
3.66058862	1.2781
3.69493706	1.2759
3.70966954	1.2858
3.69387675	1.3056
3.66296299	1.3327
3.63720224	1.3673
3.61845057	1.4024
3.58862845	1.434
3.56219063	1.4431
3.55450446	1.425
3.57910254	1.3836
3.63821643	1.3352
3.69589583	1.2962
3.72799013	1.2649
3.70161947	1.2478
3.63204345	1.2504
3.55538156	1.2835
3.4959956	1.3383
3.45238289	1.4015
3.43645653	1.4396
3.44271393	1.4499
3.46676868	1.4502
3.50563861	1.429
3.5427418	1.4087
3.5753302	1.3747
3.60028187	1.3403
3.60537526	1.3253
3.58830651	1.3371
3.55783957	1.3618
3.52748791	1.3847
3.50983134	1.4032
3.51188277	1.3869
3.53693242	1.3532
3.56208143	1.3165
3.58541909	1.2804
3.60510159	1.2496
3.60737548	1.2249
3.57607511	1.2318
3.52415423	1.2655
3.46941382	1.3244
3.42832769	1.3859
3.41035818	1.4286
3.426542	1.4379
3.47988347	1.4236
3.55617795	1.3894
3.64405624	1.3402
3.72763204	1.281
3.79016242	1.2313
3.8208502	1.2216
3.79477603	1.2723
3.72902635	1.3544
3.65196616	1.4164
3.5894366	1.4354
3.5570526	1.42
3.56406696	1.3869
3.60036995	1.3452
3.65885244	1.2786
3.7286351	1.2016
3.79194514	1.1548
3.82800568	1.1463
3.79834666	1.1817
3.71665602	1.2467
3.63652487	1.3168
3.59281127	1.3715
3.58160237	1.404
3.59365296	1.4017
3.62352779	1.3651
3.67634918	1.2884
3.73620661	1.2245
3.76974835	1.2122
3.75788744	1.2396
3.69644416	1.2912
3.62354468	1.3512
3.54912033	1.413
3.49099175	1.451
3.45314317	1.4483
3.44392872	1.3986
3.47581681	1.3192
3.55332354	1.2221
3.65289814	1.1289
3.7385236	1.0576
3.78735816	1.0229
3.81229112	1.0366
3.79381863	1.1021
3.73336936	1.1918
3.65575851	1.2786
3.59566763	1.337
3.57241367	1.3558
3.5829742	1.3372
3.61871933	1.294
3.67744202	1.2426
3.73963851	1.2039
3.76812542	1.1867
3.74298503	1.195
3.67665576	1.2158
3.60275155	1.2471
3.5566147	1.2838
3.54198809	1.3052
3.54198619	1.3129
3.55379529	1.2983
3.58388561	1.2648
3.62423786	1.2396
3.65902026	1.235
3.65366542	1.262
3.61755026	1.3081
3.56583364	1.3464
3.51937042	1.3635
3.47883728	1.3698
3.46710168	1.3615
3.47697013	1.3356
3.50441838	1.2879
3.54252891	1.2217
3.57599958	1.1684
3.60240543	1.1389
3.61824564	1.1423
3.61178461	1.183
3.58057039	1.2379
3.53383209	1.3072
3.50285273	1.3546
3.5039957	1.3734
3.5524528	1.3573
3.6390157	1.3016
3.7491063	1.2247
3.84168601	1.1533
3.88781633	1.1189
3.87991772	1.1384
3.81532341	1.1922
3.70319955	1.2591
3.57795042	1.3191
3.48444152	1.3498
3.4470233	1.3496
3.47472916	1.2963
3.55590422	1.2014
3.67006327	1.0991
3.78277832	1.0169
3.85099008	0.9718
3.82881059	0.9891
3.74876634	1.0644
3.62955087	1.197
3.50921599	1.331
3.41137463	1.4359
3.35162331	1.4708
3.3375042	1.4594
3.3852547	1.4048
3.49101882	1.314
3.61113325	1.2065
3.69946169	1.1068
3.71889348	1.0468
3.65260329	1.055
3.53668018	1.1323
3.42261464	1.2539
3.35805103	1.3634
3.33440679	1.4208
3.33688064	1.4317
3.36334173	1.3948
3.42525339	1.3203
3.51886364	1.2264
3.614852	1.1525
3.64890565	1.119
3.59834394	1.1252
3.50909454	1.1697
3.43893919	1.229
3.41095	1.2789
3.40408933	1.3191
3.41464831	1.3445
3.45068964	1.3349
3.52243264	1.2832
3.61101793	1.2149
3.66609652	1.1723
3.65740327	1.1717
3.60386308	1.2007
3.52350565	1.2475
3.4387671	1.2883
3.36250273	1.3117
3.31067319	1.3137
3.30071631	1.281
3.3389943	1.2164
3.42572317	1.1357
3.52802815	1.0777
3.60008746	1.0597
3.61879993	1.0976
3.59185389	1.1839
3.53563767	1.2943
3.46532984	1.4016
3.41044748	1.4735
3.39173105	1.4964
3.41124456	1.4575
3.45939097	1.3799
3.52719517	1.2961
3.58654914	1.2474
3.64109545	1.2389
3.667512	1.2617
3.6376183	1.3187
3.54804012	1.3925
3.44379159	1.459
3.38907277	1.4918
3.39571746	1.4831
3.4653138	1.4321
3.56565013	1.342
3.65502511	1.2281
3.72486451	1.1403
3.78130437	1.1272
3.79856159	1.1971
3.72524356	1.3346
3.58618315	1.4672
3.44967082	1.5733
3.36357948	1.6258
3.32276958	1.6389
3.32663513	1.6129
3.37300508	1.528
3.46232119	1.3829
3.57629308	1.2305
3.66161463	1.1255
3.6706159	1.1007
3.61750752	1.1572
3.53617203	1.2781
3.45724389	1.4269
3.39945528	1.5587
3.36297105	1.6446
3.35628834	1.6771
3.38126743	1.6563
3.45519881	1.5762
3.56268406	1.451
3.66575069	1.3173
3.72565407	1.215
3.72203499	1.1669
3.64124666	1.1946
3.50499383	1.2892
3.36971555	1.4201
3.28550819	1.5408
3.25990421	1.6076
3.28019713	1.6137
3.3355133	1.5821
3.41513099	1.521
3.50991276	1.436
3.59442042	1.3584
3.64757499	1.3113
3.63782216	1.315
3.56929235	1.3738
3.48606886	1.4494
3.42408047	1.5127
3.38877949	1.5461
3.37880882	1.5583
3.39670098	1.534
3.43486735	1.4607
3.48541899	1.3472
3.53078305	1.2416
3.55217128	1.1822
3.53764862	1.1685
3.49905938	1.1817
3.44831117	1.2202
3.40034199	1.2581
3.3733787	1.2847
3.38840884	1.2832
3.4496645	1.2625
3.5194962	1.2478
3.55644822	1.2498
3.5474746	1.283
3.50818899	1.3441
3.46556992	1.4146
3.42176846	1.4755
3.39586717	1.5085
3.37851684	1.5133
3.38171198	1.4711
3.41596483	1.3928
3.46914097	1.3117
3.52128927	1.2549
3.55340179	1.2442
3.5622112	1.2758
3.53153068	1.3507
3.46170707	1.4463
3.37937741	1.5307
3.31112729	1.5741
3.29344113	1.5695
3.3215729	1.5177
3.37422978	1.4351
3.44998713	1.3225
3.57490508	1.1985
3.72980129	1.1241
3.83920389	1.0989
3.82600837	1.1418
3.70551975	1.2411
3.5570181	1.3475
3.44082045	1.4253
3.38961598	1.4706
3.4088369	1.4751
3.45786411	1.4308
3.50320822	1.3234
3.54406787	1.173
3.57492359	1.0509
3.59245642	0.999
3.57465813	1.0078
3.5205677	1.0667
3.4607145	1.1435
3.40559251	1.2266
3.37256648	1.3162
3.35933551	1.3875
3.38386384	1.4096
3.47347366	1.3765
3.60493328	1.3069
3.71324829	1.2248
3.76181714	1.1571
3.77019554	1.1235
3.73857175	1.128
3.65994255	1.1662
3.56658982	1.2199
3.49509525	1.2834
3.46104917	1.3379
3.47046655	1.3694
3.51992417	1.3617
3.57309688	1.3294
3.62666829	1.2714
3.66818116	1.2278
3.69871971	1.2072
3.67644104	1.2143
3.59050008	1.2398
3.49145633	1.2806
3.43901547	1.3103
3.45964251	1.3229
3.51067358	1.3303
3.57308453	1.3207
3.61649141	1.311
3.64696546	1.2864
3.64635424	1.2682
3.5971438	1.2735
3.52432905	1.3069
3.45755133	1.3462
3.4175106	1.3559
3.3851788	1.3325
3.35873157	1.284
3.34847686	1.2163
3.37767603	1.1474
3.44778242	1.0901
3.51819443	1.063
3.53997636	1.0627
3.50554376	1.0837
3.4583198	1.1264
3.43337901	1.1769
3.43548245	1.2112
3.44579366	1.2308
3.45482921	1.2216
3.4753824	1.1828
3.52445449	1.1322
3.58160776	1.0901
3.61238436	1.0815
3.60228403	1.113
3.57995074	1.1702
3.55019324	1.2419
3.51671129	1.3151
3.47618224	1.3749
3.45476835	1.4049
3.46717573	1.3925
3.52061058	1.3323
3.58680639	1.2604
3.63293491	1.1956
3.63708784	1.1546
3.58756316	1.1424
3.50565819	1.1614
3.40819585	1.2217
3.32979289	1.3153
3.28327669	1.4014
3.26613139	1.4484
3.28165763	1.4588
3.32863806	1.4373
3.39657988	1.3793
3.4871773	1.2906
3.57389128	1.1958
3.61026915	1.1208
3.56636036	1.1012
3.47220299	1.1433
3.39481067	1.222
3.35059142	1.2964
3.31644426	1.3584
3.28945357	1.3883
3.2809318	1.3824
3.31615256	1.3371
3.40189421	1.2543
3.50138289	1.1467
3.56527402	1.0386
3.57912421	0.9472
3.57641787	0.9031
3.54433125	0.9208
3.45451736	0.9742
3.34859794	1.0454
3.28784861	1.1046
3.28803312	1.1426
3.34787715	1.1596
3.44956209	1.1522
3.5774872	1.1191
3.7000628	1.0783
3.78149684	1.0584
3.78918105	1.0815
3.71989742	1.1475
3.61034225	1.2346
3.51354829	1.3116
3.45686817	1.3662
3.43968315	1.3957
3.45702924	1.3971
3.50719722	1.3636
3.58275024	1.3022
3.64814103	1.234
3.67723059	1.1851
3.66684017	1.1725
3.6177132	1.1951
3.53966029	1.2351
3.46093902	1.2753
3.41242019	1.3149
3.40350525	1.3314
3.42806832	1.3187
3.46698342	1.2737
3.50228153	1.2244
3.5219253	1.1981
3.53861902	1.1838
3.55263247	1.1815
3.53170449	1.192
3.47598306	1.2138
3.41902824	1.2396
3.3928583	1.2384
3.42477252	1.1941
3.50442545	1.1202
3.5969359	1.0339
3.66396907	0.941
3.70446277	0.8769
3.72764124	0.8549
3.71465115	0.8782
3.65954684	0.9277
3.58359173	0.9869
3.52169711	1.0511
3.50809698	1.1106
3.53224056	1.1383
3.59235037	1.1255
3.65801971	1.0922
3.70547117	1.0586
3.74687354	1.0414
3.74718566	1.0474
3.67541001	1.0713
3.57741564	1.1263
3.50200171	1.2115
3.4468245	1.298
3.41546333	1.3471
3.40636758	1.3614
3.42953319	1.3503
3.47468376	1.3036
3.52578203	1.22
3.53672578	1.1295
3.47754962	1.0694
3.37940743	1.0621
3.3029185	1.1128
3.27799981	1.2088
3.26802268	1.3143
3.26175333	1.3847
3.2657412	1.4165
3.3064584	1.4304
3.39140574	1.4162
3.50526125	1.3656
3.60642012	1.2893
3.65363256	1.2077
3.64617603	1.1348
3.61601037	1.1104
3.59387923	1.136
3.57824141	1.202
3.56104216	1.2772
3.52239034	1.3507
3.49142399	1.409
3.48279556	1.4366
3.50958868	1.4228
3.56315882	1.3803
3.62090099	1.3186
3.65851881	1.2542
3.66431625	1.2054
3.65803931	1.1985
3.65247316	1.2153
3.61914342	1.2502
3.58596759	1.2974
3.56894407	1.3414
3.58017186	1.359
3.60803732	1.3463
3.62570212	1.3287
3.64192712	1.302
3.65840065	1.2881
3.65947834	1.2915
3.63205919	1.3114
3.5922037	1.3259
3.54744374	1.327
3.5158727	1.3052
3.5057546	1.2777
3.52872368	1.2348
3.56692091	1.1913
3.60343083	1.1478
3.62527469	1.1274
3.63238102	1.1419
3.62407836	1.196
3.61365513	1.263
3.59897375	1.3118
3.58612696	1.3352
3.5790012	1.3303
3.58680904	1.3016
3.61726167	1.2613
3.66343659	1.2275
3.69520619	1.2088
3.71424101	1.2113
3.7194762	1.2398
3.71178372	1.2849
3.69524884	1.3392
3.68622637	1.3799
3.67226345	1.4076
3.67623064	1.4108
3.69301749	1.3817
3.71691255	1.3386
3.75351645	1.2837
3.77908619	1.2373
3.78013858	1.2043
3.75177415	1.1924
3.72734659	1.2119
3.70341178	1.2602
3.67041465	1.3205
3.62688381	1.3751
3.58133693	1.4119
3.56298344	1.4316
3.5851592	1.4291
3.65029283	1.3972
3.72148526	1.3337
3.75226835	1.253
3.73780889	1.1895
3.71716922	1.1619
3.68940761	1.1777
3.63182457	1.2147
3.55643032	1.2749
3.49132301	1.3459
3.46951789	1.3978
3.49731481	1.4239
3.55379607	1.414
3.6116507	1.387
3.6677876	1.3502
3.71820838	1.3091
3.73456858	1.2851
3.68753595	1.2695
3.59311569	1.2724
3.51241411	1.2764
3.47944887	1.274
3.50114258	1.2516
3.5658352	1.218
3.6586343	1.1844
3.76358416	1.1489
3.85438326	1.1083
3.91213492	1.0851
3.92581504	1.0925
3.88589176	1.1236
3.79538242	1.1575
3.68486398	1.1945
3.58453092	1.2281
3.5208366	1.2653
3.5180311	1.2929
3.56799158	1.3088
3.65360781	1.2918
3.73370268	1.2438
3.78655842	1.1945
3.82753003	1.1673
3.84619194	1.1714
3.84682121	1.1856
3.79408916	1.2086
3.68452118	1.2543
3.56484577	1.3181
3.49217999	1.3642
3.47470709	1.3758
3.4965268	1.3533
3.5225232	1.3178
3.54623394	1.2842
3.5885705	1.2537
3.65573484	1.2248
3.70267228	1.2145
3.70367918	1.218
3.67586774	1.2252
3.63702246	1.2342
3.60121313	1.2372
