3.07909792	1.1825
3.14555576	1.1834
3.17643036	1.0262
3.12242062	0.6838
3.0916185	0.9832
3.03476337	1.0159
2.99083763	1.0086
2.98372231	1.0176
3.01535456	1.0509
3.07029326	1.0936
3.11262404	1.0972
3.12116312	0.9559
3.10414618	0.75
3.06268309	0.785
3.01242751	0.9532
2.95909957	1.039
2.92313845	1.0117
2.91102318	0.9126
2.92042449	0.8033
2.93553139	0.7063
2.9502314	0.6564
2.97304555	0.7584
2.9450188	0.9721
2.93668366	0.9824
2.96002371	1.0567
3.00957455	1.1732
3.0473137	1.2529
3.0593973	1.2755
3.03160978	1.2412
2.97560325	1.1062
2.90989956	1.0401
2.86751142	0.9489
2.86340666	0.9061
2.89995831	0.8799
2.97647457	1.0495
3.06000573	1.1636
3.12258472	1.2305
3.14071907	1.2343
3.11170118	1.1186
3.04466674	1.0273
2.99705211	0.9738
2.97381345	0.9232
2.99368592	0.9411
3.03571822	0.9953
3.08864137	1.0677
3.12249895	1.1137
3.14183575	1.1455
3.14313113	0.977
3.14220098	1.0395
3.14452342	1.0734
3.14708193	1.0895
3.14463253	1.0982
3.13420234	1.0332
3.10942589	1.1218
3.06863718	1.1112
3.01582468	1.0705
2.96924546	1.0095
2.96543269	0.9576
3.02320149	0.9573
3.1030359	0.9586
3.1915403	0.9553
3.25675081	1.09
3.30025025	1.1137
3.30616523	1.1162
3.27953363	1.0902
3.21888702	1.0395
3.16118282	1.0017
3.1200737	0.9872
3.09350051	0.9867
3.06304333	0.9788
3.03037741	0.9538
2.99996234	0.9223
2.98649168	0.912
2.99238115	0.9327
3.01463246	0.9755
3.06601358	1.0374
3.11628399	1.0831
3.15275453	1.103
3.15829096	1.0801
3.13092403	1.0175
3.08646359	0.9319
3.02894361	0.8395
2.98437187	0.7911
2.96323683	0.8133
2.97719279	0.9016
3.02689262	1.0222
3.0877527	1.1153
3.12822567	0.9233
3.15011869	0.9149
3.15991838	1.0494
3.1327704	0.9607
3.09033029	0.8814
3.04170281	0.8524
2.99800666	0.8711
2.98356258	0.9274
3.004095	1.0012
3.02753177	0.9948
3.07282628	0.9933
3.10715731	1.0122
3.1533706	0.7848
3.17367984	0.9882
3.19041361	1.003
3.18258769	1.0043
3.16690647	1.0174
3.13541158	1.024
3.09819665	1.0232
3.06572034	1.0153
3.03911293	0.6179
3.05055558	1.0056
3.07682441	1.0358
3.12069813	0.8305
3.14896293	0.9156
3.1735674	1.0811
3.16659932	1.0753
3.1308186	1.05
3.07296027	1.0077
3.03265816	0.9691
3.01787889	0.9481
3.02491727	0.9542
3.04484374	0.981
3.05224967	0.9917
3.03076626	0.9242
2.97144387	0.6869
2.97260834	0.564
2.91814449	0.5573
2.82428253	0.5298
2.86343791	0.8
2.91330329	0.9009
2.96546261	0.9248
2.99620505	0.9432
2.99179445	0.9533
2.96824921	0.9607
2.95170543	0.9569
2.94859407	1.0251
2.97897949	1.0647
3.0245777	1.0991
3.05606384	1.1029
3.07685373	0.8947
3.08260118	1.0363
3.06412216	0.9725
3.04258196	0.9289
3.01615847	0.9153
3.00380167	0.9446
3.00848621	0.7278
3.02155727	1.096
3.00680513	1.1441
2.96758944	1.13
2.93021839	0.9262
2.89190382	1.0079
2.89376573	0.9822
2.90966608	0.959
2.94576919	0.9695
2.98846447	1.0127
3.0233894	1.0644
3.03775882	1.0922
3.03029981	1.0282
2.99363841	1.002
2.95699845	0.9565
2.94246282	0.8841
2.95441548	0.8342
2.98367165	0.9426
3.00661486	1.001
3.01908161	1.0644
3.01842504	1.1009
2.99456653	1.0871
2.95537797	1.0375
2.90103182	0.9513
2.86786092	0.8772
2.86384501	0.8316
2.89202902	0.8397
2.9311109	0.8797
2.96394953	0.9315
2.97745613	0.9711
2.95727118	0.9698
2.92066703	0.9454
2.88402243	0.9156
2.88568998	0.9168
2.90450358	0.9374
2.94138189	0.9723
2.97570376	1.011
2.99262768	1.0412
2.98806757	1.0539
2.97172287	1.0446
2.93727384	1.0125
2.91239274	0.9751
2.92717009	0.9655
2.96586984	0.986
3.00083907	1.0196
3.03374609	1.0626
3.0345122	1.0801
3.02333018	1.084
2.99316307	1.0641
2.96808851	1.0231
2.94326935	0.9407
2.92387877	0.8032
2.9273906	0.8722
2.92003237	0.939
2.91838216	0.9688
2.91064432	0.9938
2.91239137	1.0277
2.93315975	1.071
2.96523045	1.1133
3.0049782	1.1421
3.0414411	1.1401
3.068215	1.1414
3.07331682	0.9953
3.05666879	1.0632
3.02656581	1.0022
3.01141296	0.9742
3.0105697	0.9873
3.01864453	0.9906
3.03249207	0.6318
3.08852805	0.9866
3.07184137	0.6448
3.07809899	1.1955
3.06063656	1.1477
3.02603684	1.0613
3.01633401	0.9764
3.0242849	0.9197
3.02609324	0.8907
3.01344755	0.8724
2.98340431	0.7563
2.97723896	0.7984
2.9761388	0.9396
3.00728848	0.9549
3.05038202	0.9977
3.09094004	1.0217
3.12179631	1.0381
3.13264588	1.0413
3.11985092	0.8943
3.07589334	1.0251
3.01201768	0.9889
2.95664149	0.9544
2.94843946	0.9605
2.96480907	0.8289
2.99774625	0.9871
3.05012652	1.1078
3.08773585	1.1555
3.1010559	1.1673
3.09356235	1.1514
3.07556532	1.1232
3.06102655	1.0919
3.05096552	1.0685
3.06410875	1.0721
3.07791972	1.0815
3.10054302	1.0658
3.12102544	1.1086
3.12580371	1.144
3.13116363	1.1656
3.12721034	1.1674
3.12088119	1.1644
3.11308239	1.1298
3.11231199	0.9458
3.09521461	1.0931
3.07377789	1.0825
3.03947498	1.0439
3.00019031	1.0072
2.97311698	1.0089
2.96602451	1.041
2.98461035	1.0994
3.00434665	1.1518
3.00745267	1.1747
2.9940717	1.1699
2.96891393	0.9344
2.93401697	1.0689
2.91724469	1.0253
2.91730298	0.9962
2.94849022	0.9872
3.00648859	1.0803
3.06975312	1.1624
3.12371411	1.2274
3.14952298	1.2485
3.13953611	1.2163
3.10856238	1.1379
3.0479423	1.0383
2.9991171	0.9733
2.97433189	0.9342
2.9855161	0.9456
3.01660122	0.9908
3.04732092	1.0449
3.06845308	1.0701
3.06890419	1.1013
3.06363989	1.0874
3.06299568	1.0559
3.07810156	0.6788
3.10892256	1.0251
3.13398987	1.0419
3.14457593	1.0628
3.13551812	1.0696
3.10430113	1.0143
3.06245308	0.6364
3.02707947	1.0185
3.0186856	0.7786
3.0097727	0.5853
3.04366714	0.796
3.07634401	0.8933
3.10189627	0.951
3.10487826	0.9838
3.09242139	1.0121
3.07294201	1.0247
3.06322127	1.0194
3.05360681	1.0001
3.05343211	0.9923
3.03863491	0.9736
3.01882723	0.9557
3.00283024	0.9395
2.99303603	0.9207
2.99425468	0.7918
3.05210213	0.8546
3.09601083	1.0062
3.15802597	1.0471
3.16191154	0.624
3.19972783	1.1522
3.17348138	1.1317
3.11372552	1.0654
3.03287574	0.98
2.9578226	0.9235
2.89984338	0.9032
2.87999321	0.9279
2.90333054	0.9845
2.9576058	1.0323
3.01145767	0.943
3.04972123	1.0116
3.07042432	0.9573
3.06643475	0.8896
3.03755793	0.8464
3.00386715	0.8472
2.97774193	0.8842
2.97201297	0.9408
2.98468103	0.9936
2.99492442	1.0063
3.0122825	0.9869
3.0291786	0.9309
3.04310595	0.8713
3.04620589	0.8299
3.04073252	0.8385
3.03197841	0.8808
3.03898347	0.942
3.06391258	1.0094
3.0745833	1.0415
3.06888665	1.0342
3.04666522	0.9947
3.01806293	0.9412
2.993233	0.8989
2.97562244	0.881
2.97204701	0.8969
2.9782128	0.9334
3.01349547	0.9927
3.05479615	1.0308
3.10396144	1.0412
3.15634712	1.0377
3.20321822	1.0236
3.23073363	0.9991
3.23668513	0.9884
3.20289134	0.934
3.15831335	0.9356
3.09714467	0.9269
3.04713758	0.9084
3.02144011	0.9509
3.01430422	0.9513
3.03276044	0.9564
3.06958738	0.9578
3.10252479	0.9554
3.13338777	0.9552
3.15249557	0.9673
3.15068495	0.9888
3.12184738	1.0103
3.09265899	0.9723
3.06659629	0.9879
3.04990672	1.0198
3.04374823	1.0308
3.03412918	1.0123
3.01938138	0.9926
3.01746898	0.9795
3.02384535	0.9912
3.03418935	1.0322
3.04616008	1.0875
3.06727259	1.1385
3.07839346	1.1519
3.0631879	1.0713
3.03462927	0.7841
3.01691411	0.7133
3.04135293	0.8392
3.08285776	0.8323
3.12191396	0.8596
3.14175217	0.9355
3.14051245	1.0326
3.14747348	1.1152
3.14179213	1.1381
3.11958777	1.0862
3.08251257	0.9792
3.05118729	0.874
3.04988056	0.8186
3.05952518	0.8142
3.06824861	0.8745
3.07224776	0.9821
3.07544524	1.0873
3.0798399	1.1581
3.06422117	1.1532
3.03314014	1.11
3.00284151	1.0417
3.00464526	0.9819
3.03803909	0.9524
3.0829958	0.9648
3.1236192	1.0139
3.14214045	1.0738
3.14890128	1.1224
3.1295713	1.1315
3.10406127	1.1114
3.07767702	1.0769
3.06439538	1.0417
3.06783618	1.0214
3.07956176	1.0183
3.08245198	1.03
3.07039119	1.0473
3.02937205	1.0405
2.98355145	1.0141
2.94877162	0.9574
2.94595553	0.8978
3.00113287	0.8788
3.08651712	0.8936
3.16149174	0.9458
3.18645194	0.9951
3.16242703	1.0266
3.10627725	1.0331
3.03591079	1.0142
2.96600038	0.9765
2.92284082	0.9389
2.92000776	0.9133
2.96618613	0.9265
3.03068237	0.9617
3.08284477	1.0092
3.09960332	1.0463
3.10259246	1.0832
3.08567786	1.1418
3.07002656	1.1619
3.05896494	1.1581
3.05218914	0.8036
3.06419832	1.167
3.07826079	1.123
3.0971387	1.0619
3.10702484	0.999
3.09904838	0.9566
3.06202438	0.934
3.02332672	0.9046
3.01131349	0.6018
3.03624811	0.9805
3.06667867	1.0646
3.10391746	1.0547
3.14179858	1.0298
3.16202633	0.98
3.15387317	0.9215
3.11254907	0.8786
3.03828174	0.8689
2.99268896	0.8796
3.00001771	0.9305
3.03359267	1.0474
3.08401238	1.0273
3.11284651	0.9463
3.14837751	1.0617
3.15919751	1.0186
3.14244494	0.9695
3.08887104	0.9366
3.02873885	0.9637
2.99951498	1.0326
3.00860914	1.119
3.04072099	1.1739
3.05680441	1.1805
3.07857208	1.0685
3.09118264	1.0737
3.10677946	1.0087
3.11266502	0.9343
3.10547754	0.8873
3.09549896	0.9317
3.09008984	1.0374
3.07756318	1.0764
3.07660108	1.0732
3.09229021	1.0228
3.1235832	0.9501
3.17344042	0.9113
3.20118793	0.9156
3.20069106	0.9632
3.16881048	1.0154
3.12154349	1.0431
3.06769029	1.044
3.00224142	1.0361
2.9402509	0.9899
2.91607883	0.9202
2.93615024	0.866
2.99070729	0.8559
3.03569681	0.8705
3.07047407	0.9036
3.06156841	0.9212
3.03980937	0.9815
2.99466321	1.0256
2.94542079	1.0187
2.90676797	0.9577
2.9127987	0.886
2.96281418	0.8493
3.01967521	0.8669
3.05472575	0.9182
3.05464008	0.9754
3.02411086	1.0095
2.97771434	1.0221
2.94121675	1.0216
2.9331629	1.0257
2.94377557	1.0267
2.97855541	1.0239
3.02665655	1.004
3.07812179	0.9836
3.11158406	0.9732
3.10743122	0.9711
3.06400706	0.9798
3.02216363	1.0074
2.99463107	1.0443
2.98059265	1.0316
2.98180953	1.026
2.99347899	1.0048
3.00005617	0.9517
2.99618436	0.8892
2.98297679	0.8399
2.95723283	0.8286
2.93900965	0.8688
2.94761412	0.9418
3.0001515	0.9903
3.03977347	1.0933
3.07103556	1.1087
3.0750993	1.0359
3.05218566	0.9544
3.01505559	0.8723
2.97829303	0.7994
2.95592982	0.7912
2.96057634	0.8414
3.01230234	0.9376
3.08347967	1.029
3.13447535	1.0821
3.14870064	1.0865
3.12753006	1.0454
3.08836575	0.9818
3.04243352	0.9272
2.99827134	0.9054
2.97752059	0.9271
2.97747573	0.9835
3.0011316	1.0377
3.03668159	1.063
3.08001003	1.0638
3.1363312	1.0403
3.20633356	1.0157
3.25743337	1.0125
3.26943377	1.0247
3.22283132	0.9523
3.13397155	1.075
3.03546021	1.0806
2.94080671	0.6473
2.85512879	0.9716
2.82423437	0.9065
2.85611904	0.8499
2.94012202	0.837
3.02473437	0.8607
3.06131049	0.8998
3.06402275	0.9471
3.0494049	0.9893
3.02107912	0.9813
2.9808896	0.9787
2.9458928	0.9744
2.93139622	0.9257
2.9523136	0.8822
2.99646471	0.8691
3.02128744	0.8761
3.02884048	0.8987
3.02619848	0.9347
3.0339873	0.9901
3.05150635	1.0492
3.07586046	1.0997
3.09625356	1.1021
3.11834677	1.0578
3.13482562	1.043
3.14247665	1.0253
3.13804108	0.9868
3.11027777	0.94
3.07728121	0.9284
3.05841708	0.9552
3.06197952	1.0205
3.07744248	1.0804
3.10751581	1.1253
3.13204967	1.1075
3.15549806	1.0871
3.16741876	0.9818
3.15188515	0.5988
3.12777428	0.8569
3.06484174	0.8716
2.990108	0.8865
2.95137813	0.9326
2.93691294	0.9814
2.9426655	1.0206
2.95373099	1.0336
2.97587996	1.0353
3.00415359	1.01
3.03697894	0.99
3.06017856	0.9865
3.05500532	1.0016
3.03366355	1.0341
3.00495213	1.0561
2.96431453	1.047
2.91043756	1.0063
2.85955628	0.9326
2.8550627	0.876
2.90816297	0.8603
2.98250836	0.897
3.06673396	0.9907
3.13731108	1.1039
3.17765889	1.1653
3.17243859	0.839
3.16751641	0.8972
3.06778195	0.5603
3.02937043	0.8556
3.03428343	0.8137
3.06746361	0.7993
3.10125876	0.8673
3.12585321	0.9839
3.14032455	1.1041
3.14324338	1.1815
3.1291081	1.1964
3.08567742	1.1362
3.02319391	1.0205
2.96738341	0.8902
2.9500804	0.8283
2.95201774	0.836
2.96258532	0.9046
2.99125652	1.0013
3.0247361	1.0848
3.05631128	1.1363
3.07454633	1.1345
3.07541585	1.0927
3.08496935	1.0522
3.10860859	1.0113
3.13397267	0.9834
3.14262674	0.9998
3.12142512	1.0263
3.08020883	1.0691
3.02586249	1.0856
2.97236054	0.9672
2.92997763	0.9295
2.91896001	0.9744
2.94063789	0.9463
2.98434104	0.916
3.02764015	0.892
3.04728028	0.883
3.03286313	0.8883
2.98940736	0.8931
2.94087445	0.7621
2.97210579	0.8513
2.98827542	0.9694
3.04250485	0.6879
3.06988236	0.999
3.10409294	0.9894
3.10740707	0.9506
3.07712712	0.9139
3.02765568	0.9103
2.97617135	0.9372
2.95708077	0.9986
2.96840002	1.0811
3.01454817	1.1497
3.04390749	1.1626
3.05624501	1.112
3.01686604	1.0456
2.95917832	0.9683
2.90002571	0.917
2.87263053	0.9123
2.88255985	0.9395
2.92610559	0.9769
2.99479638	1.0218
3.07178045	1.0594
3.15257463	1.0654
3.21833691	1.0602
3.23286674	1.0346
3.19385076	1.0114
3.11806293	1.0078
3.0512195	1.0321
3.00669417	1.0681
2.99068511	1.1045
2.99170337	1.1236
3.00460973	1.1243
3.03128173	1.1014
3.06127473	1.0611
3.10056781	1.0213
3.13735167	0.873
3.1622986	1.0426
3.1767604	1.1203
3.17195812	1.1634
3.14679524	1.1659
3.10976572	1.1227
3.06273705	0.867
3.00077588	0.934
2.97296324	0.9276
2.97209751	0.9359
2.97632577	0.9734
2.98613574	1.0314
2.9935574	1.0317
2.99778332	0.8253
2.97908282	1.1151
2.96065326	1.0856
2.94881399	0.8739
2.96472515	0.9538
3.02164376	0.9601
3.09603729	0.9729
3.16318956	1.0228
3.18877207	1.086
3.17255281	1.1348
3.13630025	1.1628
3.08544166	1.1499
3.03363026	1.1566
2.98157804	1.1019
2.95327343	1.0415
2.94576366	0.9198
2.96973495	0.9877
2.99456569	1.0066
2.99296066	1.0245
2.96407407	1.037
2.92258969	1.0427
2.87842551	1.0296
2.85972958	0.9899
2.8659462	0.9211
2.90280451	0.9231
2.96652136	0.9949
3.03774036	1.0494
3.08176191	1.0708
3.09497481	1.0535
3.06895596	0.9255
3.01901301	0.7698
2.97210121	0.7544
2.96283331	0.9
2.97325884	0.9934
2.99618111	1.049
3.03517445	1.115
3.07078138	1.1734
3.09677753	1.205
3.10948891	1.2458
3.10280961	1.2435
3.07915493	1.2047
3.05852066	1.141
3.04632399	1.0628
3.05679061	1.0068
3.08358112	0.9815
3.11278646	0.995
3.12835729	1.0462
3.13052684	1.1124
3.11194455	1.1499
3.08832726	1.1712
3.07112249	1.1684
3.0700702	1.1501
3.07346782	1.0736
3.06216808	1.0139
3.04824007	0.9282
3.01976788	0.8652
3.00743991	0.859
3.00002573	0.911
3.01705067	0.9885
3.05269565	1.0595
3.10272829	1.1482
3.14270131	1.1807
3.14821012	1.1547
3.11175925	1.1033
3.02865443	0.9818
2.92772495	0.8739
2.8639932	0.835
2.85571979	0.8823
2.92274297	1.0011
3.03936411	1.1379
3.13904292	1.2194
3.19876344	0.7442
3.20835975	1.2539
3.1708647	1.2206
3.10426504	1.1494
3.01781335	1.0616
2.9599862	0.9862
2.94023969	0.9239
2.97138259	0.9852
3.02844448	1.0844
3.08733543	1.1461
3.13773292	1.1744
3.16346377	1.1652
3.16507843	1.129
3.1370227	1.0772
3.09283424	1.0198
3.04178991	0.9672
3.00148071	0.9453
2.97509261	0.9446
2.98330729	0.957
2.99852139	0.9632
3.02543479	0.9797
3.03365936	0.9832
3.02526606	0.9857
2.99981352	0.9907
2.97896609	0.9955
2.97430099	0.54
2.97071244	0.8917
2.98435767	1.0537
3.01161695	1.0593
3.04667658	1.0376
3.08158727	1.0002
3.08363504	0.9514
3.05320119	0.9101
3.00675721	0.9012
2.97533842	0.9336
2.97159789	0.9987
2.9967385	1.0724
3.04214977	1.1271
3.09232712	1.1443
3.13913004	1.1318
3.17338798	1.0997
3.1811096	0.9098
3.15868212	0.839
3.12560125	0.8663
3.08601477	0.9045
3.04651662	0.9469
3.03189297	0.9907
3.03693068	1.0207
3.06443744	1.0277
3.10114273	0.9871
3.16114147	0.5192
3.1809903	0.8811
3.1973729	0.8946
3.20079758	0.8423
3.17023103	0.8547
3.14982374	1.0547
3.1231397	1.0847
3.09453203	1.0704
3.06312304	1.0169
3.05063617	0.9509
3.07217405	0.9037
3.12303365	0.8921
3.18278699	0.9132
3.21354106	0.9176
3.20859198	0.7912
3.16836611	0.5787
3.11989049	0.7025
3.05148064	0.9144
2.97607862	0.9024
2.92160732	0.838
2.910967	0.7965
2.94667543	0.8063
3.02632489	0.8811
3.09988075	0.9762
3.15652664	1.0637
3.16634118	1.112
3.13658423	1.1156
3.08711063	1.0686
3.04033684	0.9911
3.00404233	0.5062
3.02149174	0.8616
3.03536215	0.8858
3.07102552	0.945
3.09419484	1.008
3.10244827	1.0324
3.11607554	0.6886
3.08864258	1.0504
3.05883611	0.9938
3.06190826	0.6278
3.06475466	0.946
3.09500501	0.96
3.11086609	0.9753
3.11304328	1.0017
3.09650882	1.0235
3.06564472	1.0075
3.03367262	0.9406
3.01974561	0.9435
3.03825816	0.9413
3.07863848	0.9296
3.12137542	0.9191
3.13133484	0.9097
3.11082721	0.9174
3.05557025	0.9338
2.99097018	0.5408
2.96848772	1.0167
2.95531702	1.0515
2.97137663	1.0187
2.99192199	1.0315
3.03728908	1.0376
3.082596	0.9925
3.12193458	0.9453
3.13976287	0.9162
3.14710245	0.9368
3.14762113	0.9888
3.16426752	1.0717
3.19341596	1.152
3.21306916	1.1269
3.19643451	1.1067
3.16624772	1.0622
3.11867463	0.9386
3.06535839	0.8111
3.01250291	0.736
2.97032808	0.7329
2.97419819	0.8121
3.03949937	0.95
3.12501636	1.067
3.18939883	1.0983
3.21660024	1.0557
3.21382687	1.027
3.18286653	0.9702
3.11435603	0.8733
3.03992098	0.8123
2.99056621	0.8158
2.9882758	0.8796
3.02636748	0.972
3.08319124	1.0502
3.13713521	1.0947
3.17479797	1.0889
3.19807295	1.0509
3.19206746	0.9555
3.15943561	0.8594
3.10997889	0.8833
3.04341025	0.9425
2.96624803	0.9433
2.91022139	0.9372
2.88583324	0.916
2.90790816	0.9063
2.97191243	0.9191
3.0604714	0.9635
3.13869107	0.9324
3.18976573	1.0998
3.20445903	1.1688
3.1798378	1.189
3.12262966	1.1684
3.03349661	1.0861
2.9453513	0.9191
2.90979291	0.8977
2.9376115	0.8675
3.00180705	0.8811
3.06475635	0.9158
3.11348284	0.9539
3.12806154	0.9013
3.14719832	0.6156
3.10138887	1.0914
3.05511488	1.084
3.01661127	1.0374
3.00310298	0.9975
3.02019031	0.9802
3.04720986	0.8481
3.06157033	0.9693
3.05691737	0.9883
3.04470081	1.0159
3.02722133	1.0467
3.02241809	1.0783
3.0260522	1.1022
3.04665877	1.1219
3.0880749	1.1372
3.13622555	1.1428
3.18288077	1.1421
3.19250812	1.1174
3.16539982	1.0721
3.11128842	1.0009
3.05564314	0.8546
3.00928275	0.664
2.94775915	0.7111
2.94677209	0.9567
2.97524228	1.0321
3.02717632	1.0565
3.08622792	1.0652
3.14006877	0.9885
3.15619997	1.1014
3.14259822	1.1065
3.10813382	1.0986
3.06417764	1.0879
3.01896026	1.0477
2.99328806	1.002
2.99071886	0.9586
3.016079	0.938
3.04885909	0.9504
3.08987895	1.0004
3.13314164	0.7217
3.15247791	1.1203
3.15598206	1.1744
3.1340928	1.1923
3.08669867	1.1653
3.02685338	1.0394
2.96757665	0.9882
2.94070288	0.9484
2.9471746	0.9113
2.95672185	0.8791
2.96745902	0.772
3.03058318	0.7206
3.0277412	0.9899
3.03471758	1.0715
3.03576089	1.0978
3.02846314	1.0704
3.01589364	1.0393
3.01140377	1.0066
3.00022318	0.9828
2.98911587	0.9834
2.98012689	1.0198
2.98279062	0.9615
2.99672575	0.9062
3.00316181	1.0239
3.00356435	1.0951
3.00462313	1.0832
3.00929545	1.0411
3.01381548	0.996
3.00736126	0.9107
2.98413868	0.619
2.9974944	0.8461
3.00636774	0.8805
3.02293112	1.0668
3.05024511	1.1742
3.0478966	1.1647
3.04326851	1.1402
3.03811554	1.1044
3.02814171	1.0629
3.01222423	1.0221
2.99851183	0.6377
2.99386503	1.0001
3.01470663	0.6837
3.02868604	1.046
3.02831565	1.0793
3.02202896	1.0595
3.01113889	1.0175
2.99602703	0.9615
2.98231529	0.905
2.966515	0.8751
2.95346673	0.8774
2.96252248	0.9241
3.00686908	1.0042
3.06377539	1.0754
3.10394991	1.0995
3.12305923	1.0707
3.13260036	1.021
3.12645636	0.9668
3.09302839	0.9091
3.06627793	0.8943
3.02625398	0.9056
3.00929066	0.9566
3.01831823	1.0171
3.03924149	1.0589
3.06502785	1.0751
3.08493796	1.0579
3.08871732	1.009
3.08909407	0.9592
3.09293423	0.9287
3.10961327	0.9418
3.11256306	0.967
3.09649214	0.9926
3.0692133	1.0069
3.03679347	0.9942
3.00634362	0.9566
2.99113066	0.8798
2.99300202	0.6547
3.03678902	0.6967
3.04551535	0.707
3.04573568	0.9716
3.04163554	1.0568
3.01740104	1.0529
2.97178879	1.0165
2.92591077	0.965
2.90517167	0.9148
2.92196377	0.8743
2.97855642	0.8216
3.04077038	0.586
3.12596394	0.8974
3.14302066	1.0017
3.12563911	0.8323
3.0697517	1.1612
2.97244686	1.0502
2.8965593	0.9401
2.86127526	0.8617
2.88925721	0.8455
2.96222505	0.8953
3.05475737	0.9886
3.11310704	1.0759
3.1322619	1.0865
3.11133963	1.0578
3.05440962	1.0818
2.98463345	1.0055
2.93966612	0.756
2.89445796	0.8434
2.91496083	0.9276
2.9663763	0.9494
3.02720148	0.9819
3.07293239	1.0196
3.09430798	1.0283
3.09229739	1.0623
3.07992708	1.1066
3.0765276	1.1088
3.06963769	1.0914
3.05265463	0.9618
3.00490308	0.8498
3.00581581	1.003
3.02104533	1.0141
3.02863223	1.0079
3.01831623	0.9243
3.05314318	0.6862
3.06657056	1.0242
3.11212508	1.0908
3.14696183	1.1117
3.15682109	0.9269
3.15146317	1.1105
3.14954988	1.1204
3.14716722	1.1222
3.1482295	1.1257
3.13430914	1.1101
3.12082772	1.0953
3.10726246	1.0877
3.09626598	1.0733
3.07165774	1.0588
3.04342004	1.0452
3.04553492	1.0417
3.06986724	1.0224
3.12431122	1.0582
3.16857294	1.1243
3.19924762	1.1458
3.21332472	1.062
3.1860845	1.1332
3.14807418	1.1194
3.0834021	1.0596
3.01149031	0.9944
2.96627101	0.9544
2.961179	0.9508
2.98074595	1.0024
3.02949713	1.0734
3.07271648	1.1283
3.10420016	1.1262
3.0981272	0.8005
3.09354841	1.0991
3.06395826	1.0758
3.00616114	1.0168
2.94439536	0.9499
2.8968368	0.8959
2.88819302	0.889
2.92135112	0.9353
2.99438337	1.0049
3.07223728	1.0539
3.13095971	1.003
3.14752423	0.6203
3.15640658	0.9212
3.14898382	1.0999
3.11150139	1.0625
3.07168769	1.007
3.03584675	0.9698
3.01060244	0.9566
3.01241324	0.9751
3.03441872	1.0087
3.05820409	1.0463
3.09631825	1.0866
3.11943272	1.0922
3.13093474	1.1056
3.11924114	1.002
3.08415137	1.0635
3.03870398	1.0126
2.98839799	0.9851
2.9709904	0.9843
2.97648058	0.9948
3.01026228	1.0216
3.04360523	1.0532
3.0855643	1.0757
3.10854819	1.0933
3.10752983	1.0921
3.08919134	1.08
3.05430418	0.9078
3.01845834	1.058
2.9790797	1.0396
2.96981125	1.0306
2.98598781	1.0295
3.01954048	1.0176
3.04469331	0.9899
3.05261864	0.957
3.05569378	0.9492
3.04705808	0.9746
3.02982783	1.0106
2.9943904	1.0256
2.95601597	0.9588
2.93373747	0.7307
2.9503971	0.9359
2.96996061	1.0137
2.98906298	1.0073
2.99765189	0.9799
3.00281509	0.9572
3.01053032	0.9619
3.01203644	0.9853
3.00357471	1.0019
2.98815201	0.9199
2.99818379	0.9838
3.02663354	1.0395
3.05853127	0.676
3.07344903	1.054
3.08206313	1.049
3.07555317	1.0502
3.03358001	1.0341
2.96733941	1.0086
2.89018361	0.9639
2.8294722	0.9137
2.79994953	0.8753
2.81014298	0.8592
2.86131435	0.8619
2.93886107	0.9052
3.02431121	0.9728
3.08140903	1.0349
3.09823284	1.0748
3.071446	1.0808
3.00610094	1.0453
2.94164189	0.9906
2.88969834	0.9368
2.86469515	0.9091
2.88978975	0.9095
2.96233913	0.9591
3.05429674	1.0272
3.13830191	1.0713
3.19162397	0.9489
3.192758	1.1343
3.16231876	1.0796
3.10468296	1.0597
3.03231082	0.9855
2.96497715	0.9126
2.92576278	0.8699
2.91509913	0.8631
2.92396184	0.8829
2.95279338	0.9083
2.98746918	0.7568
3.04174928	1.0105
3.07358428	1.001
3.10395682	0.7183
3.10403709	0.988
3.114633	1.0329
3.09822979	1.0056
3.06424515	0.9777
3.02031336	0.9482
2.98381045	0.9444
2.97784597	0.9686
2.99544187	0.9893
3.03341016	0.8308
3.08638985	0.6619
3.14156214	0.8861
3.17936408	1.0888
3.18933932	1.0814
3.16830447	1.0388
3.13511278	1.0083
3.11521822	1.0102
3.10103558	1.0252
3.08747237	1.0364
3.07523868	1.0394
3.06933314	1.0274
3.05807358	0.9913
3.04825814	0.9352
3.03291822	0.8095
3.0307405	0.7924
3.05515661	0.94
3.10813709	0.9967
3.17387051	1.011
3.21861161	0.5929
3.1888664	0.997
3.16765692	1.0809
3.12522148	1.0545
3.06405588	0.9854
2.98672502	0.9104
2.9252172	0.8668
2.90931869	0.8851
2.93735697	0.9345
2.99979555	0.9907
3.06413227	0.7293
3.10741972	1.1058
3.13366956	0.7003
3.12079359	1.0641
3.09044451	1.0549
3.05030531	1.0101
3.01070826	0.9712
2.97404123	0.9399
2.96769972	0.93
2.98195178	0.8921
3.01648984	0.9802
3.06601994	1.0631
3.12030421	1.0939
3.16142792	1.0967
3.17045962	0.6538
3.16761225	1.0687
3.14333355	1.0387
3.10079189	1.0041
3.06004566	0.9747
3.03166241	0.9597
3.01494559	0.9477
3.02990586	0.8236
3.08330546	0.9089
3.13198715	1.0675
3.16989624	1.1121
3.18741848	1.0048
3.16744662	1.0838
3.13594751	1.0995
3.10369376	1.0904
3.07890169	0.9933
3.09120294	0.8705
3.12927519	0.9255
3.18424566	1.0004
3.22941142	0.9556
3.25037004	0.6415
3.21287304	0.8296
3.1679954	0.8405
3.11420262	0.8127
3.07134988	0.811
3.04203509	0.935
3.03375054	1.0353
3.04415055	1.053
3.07759107	1.0552
3.11626383	1.0477
3.13655162	1.0244
3.13683332	1.0001
3.11823746	0.7011
3.1027408	1.0057
3.0891446	1.0277
3.08308106	1.0498
3.07151243	1.0542
3.06383145	1.0513
3.0599127	1.0341
3.05251607	1.0137
3.04897549	1.0085
3.04657863	1.0179
3.03789568	1.0177
3.02820087	0.8033
3.06163896	0.6059
3.03591783	1.003
3.03802725	1.0645
3.02196097	1.0178
3.02352084	0.9829
3.02712857	0.9631
3.04159205	0.9695
3.05483092	0.999
3.06733148	1.0421
3.0713456	1.079
3.06384515	1.081
3.05202855	1.059
3.04646372	1.0232
3.04345841	0.9744
3.04244552	0.9352
3.05351198	0.9316
3.06870521	0.9604
3.08342155	1.0035
3.09348438	1.0514
3.09483044	1.0912
3.09842362	1.1093
3.08653907	1.0917
3.08583632	1.059
3.08703449	1.0115
3.09248762	0.9656
3.11424807	0.9485
3.14910019	0.9614
3.19807899	0.9954
3.24619905	1.0486
3.27365668	1.0824
3.2737753	1.0915
3.23623495	1.0637
3.16303547	1.0068
3.08008912	0.942
3.01151211	0.8951
2.9739665	0.8702
2.9821889	0.8882
3.01655125	0.9375
3.06441553	0.9973
3.12824915	1.0633
3.17547391	1.099
3.20175757	1.0736
3.20081222	0.9884
3.17642498	0.9184
3.15715121	0.908
3.1442815	0.9098
3.12989606	0.9126
3.10046598	0.9285
3.08320829	0.9639
3.08228958	1.0133
3.08986817	1.0063
3.11185928	0.8486
3.11551205	0.9941
3.11281432	0.91
3.08803685	0.7343
3.10896389	0.9855
3.11756731	1.0169
3.11668566	1.0409
3.10807266	1.0676
3.08831231	1.079
3.05295206	1.0727
3.01845506	0.6889
2.98223661	1.0153
2.96391655	0.9925
2.9744804	0.9914
2.99564548	0.9124
3.02451586	1.0711
3.05551256	1.1235
3.07953617	1.1558
3.08178508	1.1339
3.05856909	1.0462
3.02058603	0.9515
2.9952112	0.9073
2.99993081	0.904
3.01270522	0.9245
3.02287838	0.9674
3.02200382	1.0156
3.00906535	1.0426
2.9937969	0.6079
2.9736276	0.7722
2.96546577	1.0242
2.98078358	1.0025
3.01512185	0.9937
3.06630604	1.0031
3.1001215	1.0233
3.11987505	1.046
3.10268468	1.0355
3.05479178	1.0029
3.01443173	0.821
2.98472153	0.9424
3.00619722	0.9609
3.08380701	0.7855
3.14951483	1.0487
3.20204039	1.0974
3.21807354	1.0997
3.18233774	1.0678
3.11774804	0.993
3.03621388	0.917
2.96188381	0.849
2.93117482	0.8284
2.95578075	0.857
3.03432865	0.9355
3.11716646	1.0189
3.16992608	1.0752
3.18242408	1.0897
3.14944549	1.0687
3.08743288	1.0233
3.01811352	0.9752
2.98882969	0.9642
3.00545853	0.9835
3.05866497	1.0251
3.12868226	1.0578
3.18423734	1.0749
3.2160075	1.0707
3.19909849	1.0543
3.15936056	1.0457
3.10708373	1.0406
3.06839088	1.0504
3.03963762	1.059
3.02254859	1.0449
3.01948621	1.0078
3.03604427	0.9557
3.05723158	0.8849
3.08310665	0.8457
3.10393279	0.8468
3.1125341	0.8936
3.12350123	0.9756
3.13789731	1.058
3.13899394	1.1026
3.11435163	1.1035
3.06050394	1.0463
3.00151327	0.9463
2.96462057	0.8582
2.95661619	0.8203
2.96282737	0.8466
2.98778722	0.9217
3.03055237	1.014
3.06946784	1.0531
3.10338408	1.1238
3.11709438	1.1211
3.11490935	1.0455
3.11717438	0.96
3.13131026	0.9106
3.14324132	0.9047
3.14448175	0.9485
3.12416068	0.9981
3.0954016	1.0404
3.06180278	1.0613
3.03977331	1.0622
3.02367653	1.0359
3.02278184	1.0032
3.05280736	0.984
3.10490062	1.0014
3.14718341	1.0346
3.16960194	1.0544
3.15808402	1.0455
3.11353744	1.0075
3.06430699	0.9602
3.01237334	0.9121
2.97851979	0.885
2.96918675	0.8959
2.99338843	0.9099
3.01774934	0.8921
3.0466007	0.887
3.08055989	0.9749
3.10215749	1.0314
3.10673154	1.0323
3.10365152	1.0126
3.09507199	0.9896
3.09347269	0.9783
3.09405377	0.9689
3.09277315	0.9461
3.06735278	0.8372
3.02850978	0.8121
2.98583016	0.8721
2.96393843	0.9103
2.98005637	0.9588
3.03176186	1.02
3.0933995	1.0738
3.14338214	1.102
3.16482777	1.0904
3.14429045	1.034
3.08205928	0.9459
2.99656607	0.8595
2.91677837	0.811
2.88351824	0.8254
2.92492632	0.9108
3.01071241	0.976
3.10033227	0.8058
3.18608837	0.9929
3.23971671	1.1072
3.24343244	1.0698
3.20872897	1.0061
3.13867153	0.9572
3.07882085	0.9643
3.04790959	0.8698
3.04567494	1.0831
3.0536387	1.1288
3.06457546	1.1257
3.070804	0.904
3.08585594	0.9808
3.08783033	0.9007
3.07757546	0.8644
3.05720716	0.8874
3.04124966	0.9487
3.04464503	1.0223
3.04218973	1.0592
3.03143183	1.0505
3.01404399	0.9976
3.00035187	0.9157
3.00145292	0.841
3.01093489	0.8072
3.02295449	0.809
3.03388104	0.8301
3.06533615	0.886
3.07601159	0.9513
3.0779806	0.988
3.0662733	0.9861
3.04802615	0.956
3.05047683	0.9531
3.05191488	0.9624
3.04828012	0.9916
3.04340369	1.0341
3.01528896	1.0287
2.98835507	0.6896
2.92692535	0.9135
2.88173108	0.87
2.88492447	0.8422
2.93314711	0.859
3.01688992	0.9293
3.09871491	1.0183
3.15679702	1.0889
3.17810181	1.1307
3.16944287	1.1364
3.128602	1.0067
3.07844498	0.9897
3.0592377	0.982
3.07537929	0.9711
3.107685	0.9801
3.13730366	1.0035
3.15372987	1.0299
3.15023579	1.0481
3.1270491	1.0513
3.0929059	1.0481
3.04585062	1.0221
3.01903027	1.015
3.00149904	1.0008
2.99506772	0.9797
2.99067064	0.9139
2.99059996	0.7408
3.0180194	0.9083
3.03734508	0.9911
3.05693887	1.0193
3.06497907	1.0491
3.0682529	1.0768
3.06133147	1.0827
3.03813613	1.0656
2.99777905	1.0202
2.94074303	0.8587
2.91422247	0.6714
2.92823894	0.7479
2.97246149	0.8731
3.04491026	1.0802
3.09704828	1.1485
3.11671722	1.1705
3.09594025	1.1356
3.05002833	1.055
2.98383943	0.9443
2.92832326	0.8403
2.92306184	0.7973
2.95661818	0.8174
3.02041458	0.8931
3.07804595	0.9839
3.11480877	1.0463
3.11841326	1.0675
3.08266501	1.0282
3.02262687	0.9761
2.96226678	0.9269
2.94367412	0.9228
2.97236765	0.9603
3.02546206	1.0133
3.07869114	1.0522
3.11092216	1.0638
3.11769792	0.9294
3.10703836	0.9318
3.0861126	0.9276
3.08192409	0.9072
3.09489568	0.9171
3.12189015	0.6326
3.15002957	1.0642
3.17429538	1.1165
3.18149288	1.1229
3.15833218	1.0962
3.10594585	1.0268
3.03653198	0.9302
2.99364449	0.8688
2.99030943	0.8613
3.03248287	0.8685
3.09452537	0.9805
3.15415296	1.0923
3.19674004	1.155
3.21490379	1.1658
3.20385944	1.1225
3.17465272	1.0279
3.14784273	0.9371
3.13142687	0.8364
3.11969878	0.5902
3.08306027	0.9572
3.05701139	1.0004
3.02675567	0.9999
2.98341936	0.9742
2.95602278	0.9494
2.94071771	0.9252
2.96440235	0.9195
3.00204411	0.9501
3.04231215	1.026
3.04894977	1.0497
3.02031683	1.0386
2.96774573	1.0085
2.89846263	0.9571
2.83504763	0.892
2.80616093	0.8389
2.84169325	0.6685
2.93058634	0.9187
3.04028574	1.0284
3.11827283	1.1124
3.15949923	1.1514
3.16380678	1.1283
3.13236783	1.0978
3.0738247	1.0113
3.01953537	0.9177
3.00047623	0.8654
3.01567812	0.8629
3.05724236	0.8938
3.09266996	0.9263
3.11839947	0.9546
3.13070279	0.9782
3.13365581	0.9857
3.1318957	0.9905
3.14027135	0.9998
3.16180639	1.0099
3.19150823	1.0226
3.21143128	1.0284
3.20213994	1.0127
3.17524047	0.9849
3.13351375	0.9603
3.10539959	0.9314
3.0834392	0.7674
3.11213127	0.5787
3.09399007	0.5665
3.12886842	0.9534
3.15584489	1.037
3.16595576	1.0147
3.16442173	0.9674
3.14900135	0.9143
3.13156082	0.8796
3.11599288	0.8732
3.11229096	0.8956
3.12433	0.9283
3.15769945	0.9729
3.17599477	0.9885
3.1727512	0.9735
3.15522334	0.931
3.12120604	0.8851
3.081099	0.8499
3.05932011	0.8393
3.06378418	0.8668
3.10115357	0.9216
3.146595	0.9757
3.20269954	1.0262
3.24160968	1.0631
3.24372933	1.0609
3.22799173	0.8228
3.19216862	1.0733
3.15599388	1.0991
3.11651165	1.0941
3.07315705	1.0431
3.03890095	1.0338
3.01197516	0.9849
3.01081942	0.943
3.03259294	0.9253
3.06675667	0.9348
3.08385085	0.8952
3.09118177	0.969
3.07148893	1.0156
3.04177855	1.0225
3.01618385	1.0275
2.99974149	1.0018
3.00586322	0.9746
3.02788841	0.9522
3.06227293	0.9435
3.09238209	0.7018
3.12433194	1.0095
3.14530368	1.072
3.15952781	1.1184
3.1641216	1.1326
3.15858136	1.0755
3.13555947	1.088
3.12180901	1.0705
3.10431349	1.0408
3.09335826	1.0229
3.08847261	0.8974
3.07130681	1.0134
3.05264577	0.8221
3.01432893	1.0135
2.99136164	1.0192
2.98983349	1.0292
3.01202282	1.0577
3.05296182	1.0852
3.09259575	1.097
3.12495178	1.0885
3.14156172	1.0688
3.15728787	1.0588
3.16054966	1.0333
3.13433501	0.7511
3.11421118	0.9888
3.08518197	0.9002
3.07238101	1.0692
3.03412615	1.1217
2.99594215	1.0883
2.9747772	1.0463
2.96668197	1.0046
2.99451058	0.9972
3.01684463	1.0005
3.04172471	1.017
3.05332184	1.0357
3.05658623	1.0517
3.03841396	1.0579
3.01031765	1.0305
2.98518732	1.0432
2.96991425	1.0475
2.9618022	1.0564
2.96847923	1.0789
2.973037	1.1003
2.98775716	1.125
3.0031733	1.1269
3.01140402	1.0206
3.03296612	0.6187
3.04562569	0.8338
3.05900486	0.5329
3.11343402	1.0542
3.14751861	1.0996
3.15781678	1.1361
3.12027576	1.1327
3.04947547	0.9991
2.96612664	0.9812
2.87355516	1.0216
2.82332447	0.9826
2.84149567	0.9465
2.90794632	0.9786
2.99314268	1.0081
3.06407886	1.0468
3.10157804	1.0816
3.09738729	1.1003
3.0656974	1.1028
3.01368317	1.082
2.95901563	1.0717
2.92673195	1.0539
2.9326145	1.0521
2.96634025	1.0544
3.00962649	1.0501
3.04725571	1.0448
3.06472559	1.0202
3.06503278	0.9915
3.07023136	0.9874
3.07091653	0.9975
3.08472772	1.024
3.09979038	1.0458
3.09882285	1.0604
3.07392607	1.0337
3.04273421	0.9891
3.00433983	0.9374
2.97317241	0.9038
2.96054623	0.8985
2.96138853	0.9174
2.99377974	0.975
3.04479622	1.0391
3.09350628	1.082
3.12295231	1.0817
3.12604551	1.0112
3.09532808	0.7695
3.0973446	0.5785
3.0548001	0.7376
3.02837399	0.7843
3.03627032	0.5652
2.99663415	0.9603
2.99388022	1.022
2.98932895	0.9976
2.99440003	0.9598
3.00830551	0.9374
3.01661604	0.921
3.02143671	0.9122
3.02972762	0.9153
3.05623862	0.9387
3.08305962	0.9716
3.10834384	1.0019
3.11149825	0.9968
3.10030372	0.9675
3.09420764	0.9574
3.09722573	0.9786
3.10241628	1.0147
3.10048614	1.041
3.1045235	1.0537
3.10877034	1.0459
3.11917859	1.0295
3.13312322	1.0145
3.15243976	1.0006
3.16493678	0.9976
3.18193449	1.0062
3.18827673	1.0229
3.18582901	1.0432
3.1731847	1.0672
3.14758144	1.0793
3.1154379	1.0825
3.09382214	1.0821
3.09662032	1.0807
3.09184707	0.568
3.12776856	1.0257
3.13847925	0.9979
3.16619262	0.9176
3.17294567	0.9546
3.18427726	1.0195
3.17381997	1.0505
3.16394583	1.0928
3.1458409	1.1199
3.12103137	1.0985
3.09409692	0.8869
3.06543175	0.9119
3.03522455	0.9865
3.01710639	0.9666
3.00670453	0.9538
3.01192179	0.97
3.03033967	1.0217
3.05949036	1.0886
3.0882455	0.7401
3.1111137	1.1478
3.11286949	1.141
3.10800943	1.1262
3.08721269	1.0998
3.06119708	1.0757
3.02660136	1.0629
2.99179197	1.0654
2.95904099	1.0787
2.9285862	0.8666
2.88068568	1.0728
2.86039203	1.0616
2.87334501	1.0476
2.90944588	0.9211
2.9586481	1.0436
3.00960673	1.0494
3.05195863	1.0714
3.06709001	1.0852
3.03689524	1.0609
2.96562796	1.0258
2.86046887	0.9262
2.79311968	0.8535
2.7957191	0.8062
2.83769787	0.8069
2.92368893	0.9356
3.0150728	1.0319
3.08612289	1.1081
3.11789629	1.0562
3.11255147	1.1445
3.07785468	1.1219
3.039016	1.0832
3.01781805	1.0457
3.03186168	1.0558
3.06835944	1.0867
3.11122874	1.1271
3.14868151	1.1328
3.17045525	1.1765
3.17430298	1.1825
3.18011841	1.1835
3.19428408	1.1785
3.21344694	1.1716
3.22321008	1.1172
3.22294485	1.1723
3.18837183	1.143
3.12148682	1.0932
3.03401787	1.0327
2.93709559	0.9569
2.87272263	0.9211
2.86241057	0.9341
2.90187839	0.9659
2.98061428	0.8345
3.03996121	1.0234
3.09463606	1.0728
3.11671423	1.0533
3.11239282	1.0017
3.08508466	0.9033
3.0657251	0.8181
3.05329094	0.952
3.0638305	1.0003
3.08438994	1.0564
3.09067606	0.7209
3.0743953	1.0769
3.03133313	1.0212
2.98460389	0.947
2.94910672	0.8809
2.94532482	0.8625
2.97088524	0.8916
3.02522471	0.9683
3.08232529	1.0505
3.10791663	1.0873
3.09357786	1.0741
3.03096449	1.0035
2.94710771	0.9129
2.88443027	0.8366
2.87583717	0.8166
2.92901448	0.86
3.01159012	0.9486
3.08044946	1.0365
3.11921397	1.0874
3.12491048	1.0787
3.09642691	1.0152
3.03547796	0.918
2.96821844	0.8293
2.93048783	0.794
2.93392119	0.816
2.96969056	0.8764
2.99956769	0.9272
3.00815746	0.9476
3.00453778	0.9412
2.97890757	0.9075
2.96285397	0.8789
2.95585799	0.8657
2.97396192	0.891
3.01184977	0.9385
3.05856845	0.9981
3.09717891	1.0499
3.10269919	1.0633
3.07429599	1.0378
3.03448823	0.994
3.00624723	0.9509
2.99654069	0.9138
3.02280781	0.9137
3.06920763	0.9392
3.11305035	0.9722
3.14137143	1.0014
3.14222176	1.0125
3.11492183	1.0005
3.06906115	0.976
3.01508166	0.9338
2.99425554	0.9098
3.00069353	0.895
3.03916731	0.8943
3.08010698	0.8958
3.10966494	0.9049
3.11626374	0.9203
3.08587642	0.9369
3.05395995	0.9713
3.03921869	1.0026
3.04031776	1.0257
3.05070652	1.048
3.06844911	1.0401
3.07324244	1.008
3.07251287	0.9641
3.0570095	0.9174
3.03933756	0.9027
3.03112382	0.9214
3.04303597	0.9754
3.06724751	1.0235
3.10146429	1.0607
3.12473114	1.0644
3.12552188	1.0212
3.10474077	0.9516
3.07609089	0.8885
3.04191683	0.855
3.0051367	0.8667
2.98960663	0.9018
2.99841842	0.9499
3.02491135	0.9281
3.05803166	0.9978
3.10264871	1.0104
3.14186449	1.0016
3.17524153	1.004
3.19449366	1.0207
3.1985938	1.05
3.16742784	1.0615
3.11982524	1.0523
3.06120906	0.9638
3.00658805	0.9599
2.97873065	0.9356
2.98875989	0.9187
3.03038593	0.9254
3.09113799	0.967
3.14566409	1.022
3.16606228	1.0601
3.15102927	1.0677
3.10996291	1.0424
3.05924081	0.9836
3.00955364	0.9179
2.99776214	0.8894
3.02705315	0.9062
3.07789711	0.9428
3.12463592	0.9897
3.14350878	1.0282
3.13540474	1.0345
3.11538247	1.0237
3.08741669	1.0087
3.07425419	1.0065
3.07477597	1.0154
3.09656548	1.0282
3.10818653	1.0238
3.10885709	0.9994
3.08828925	0.9513
3.05534655	0.8953
3.02967416	0.8655
3.02468914	0.8615
3.05454899	0.9043
0.0	0.0
3.18384047	1.05
3.2497894	1.1017
3.29398017	1.1217
3.30899663	1.1001
3.2830545	1.0296
3.24134904	0.9565
3.20538137	0.9167
3.18504656	0.9314
3.17126404	0.9743
3.1719035	1.0283
3.16822722	1.0606
3.15768613	1.0525
3.12995659	1.0088
3.09555497	0.9524
3.06915704	0.9189
3.05064294	0.9193
3.0479423	0.9618
3.05256492	1.0086
3.05504541	1.0279
3.0340635	1.0045
2.99274102	0.9305
2.96599008	0.8457
2.95574666	0.7694
2.99399588	0.7657
3.06093419	0.8466
3.12123032	0.9712
3.1504758	1.0723
3.15205942	1.1161
3.12333262	1.1105
3.07137844	1.0513
3.01761543	0.9419
2.98718857	0.8269
3.0033499	0.7757
3.07336951	0.8165
3.15755563	0.9232
3.22909839	1.041
3.26974597	1.1201
3.27825292	1.144
3.26280819	1.1253
3.22510098	1.0676
3.17737024	0.9888
3.14269709	0.9275
3.11947747	0.902
3.10737013	0.9224
3.0828348	0.9516
3.04359144	0.9778
3.00021434	0.9868
2.9537476	0.9733
2.91893172	0.9564
2.91977084	0.9588
2.96220472	0.9874
3.02976952	1.039
3.08721207	1.0726
3.10782738	1.0607
3.1014864	1.0074
3.07827302	0.9306
3.04423941	0.8612
3.0285288	0.8226
3.04450408	0.813
3.08575846	0.8791
3.13375169	0.9678
3.16774842	1.0302
3.16339308	1.0431
3.12801678	1.0113
3.06302505	0.9412
2.98884322	0.8887
2.94486555	0.8806
2.94206838	0.9111
2.98575362	0.9434
3.04544715	0.9938
3.08620459	1.0322
3.09997342	1.0159
3.08866943	0.961
3.05908877	0.9051
3.03153356	0.8885
3.03088372	0.9273
3.05997218	0.9046
3.12978102	0.7678
3.14649254	0.8583
3.14289742	1.1694
3.09020399	1.1077
3.01280097	0.9922
2.93233574	0.8709
2.88733571	0.8143
2.87873428	0.8288
2.91781891	0.906
2.98660565	1.001
3.0458508	1.0638
3.08424484	1.0649
3.10116681	1.0121
3.11019999	0.9183
3.10532455	0.8183
3.06283476	0.7569
3.0078526	0.7671
2.97154637	0.8339
2.98002406	0.9406
3.01836225	1.0462
3.05522469	1.1061
3.06850642	1.0997
3.08260841	1.048
3.10158076	0.9951
3.11658059	0.9634
3.11791613	0.956
3.11885007	0.974
3.11974346	1.0083
3.11299682	1.0486
3.09865918	1.0506
3.09440801	1.0307
3.10849353	1.0049
3.14094299	0.9926
3.15406676	0.9923
3.15082556	1.0229
3.12193299	1.0534
3.08507615	1.0798
3.0296136	1.069
2.95630662	1.0301
2.86653978	0.9599
2.80391276	0.8951
2.79226843	0.848
2.84102967	0.8348
2.92205814	0.8575
3.01530883	0.9219
3.08324327	0.9946
3.12964247	1.0632
3.14046787	1.1111
3.11139682	1.115
3.07096883	1.0987
3.02954778	1.0484
2.99658438	0.8915
2.97957213	0.6387
2.98968895	0.9135
3.0049044	0.9189
3.00941473	0.9239
3.01375808	0.9554
3.00954702	0.9956
3.02237859	1.0501
3.03910826	1.084
3.06649291	1.0997
3.08201722	1.068
3.08810637	1.0024
3.08323787	0.9493
3.06507754	0.8863
3.02954755	0.8492
2.97632344	0.8475
2.93738781	0.8898
2.92503962	0.9582
2.94819061	1.0288
2.97684047	1.0562
2.99889118	1.0329
3.02349534	0.992
3.03913821	0.9613
3.04697631	0.9538
3.04434425	0.9738
3.02285462	1.0046
2.99529435	1.0325
2.95923103	1.0274
2.93480396	1.0057
2.91886385	0.9635
2.94154612	0.9334
3.00686261	0.9249
3.09715471	0.9555
3.18385163	1.0217
3.23563973	1.0857
3.24793254	1.0992
3.22237958	0.7841
3.15139932	0.8408
3.05498918	0.9117
3.00471529	0.8919
2.98567756	0.8316
3.00574937	0.8372
3.03660357	0.8994
3.06917382	0.9834
3.09486517	1.0606
3.10351786	1.1037
3.07952294	1.094
3.04020601	1.048
3.00750392	0.9756
3.0147464	0.913
3.05727469	0.8936
3.10767334	0.9167
3.13749079	0.966
3.13562717	1.0106
3.10830925	1.0304
3.0711276	1.0037
3.03430319	0.935
3.01899762	0.9672
3.03282595	1.0235
3.05712409	1.0403
3.07837421	1.0433
3.0952758	1.0315
3.08391845	1.0036
3.04465687	0.9674
3.00389733	0.9514
2.98348499	0.9662
3.000012	1.0172
3.04442508	1.0662
3.1098288	1.1051
3.15641438	1.0925
3.18558466	1.045
3.17722995	0.9579
3.14517207	0.8894
3.07691277	0.8446
3.0168019	0.8549
2.99431529	0.9136
3.01771163	1.0131
3.03497537	1.0661
3.04044468	1.063
3.02636846	1.015
3.00527856	0.9408
2.97657115	0.8539
2.95323295	0.8154
2.93612833	0.8419
2.94323408	0.93
2.97389698	1.0342
3.00774188	1.0843
3.01224302	1.0842
3.00307738	1.0247
2.97323569	0.9009
2.93068289	0.6197
2.928491	0.8716
2.94019148	0.9095
2.9728199	0.989
2.99949276	1.0587
3.01919252	1.1044
3.02080515	1.1041
2.99284318	1.0198
2.9684953	0.8816
2.94862038	0.6821
2.95090752	0.5575
2.98206958	0.5504
3.03207194	0.6433
3.09539207	0.8273
3.13396476	0.9707
3.14659693	1.0235
3.13602147	1.0226
3.12728277	0.9967
3.12145104	0.9653
3.12263691	0.8496
3.12859364	0.8384
3.10501183	0.9718
3.06246323	0.9789
3.00361119	0.9326
2.92874493	0.6484
2.88578412	0.967
2.87925411	0.9635
2.93162567	0.9813
3.02587887	1.0258
3.10718913	1.0506
3.14660942	1.0067
3.12783612	0.8843
3.06035935	0.7159
2.96973853	0.5985
2.87687384	0.5667
2.83551858	0.6951
2.84741933	0.7686
2.91471682	0.8476
3.01239462	0.928
3.08717369	0.98
3.13978316	1.0162
3.14493336	1.0245
3.11325315	1.0302
3.06429206	1.0062
3.01332073	0.9501
2.97644174	0.9498
2.95622721	0.7731
2.93224221	0.8021
2.94728347	0.8977
2.96204533	0.8902
2.99734777	0.9164
3.02578707	0.9634
3.07025956	1.0391
3.11396465	1.0976
3.15326808	0.93
3.16202684	1.1485
3.13135066	1.1181
3.0702038	1.0436
3.00086466	0.9431
2.9579714	0.8727
2.94924893	0.8667
2.96960209	0.8597
3.02262278	0.8855
3.04507176	1.0527
3.05308128	1.0455
3.03424454	1.0535
3.00824183	0.983
3.0089886	0.9083
3.02852724	0.866
3.06300063	0.866
3.07057876	0.8976
3.05615422	0.888
3.05231315	0.5661
2.99946321	0.7075
2.9033421	0.4954
2.89281345	0.7196
2.91707249	0.7435
2.97570369	0.7802
3.05688866	0.8627
3.13310393	0.9531
3.18232019	1.018
3.19136148	0.9991
3.16214783	0.6231
3.10685187	0.5283
3.05353375	0.8669
3.00122142	0.903
2.99910756	0.9324
3.00664012	0.9662
3.02645161	1.0061
3.04344	1.034
3.053273	1.0497
3.06369499	1.0465
3.08812626	1.0361
3.10989364	1.014
3.13826311	0.9974
3.16286339	0.9802
3.16963688	0.9574
3.14739937	0.9164
3.10517857	0.8692
3.05723654	0.836
3.03071149	0.832
3.02782385	0.8654
3.04750637	0.9268
3.06863549	0.9798
3.09009503	1.0186
3.09399946	1.0179
3.0644194	0.9653
3.00262926	0.874
2.9364135	0.7823
2.88413661	0.7218
2.87731736	0.7043
2.92207324	0.7468
2.98978739	0.8982
3.05535385	1.0813
3.09466149	1.0974
3.10316585	1.0445
3.08850729	0.9671
3.06394195	0.8902
3.03909265	0.8517
3.03027799	0.8663
3.04537881	0.938
3.06980066	1.0077
3.08591955	1.0174
3.06973255	0.9523
3.02740146	0.9577
2.95726797	0.9433
2.88893696	0.8866
2.84697063	0.8512
2.85099251	0.8709
2.87056772	0.9211
2.90633519	0.9886
2.94204895	0.9988
2.96037063	0.9357
2.95464799	0.9748
2.94631329	0.8959
2.95107235	0.8074
2.98646895	0.8277
3.02715917	0.875
3.0627539	0.9493
3.07889853	1.0229
3.08278216	1.0752
3.06586715	1.0803
3.03689138	1.0409
3.0065224	0.9811
2.99838293	0.9377
3.01332507	0.932
3.04364834	0.9543
3.07733968	0.9954
3.08285786	1.026
3.06620448	1.0374
3.02399793	1.0208
2.98448113	0.9971
2.97190623	0.9666
3.00863615	0.9616
3.08175429	0.9591
3.15091441	0.8515
3.2009437	0.9354
3.18399029	1.1312
3.12628108	1.098
3.02668022	1.0116
2.92729582	0.9268
2.87935984	0.8802
2.91221774	0.8858
2.98581114	0.9229
3.06184575	0.983
3.10618505	1.1001
3.11241973	1.1012
3.07141238	1.0865
2.99449806	1.0417
2.89365462	0.9297
2.83134278	0.4825
2.80893601	0.6609
2.8487956	0.4931
2.88311202	0.706
2.98293193	0.8948
3.05762346	0.931
3.10124022	0.9485
3.1181035	0.9777
3.11396944	1.0292
3.10240722	1.067
3.09700493	1.1453
3.08886343	1.1626
3.06220829	1.115
3.01634267	0.9466
2.97356317	0.9643
2.94930502	0.8843
2.95106026	0.8782
2.98850865	0.9509
3.06602511	1.0659
3.14720285	1.1604
3.20715753	1.1999
3.2268861	1.1729
3.20312554	0.9503
3.1588839	1.0658
3.0993057	0.9583
3.04112417	0.8691
2.98781055	0.8407
2.96844941	0.6563
2.97997365	1.0004
3.02283805	1.0928
3.06677869	1.1445
3.09000461	1.1451
3.09438104	1.0907
3.10034578	1.0368
3.10986305	0.9727
3.12097951	0.9378
3.13163801	0.9287
3.13106314	0.8229
3.14935666	0.887
3.11707793	1.047
3.07891185	1.0347
3.04244164	0.9441
3.02372529	0.9244
3.03455677	0.9157
3.0628236	0.9375
3.0975779	0.9924
3.11955946	1.0493
3.14554397	1.1115
3.16009957	1.1466
3.1415382	1.1421
3.1008118	1.1036
3.0424941	1.0027
2.99972857	0.9335
2.97480652	0.908
2.9672784	0.92
2.97328855	0.9607
2.98148714	1.0123
2.99396486	1.0658
3.01851111	1.1122
3.0499733	1.1386
3.0758688	1.1306
3.08659963	1.1032
3.07252991	0.9325
3.02790166	0.587
2.96945494	0.8851
2.89372715	0.8847
2.83058926	0.8818
2.79967863	0.9146
2.81751634	0.9722
2.8756106	1.0465
2.94811237	1.0977
3.00492151	1.1096
3.02485996	1.0703
3.02383532	1.0106
2.99396655	0.937
2.94447082	0.8847
2.89563011	0.8773
2.88137952	0.9105
2.90206732	0.9049
2.94632565	0.5938
3.01117971	0.6383
3.06894523	1.0964
3.09181798	1.0611
3.10709206	1.022
3.09791552	0.9936
3.07278838	1.0025
3.04245271	1.0335
3.00956768	1.0459
3.00750649	0.7915
2.9982782	1.0809
3.00567706	1.0482
3.0193209	0.9905
3.04744827	1.0161
3.07771278	1.0088
3.09788172	1.04
3.10248061	1.0965
3.09373747	1.1439
3.08472968	1.1403
3.05995173	1.155
3.03452673	1.1024
3.02097878	1.0221
3.03431	0.9733
3.07522396	0.9696
3.11922834	0.9852
3.14517803	1.0415
3.13978443	1.1009
3.11750728	1.1406
3.08624496	1.152
3.05088828	1.131
3.02572066	1.0847
3.02839439	1.0347
3.0472727	0.9869
3.08227618	0.9722
3.10825777	0.9815
3.10823033	1.002
3.07736077	1.0113
3.0380768	1.0176
3.00163967	1.0281
2.97964899	1.0419
2.9885799	1.0508
3.01510316	1.0462
3.06592667	1.0557
3.11437426	1.0654
3.13099086	1.0458
3.1009908	0.9754
3.03959422	0.8411
2.97384044	0.773
2.94050185	0.808
2.95400273	0.9095
2.99410485	0.9866
3.04667627	1.0365
3.09286763	1.0613
3.11967007	1.0537
3.104034	1.0118
3.08000481	0.9659
3.02514405	0.92
2.98682612	0.9134
2.96529406	0.9326
2.97071869	0.9586
2.99024076	0.9791
3.02769412	0.9957
3.06295211	0.9972
3.09863306	1.0052
3.11810359	1.0212
3.13624331	1.0579
3.15240587	1.1086
3.16377775	1.1548
3.1665908	1.1737
3.15584586	1.148
3.12945019	1.0796
3.09425915	0.9847
3.06219462	0.8999
3.05171897	0.872
3.06294503	0.9078
3.10178057	1.0033
3.13593752	1.0934
3.15800397	1.1541
3.15928556	1.1715
3.13524112	1.131
3.09805845	1.0487
3.05667287	0.9399
3.02084397	0.8426
3.01580533	0.8079
3.0329186	0.8429
3.07777561	0.9313
3.13423453	1.0296
3.17876973	0.8818
3.20457832	1.0795
3.19369113	0.9579
3.16449037	1.1117
3.12969432	1.0512
3.08735099	1.0151
3.04251014	0.9986
3.01200155	1.01
2.98267143	1.023
2.96656828	1.0386
2.94413512	1.0301
2.93306305	1.0105
2.93115127	0.9804
2.95186232	0.9501
2.99721988	0.9495
3.04650549	0.9845
3.07620642	1.0467
3.0723526	1.097
3.04965462	1.1201
3.01840107	0.8174
2.96370647	1.0525
2.91520303	0.9874
2.88527086	0.7435
2.85042437	0.8228
2.87219809	0.905
2.88853415	0.9346
2.89344314	0.9768
2.88813822	1.014
2.87519247	1.0236
2.87838932	0.6527
2.86013162	1.0115
2.85323022	0.9822
2.84471607	0.9243
2.8550343	0.8958
2.86445428	0.8433
2.87359042	0.8034
2.88566475	0.7896
2.89986543	0.8078
2.91944955	0.8558
2.93965893	0.916
2.97028417	0.9807
2.99229134	1.0268
3.00674182	1.0452
3.01316496	1.05
3.01050903	1.0439
3.00377956	1.0238
2.99469221	0.9914
3.00271958	0.9257
3.00597167	0.7597
3.01855978	0.6618
3.04228273	0.878
3.06080186	0.9872
3.08298397	0.9849
3.10584623	0.9814
3.10781571	0.9705
3.09578576	0.9551
3.06628966	0.9141
3.01653037	0.8228
2.96970851	0.7882
2.93807811	0.8169
2.92308524	0.8539
2.92288796	0.8595
2.94133289	0.8636
2.96395282	0.8775
2.99288192	0.9034
3.00252195	0.9037
3.00056648	0.7986
3.05283498	0.551
3.02782232	0.7746
3.01544917	0.804
3.01862272	0.527
2.97863006	0.901
2.98699402	0.9586
3.00415047	0.969
3.02456158	0.9905
3.04052523	1.0237
3.03930543	1.0617
3.01596827	1.0361
2.97198696	0.9327
2.91597144	1.0162
2.85882369	0.976
2.80647303	0.9078
2.78476031	0.8494
2.78537247	0.8125
2.80817315	0.8041
2.84059218	0.8315
2.87332172	0.8706
2.91906449	0.9303
2.96296897	0.9889
2.99903125	1.0388
3.01201508	1.0406
2.99487827	1.0115
2.9645016	0.9737
2.93072441	0.9278
2.90723002	0.8932
2.88675498	0.8747
2.88835217	0.8906
2.89954895	0.9173
2.92875259	0.9592
2.95720593	1.0026
2.96307233	1.027
2.95306724	1.0252
2.93211107	1.0113
2.90817611	0.9953
2.88567691	0.9835
2.87409592	0.9886
2.86967625	0.9834
2.86721192	0.9482
2.87084907	0.9009
2.87850186	0.8707
2.91036864	0.8888
2.96024877	0.9135
3.02832579	0.9584
3.09898113	1.0189
3.15797376	1.0805
3.19386575	1.0971
3.1915447	0.7016
3.19489823	0.98
3.15796363	0.965
3.11888285	0.6464
3.06468735	0.9086
3.04141253	0.8895
3.0231694	0.8734
3.00730582	0.8786
3.00528549	0.9016
3.01188641	0.9319
3.02773708	0.9622
3.04471176	0.9753
3.06465238	0.9768
3.06796596	0.9474
3.05958069	0.9096
3.03053471	0.8791
2.99577674	0.8736
2.94760452	0.8822
2.90713031	0.9016
2.88394635	0.9279
2.88479875	0.9506
2.9305807	0.984
2.98707846	1.0144
3.04932583	1.0374
3.0900175	1.0443
3.09395223	1.029
3.05956034	0.9939
2.98225088	0.9365
2.89298056	0.8789
2.80884254	0.8379
2.76914926	0.8358
2.7667471	0.8496
2.80732092	0.8816
2.86790783	0.9057
2.9270561	0.9179
2.98832353	0.9273
3.02755773	0.9273
3.05359128	0.9293
3.06104905	0.9253
3.05984523	0.8426
3.06740733	0.7622
3.08420654	0.9394
3.09503155	1.013
3.08275544	1.0209
3.05326045	1.0032
3.00830882	0.9702
2.96792042	0.9529
2.93089107	0.9453
2.9105636	0.9535
2.89706117	0.9567
2.90802503	0.9667
2.9287858	0.9679
2.95812144	0.9611
2.98701261	0.9491
3.01141331	0.9337
3.03197889	0.9283
3.04095989	0.9339
3.04056494	0.9478
3.02452883	0.9547
3.00177804	0.9573
2.98496042	0.9492
2.98143887	0.941
2.99774328	0.9306
3.03138946	0.9142
3.06241848	0.7691
3.12499724	0.7283
3.13376137	0.8997
3.11992111	0.8936
3.10466496	0.5655
3.01367355	0.876
2.95968889	0.9097
2.92075755	0.8884
2.9053789	0.8662
2.93465602	0.8679
2.99044639	0.8861
3.05904691	0.8994
3.10894274	0.7445
3.16498123	0.9562
3.16814301	1.0976
3.14457724	1.1065
3.10832313	1.0399
3.05884025	0.9009
3.04028895	1.002
3.033884	0.9832
3.04657379	0.9916
3.07015706	1.0319
3.08152761	1.0769
3.0706537	1.1119
3.04543044	1.1289
3.01954813	1.1313
2.9888348	1.112
2.96821332	1.0651
2.95495343	0.9772
2.97760939	0.6981
2.95266177	0.5878
2.99831623	0.7548
3.03588253	0.8466
3.06366899	0.9142
3.06749575	0.9501
3.05695589	0.9645
3.03788979	0.9746
3.01682434	0.976
2.99366225	0.9626
2.981335	0.9382
2.98418217	0.8947
3.00085669	0.8566
3.03103962	0.9014
3.05905694	0.9546
3.0896899	0.9918
3.10728762	1.0145
3.11876103	1.0316
3.10878742	1.0217
3.09313335	1.0005
3.07403704	0.9719
3.05030112	0.925
3.03848907	0.5214
3.0271683	0.8978
3.02455704	0.9263
3.01867051	0.8921
3.02010206	0.9556
3.01794878	0.9318
3.02750488	0.9215
3.03956949	0.9279
3.06120915	0.9545
3.07327797	0.988
3.09200229	1.0253
3.10932895	1.0575
3.11590884	1.0683
3.11594028	1.0631
3.10581925	1.042
3.10437198	0.651
3.10241713	0.9979
3.11438993	1.0171
3.12742303	1.0322
3.15012915	1.0487
3.16985013	1.0566
3.17373448	1.0365
3.15352866	1.0031
3.10884753	0.9689
3.06725827	0.9393
3.03045453	0.9106
3.00294047	0.8862
2.98261653	0.8746
2.9611472	0.8626
2.9502537	0.8739
2.94314276	0.8821
2.94619989	0.8966
2.9518403	0.905
2.98777178	0.9285
3.04125432	0.9702
3.10071606	1.026
3.140699	1.0636
3.14299629	1.0632
3.1077603	1.0115
3.05131974	0.627
2.99932859	0.6026
2.96993583	0.8534
2.9761089	0.9666
2.9963392	1.0267
3.02982762	1.0842
3.06371687	1.1377
3.07863711	1.1566
3.08415622	1.1483
3.08580545	1.1211
3.06028189	1.0572
3.03330455	0.9979
3.0133255	0.9573
2.99955377	0.9365
3.00090741	0.94
3.01096621	0.9628
3.02922913	0.9977
3.04946564	1.0251
3.06212747	1.0193
3.06094126	0.8275
3.05504016	0.7937
3.04453021	0.9115
3.04429088	0.9813
3.0408113	1.017
3.04171751	1.0339
3.0314143	1.0299
3.01886301	0.9985
3.0237875	0.6733
3.01438452	1.0428
3.02211775	1.0515
3.03713628	1.0258
3.02996781	0.6679
3.05721761	1.0509
3.06386531	1.076
3.05423278	1.0585
3.03302291	1.0277
3.03356722	1.007
3.03731811	0.7791
3.07137175	0.948
3.08911618	0.9961
3.11238776	1.0077
3.14254698	0.868
3.11326207	0.8453
3.09798682	1.0377
3.07016606	1.071
3.02890727	1.0332
3.01629204	0.9305
3.03219015	1.0308
3.06801404	1.0453
3.11321521	1.0571
3.14357602	1.0249
3.1494526	0.9115
3.1304997	0.6692
3.02731414	0.6972
2.9396296	0.7293
2.8635172	0.7698
2.81062705	0.7791
2.79037537	0.8091
2.80817482	0.8702
2.85442791	0.9399
2.90232898	0.9891
2.94490539	1.022
2.96360794	1.0156
2.95524657	0.9473
2.94102661	0.82
2.93100462	0.77
2.93191766	0.9582
2.93589385	0.9971
2.94141111	1.0092
2.9494205	1.0251
2.9689498	1.0402
2.97252895	1.0362
2.98454195	1.0275
2.98851415	0.9823
3.00537635	0.903
3.03628897	0.9075
3.06675383	0.9838
3.09672693	1.0415
3.10606227	1.0376
3.10916764	1.0164
3.09731796	0.984
3.08343753	0.966
3.07668907	0.9641
3.07043525	0.9756
3.05602603	0.9877
3.02847612	1.007
2.99859068	1.0326
2.96455733	1.0475
2.94426208	1.0531
2.93716361	1.0476
2.94616889	1.024
2.97432828	0.9599
3.00732976	0.8745
3.02627795	0.8584
3.02845436	0.8693
3.00207361	0.8593
2.97149556	0.8609
2.94370917	0.8516
2.92511391	0.852
2.92254783	0.8378
2.94155369	0.863
2.97406827	0.9057
3.01355327	0.9339
3.03094161	0.9242
3.04167431	0.9132
3.04049627	0.9195
3.01955823	0.9215
3.00124557	0.8933
2.98448844	0.8771
2.972395	0.9712
2.96033318	0.9736
2.95213368	0.9472
2.94914999	0.9047
2.95886123	0.8679
2.97165774	0.8502
2.99396887	0.7701
3.02765492	0.8531
3.03646448	0.9811
3.04128315	1.0045
3.03628931	0.5148
3.01024694	1.0032
2.99265457	0.9682
2.99031423	0.948
2.99395806	0.9418
2.99731212	0.9494
2.99646325	0.9251
2.97707536	0.8932
2.96422332	0.9472
2.96486902	0.9734
2.97658422	0.9572
3.0071411	0.9431
3.04020089	0.9309
3.07619139	0.938
3.08450916	0.9514
3.08046746	0.9564
3.06487346	0.9606
3.05725825	1.0035
3.05303471	1.029
3.03759564	0.9958
3.01643169	0.9402
3.00518388	0.8962
3.00461787	0.8827
3.00588277	0.8833
3.03515688	0.5424
3.04786623	0.903
3.07184435	0.5394
3.11267866	1.0727
3.13002236	1.0484
3.12752083	0.9872
3.11024523	0.9133
